#1788341
#MyToken_contract
#148
#Driver.STATE
#0.5
#0.1
call_count, calls_rejected, percent_rejected, lines_covered, percent_covered, unique_paths, unique_transitions 
0, 0, 0.00, 0, 0.00, 0, 0
1, 0, 0.00, 72, 48.65, 1, 1
2, 0, 0.00, 72, 48.65, 1, 1
3, 0, 0.00, 72, 48.65, 1, 1
4, 1, 25.00, 72, 48.65, 1, 1
5, 2, 40.00, 72, 48.65, 1, 1
6, 3, 50.00, 72, 48.65, 1, 1
7, 4, 57.14, 72, 48.65, 1, 1
8, 4, 50.00, 72, 48.65, 1, 1
9, 5, 55.56, 72, 48.65, 1, 1
10, 6, 60.00, 72, 48.65, 1, 1
11, 7, 63.64, 72, 48.65, 1, 1
12, 8, 66.67, 72, 48.65, 1, 1
13, 9, 69.23, 72, 48.65, 1, 1
14, 10, 71.43, 72, 48.65, 1, 1
15, 10, 66.67, 72, 48.65, 1, 1
16, 11, 68.75, 72, 48.65, 1, 1
17, 12, 70.59, 72, 48.65, 1, 1
18, 12, 66.67, 72, 48.65, 1, 1
19, 13, 68.42, 72, 48.65, 1, 1
20, 14, 70.00, 72, 48.65, 1, 1
21, 15, 71.43, 72, 48.65, 1, 1
22, 15, 68.18, 72, 48.65, 1, 1
23, 16, 69.57, 72, 48.65, 1, 1
24, 17, 70.83, 72, 48.65, 1, 1
25, 18, 72.00, 72, 48.65, 1, 1
26, 19, 73.08, 72, 48.65, 1, 1
27, 20, 74.07, 72, 48.65, 1, 1
28, 21, 75.00, 72, 48.65, 1, 1
29, 21, 72.41, 72, 48.65, 1, 1
30, 21, 70.00, 72, 48.65, 1, 1
31, 22, 70.97, 72, 48.65, 1, 1
32, 22, 68.75, 72, 48.65, 1, 1
33, 23, 69.70, 72, 48.65, 1, 1
34, 24, 70.59, 72, 48.65, 1, 1
35, 24, 68.57, 72, 48.65, 1, 1
36, 25, 69.44, 72, 48.65, 1, 1
37, 26, 70.27, 72, 48.65, 1, 1
38, 27, 71.05, 72, 48.65, 1, 1
39, 28, 71.79, 72, 48.65, 1, 1
40, 29, 72.50, 72, 48.65, 1, 1
41, 30, 73.17, 72, 48.65, 1, 1
42, 31, 73.81, 72, 48.65, 1, 1
43, 32, 74.42, 72, 48.65, 1, 1
44, 33, 75.00, 72, 48.65, 1, 1
45, 33, 73.33, 72, 48.65, 1, 1
46, 34, 73.91, 72, 48.65, 1, 1
47, 35, 74.47, 72, 48.65, 1, 1
48, 36, 75.00, 72, 48.65, 1, 1
49, 36, 73.47, 72, 48.65, 1, 1
50, 37, 74.00, 72, 48.65, 1, 1
51, 38, 74.51, 72, 48.65, 1, 1
52, 39, 75.00, 72, 48.65, 1, 1
53, 40, 75.47, 72, 48.65, 1, 1
54, 41, 75.93, 72, 48.65, 1, 1
55, 42, 76.36, 72, 48.65, 1, 1
56, 43, 76.79, 72, 48.65, 1, 1
57, 44, 77.19, 72, 48.65, 1, 1
58, 45, 77.59, 72, 48.65, 1, 1
59, 46, 77.97, 72, 48.65, 1, 1
60, 47, 78.33, 72, 48.65, 1, 1
61, 48, 78.69, 72, 48.65, 1, 1
62, 49, 79.03, 72, 48.65, 1, 1
63, 50, 79.37, 72, 48.65, 1, 1
64, 50, 78.12, 72, 48.65, 1, 1
65, 51, 78.46, 72, 48.65, 1, 1
66, 52, 78.79, 72, 48.65, 1, 1
67, 53, 79.10, 72, 48.65, 1, 1
68, 54, 79.41, 72, 48.65, 1, 1
69, 55, 79.71, 72, 48.65, 1, 1
70, 56, 80.00, 72, 48.65, 1, 1
71, 56, 78.87, 72, 48.65, 1, 1
72, 57, 79.17, 72, 48.65, 1, 1
73, 58, 79.45, 72, 48.65, 1, 1
74, 59, 79.73, 72, 48.65, 1, 1
75, 60, 80.00, 72, 48.65, 1, 1
76, 61, 80.26, 72, 48.65, 1, 1
77, 62, 80.52, 72, 48.65, 1, 1
78, 63, 80.77, 72, 48.65, 1, 1
79, 64, 81.01, 72, 48.65, 1, 1
80, 65, 81.25, 72, 48.65, 1, 1
81, 66, 81.48, 72, 48.65, 1, 1
82, 66, 80.49, 72, 48.65, 1, 2
83, 67, 80.72, 72, 48.65, 1, 2
84, 68, 80.95, 72, 48.65, 1, 2
85, 68, 80.00, 72, 48.65, 1, 3
86, 69, 80.23, 72, 48.65, 1, 3
87, 70, 80.46, 72, 48.65, 1, 3
88, 70, 79.55, 72, 48.65, 1, 4
89, 71, 79.78, 72, 48.65, 1, 4
90, 71, 78.89, 72, 48.65, 1, 5
91, 72, 79.12, 72, 48.65, 1, 5
92, 73, 79.35, 72, 48.65, 1, 5
93, 74, 79.57, 72, 48.65, 1, 5
94, 75, 79.79, 72, 48.65, 1, 5
95, 76, 80.00, 72, 48.65, 1, 5
96, 77, 80.21, 72, 48.65, 1, 5
97, 78, 80.41, 72, 48.65, 1, 5
98, 78, 79.59, 72, 48.65, 1, 5
99, 79, 79.80, 72, 48.65, 1, 5
100, 79, 79.00, 72, 48.65, 1, 5
101, 80, 79.21, 72, 48.65, 1, 5
102, 81, 79.41, 72, 48.65, 1, 5
103, 82, 79.61, 72, 48.65, 1, 5
104, 83, 79.81, 72, 48.65, 1, 5
105, 84, 80.00, 72, 48.65, 1, 5
106, 84, 79.25, 72, 48.65, 1, 5
107, 84, 78.50, 72, 48.65, 1, 5
108, 85, 78.70, 72, 48.65, 1, 5
109, 86, 78.90, 72, 48.65, 1, 5
110, 87, 79.09, 72, 48.65, 1, 5
111, 87, 78.38, 72, 48.65, 1, 5
112, 88, 78.57, 72, 48.65, 1, 5
113, 88, 77.88, 72, 48.65, 1, 5
114, 89, 78.07, 72, 48.65, 1, 5
115, 90, 78.26, 72, 48.65, 1, 5
116, 91, 78.45, 72, 48.65, 1, 5
117, 92, 78.63, 72, 48.65, 1, 5
118, 92, 77.97, 72, 48.65, 1, 6
119, 93, 78.15, 72, 48.65, 1, 6
120, 94, 78.33, 72, 48.65, 1, 6
121, 94, 77.69, 72, 48.65, 1, 7
122, 95, 77.87, 72, 48.65, 1, 7
123, 95, 77.24, 72, 48.65, 1, 7
124, 96, 77.42, 72, 48.65, 1, 7
125, 97, 77.60, 72, 48.65, 1, 7
126, 98, 77.78, 72, 48.65, 1, 7
127, 99, 77.95, 72, 48.65, 1, 7
128, 100, 78.12, 72, 48.65, 1, 7
129, 101, 78.29, 72, 48.65, 1, 7
130, 101, 77.69, 72, 48.65, 1, 7
131, 102, 77.86, 72, 48.65, 1, 7
132, 103, 78.03, 72, 48.65, 1, 7
133, 103, 77.44, 72, 48.65, 1, 7
134, 103, 76.87, 72, 48.65, 1, 7
135, 104, 77.04, 72, 48.65, 1, 7
136, 105, 77.21, 72, 48.65, 1, 7
137, 106, 77.37, 72, 48.65, 1, 7
138, 106, 76.81, 72, 48.65, 1, 7
139, 106, 76.26, 72, 48.65, 1, 7
140, 106, 75.71, 72, 48.65, 1, 7
141, 107, 75.89, 72, 48.65, 1, 7
142, 107, 75.35, 72, 48.65, 1, 7
143, 108, 75.52, 72, 48.65, 1, 7
144, 109, 75.69, 72, 48.65, 1, 7
145, 110, 75.86, 72, 48.65, 1, 7
146, 111, 76.03, 72, 48.65, 1, 7
147, 112, 76.19, 72, 48.65, 1, 7
148, 113, 76.35, 72, 48.65, 1, 7
149, 114, 76.51, 72, 48.65, 1, 7
150, 115, 76.67, 72, 48.65, 1, 7
151, 116, 76.82, 72, 48.65, 1, 7
152, 117, 76.97, 72, 48.65, 1, 7
153, 118, 77.12, 72, 48.65, 1, 7
154, 119, 77.27, 72, 48.65, 1, 7
155, 120, 77.42, 72, 48.65, 1, 7
156, 121, 77.56, 72, 48.65, 1, 7
157, 121, 77.07, 72, 48.65, 1, 7
158, 122, 77.22, 72, 48.65, 1, 7
159, 123, 77.36, 72, 48.65, 1, 7
160, 124, 77.50, 72, 48.65, 1, 7
161, 125, 77.64, 72, 48.65, 1, 7
162, 126, 77.78, 72, 48.65, 1, 7
163, 127, 77.91, 72, 48.65, 1, 7
164, 128, 78.05, 72, 48.65, 1, 7
165, 129, 78.18, 72, 48.65, 1, 7
166, 130, 78.31, 72, 48.65, 1, 7
167, 131, 78.44, 72, 48.65, 1, 7
168, 132, 78.57, 72, 48.65, 1, 7
169, 132, 78.11, 72, 48.65, 1, 8
170, 132, 77.65, 72, 48.65, 1, 9
171, 133, 77.78, 72, 48.65, 1, 9
172, 133, 77.33, 72, 48.65, 1, 9
173, 134, 77.46, 72, 48.65, 1, 9
174, 135, 77.59, 72, 48.65, 1, 9
175, 135, 77.14, 72, 48.65, 1, 9
176, 136, 77.27, 72, 48.65, 1, 9
177, 136, 76.84, 72, 48.65, 1, 10
178, 137, 76.97, 72, 48.65, 1, 10
179, 138, 77.09, 72, 48.65, 1, 10
180, 139, 77.22, 72, 48.65, 1, 10
181, 139, 76.80, 72, 48.65, 1, 11
182, 140, 76.92, 72, 48.65, 1, 11
183, 140, 76.50, 72, 48.65, 1, 12
184, 140, 76.09, 72, 48.65, 1, 12
185, 141, 76.22, 72, 48.65, 1, 12
186, 142, 76.34, 72, 48.65, 1, 12
187, 142, 75.94, 72, 48.65, 1, 12
188, 143, 76.06, 72, 48.65, 1, 12
189, 144, 76.19, 72, 48.65, 1, 12
190, 145, 76.32, 72, 48.65, 1, 12
191, 146, 76.44, 72, 48.65, 1, 12
192, 146, 76.04, 72, 48.65, 1, 13
193, 147, 76.17, 72, 48.65, 1, 13
194, 148, 76.29, 72, 48.65, 1, 13
195, 149, 76.41, 72, 48.65, 1, 13
196, 150, 76.53, 72, 48.65, 1, 13
197, 151, 76.65, 72, 48.65, 1, 13
198, 152, 76.77, 72, 48.65, 1, 13
199, 153, 76.88, 72, 48.65, 1, 13
200, 154, 77.00, 72, 48.65, 1, 13
201, 155, 77.11, 72, 48.65, 1, 13
202, 156, 77.23, 72, 48.65, 1, 13
203, 157, 77.34, 72, 48.65, 1, 13
204, 158, 77.45, 72, 48.65, 1, 13
205, 158, 77.07, 72, 48.65, 1, 14
206, 159, 77.18, 72, 48.65, 1, 14
207, 160, 77.29, 72, 48.65, 1, 14
208, 161, 77.40, 72, 48.65, 1, 14
209, 161, 77.03, 72, 48.65, 1, 15
210, 162, 77.14, 72, 48.65, 1, 15
211, 163, 77.25, 72, 48.65, 1, 15
212, 164, 77.36, 72, 48.65, 1, 15
213, 165, 77.46, 72, 48.65, 1, 15
214, 165, 77.10, 72, 48.65, 1, 16
215, 166, 77.21, 72, 48.65, 1, 16
216, 167, 77.31, 72, 48.65, 1, 16
217, 168, 77.42, 72, 48.65, 1, 16
218, 168, 77.06, 72, 48.65, 1, 16
219, 169, 77.17, 72, 48.65, 1, 16
220, 170, 77.27, 72, 48.65, 1, 16
221, 170, 76.92, 72, 48.65, 1, 16
222, 170, 76.58, 72, 48.65, 1, 16
223, 171, 76.68, 72, 48.65, 1, 16
224, 172, 76.79, 72, 48.65, 1, 16
225, 173, 76.89, 72, 48.65, 1, 16
226, 173, 76.55, 72, 48.65, 1, 17
227, 173, 76.21, 72, 48.65, 1, 18
228, 174, 76.32, 72, 48.65, 1, 18
229, 175, 76.42, 72, 48.65, 1, 18
230, 176, 76.52, 72, 48.65, 1, 18
231, 177, 76.62, 72, 48.65, 1, 18
232, 178, 76.72, 72, 48.65, 1, 18
233, 178, 76.39, 72, 48.65, 1, 19
234, 178, 76.07, 72, 48.65, 1, 20
235, 178, 75.74, 72, 48.65, 1, 21
236, 179, 75.85, 72, 48.65, 1, 21
237, 179, 75.53, 72, 48.65, 1, 22
238, 180, 75.63, 72, 48.65, 1, 22
239, 181, 75.73, 72, 48.65, 1, 22
240, 182, 75.83, 72, 48.65, 1, 22
241, 183, 75.93, 72, 48.65, 1, 22
242, 184, 76.03, 72, 48.65, 1, 22
243, 185, 76.13, 72, 48.65, 1, 22
244, 185, 75.82, 72, 48.65, 1, 23
245, 185, 75.51, 72, 48.65, 1, 23
246, 186, 75.61, 72, 48.65, 1, 23
247, 187, 75.71, 72, 48.65, 1, 23
248, 187, 75.40, 72, 48.65, 1, 24
249, 188, 75.50, 72, 48.65, 1, 24
250, 188, 75.20, 72, 48.65, 1, 25
251, 189, 75.30, 72, 48.65, 1, 25
252, 189, 75.00, 72, 48.65, 1, 26
253, 189, 74.70, 72, 48.65, 1, 27
254, 190, 74.80, 72, 48.65, 1, 27
255, 191, 74.90, 72, 48.65, 1, 27
256, 192, 75.00, 72, 48.65, 1, 27
257, 193, 75.10, 72, 48.65, 1, 27
258, 194, 75.19, 72, 48.65, 1, 27
259, 195, 75.29, 72, 48.65, 1, 27
260, 195, 75.00, 72, 48.65, 1, 28
261, 195, 74.71, 72, 48.65, 1, 29
262, 195, 74.43, 72, 48.65, 1, 30
263, 196, 74.52, 72, 48.65, 1, 30
264, 197, 74.62, 72, 48.65, 1, 30
265, 197, 74.34, 72, 48.65, 1, 31
266, 197, 74.06, 72, 48.65, 1, 32
267, 198, 74.16, 72, 48.65, 1, 32
268, 199, 74.25, 72, 48.65, 1, 32
269, 199, 73.98, 72, 48.65, 1, 33
270, 200, 74.07, 72, 48.65, 1, 33
271, 201, 74.17, 72, 48.65, 1, 33
272, 201, 73.90, 72, 48.65, 1, 33
273, 201, 73.63, 72, 48.65, 1, 34
274, 202, 73.72, 72, 48.65, 1, 34
275, 203, 73.82, 72, 48.65, 1, 34
276, 204, 73.91, 72, 48.65, 1, 34
277, 205, 74.01, 72, 48.65, 1, 34
278, 206, 74.10, 72, 48.65, 1, 34
279, 207, 74.19, 72, 48.65, 1, 34
280, 208, 74.29, 72, 48.65, 1, 34
281, 209, 74.38, 72, 48.65, 1, 34
282, 209, 74.11, 72, 48.65, 1, 35
283, 210, 74.20, 72, 48.65, 1, 35
284, 211, 74.30, 72, 48.65, 1, 35
285, 211, 74.04, 72, 48.65, 1, 36
286, 212, 74.13, 72, 48.65, 1, 36
287, 212, 73.87, 72, 48.65, 1, 37
288, 212, 73.61, 72, 48.65, 1, 38
289, 213, 73.70, 72, 48.65, 1, 38
290, 213, 73.45, 72, 48.65, 1, 39
291, 214, 73.54, 72, 48.65, 1, 39
292, 214, 73.29, 72, 48.65, 1, 39
293, 215, 73.38, 72, 48.65, 1, 39
294, 216, 73.47, 72, 48.65, 1, 39
295, 217, 73.56, 72, 48.65, 1, 39
296, 218, 73.65, 72, 48.65, 1, 39
297, 218, 73.40, 72, 48.65, 1, 39
298, 219, 73.49, 72, 48.65, 1, 39
299, 220, 73.58, 72, 48.65, 1, 39
300, 221, 73.67, 72, 48.65, 1, 39
301, 222, 73.75, 72, 48.65, 1, 39
302, 223, 73.84, 72, 48.65, 1, 39
303, 224, 73.93, 72, 48.65, 1, 39
304, 225, 74.01, 72, 48.65, 1, 39
305, 226, 74.10, 72, 48.65, 1, 39
306, 227, 74.18, 72, 48.65, 1, 39
307, 227, 73.94, 72, 48.65, 1, 40
308, 228, 74.03, 72, 48.65, 1, 40
309, 228, 73.79, 72, 48.65, 1, 41
310, 228, 73.55, 72, 48.65, 1, 42
311, 228, 73.31, 72, 48.65, 1, 43
312, 229, 73.40, 72, 48.65, 1, 43
313, 230, 73.48, 72, 48.65, 1, 43
314, 231, 73.57, 72, 48.65, 1, 43
315, 231, 73.33, 72, 48.65, 1, 44
316, 232, 73.42, 72, 48.65, 1, 44
317, 233, 73.50, 72, 48.65, 1, 44
318, 234, 73.58, 72, 48.65, 1, 44
319, 235, 73.67, 72, 48.65, 1, 44
320, 236, 73.75, 72, 48.65, 1, 44
321, 237, 73.83, 72, 48.65, 1, 44
322, 238, 73.91, 72, 48.65, 1, 44
323, 238, 73.68, 72, 48.65, 1, 45
324, 239, 73.77, 72, 48.65, 1, 45
325, 239, 73.54, 72, 48.65, 1, 46
326, 240, 73.62, 72, 48.65, 1, 46
327, 241, 73.70, 72, 48.65, 1, 46
328, 242, 73.78, 72, 48.65, 1, 46
329, 243, 73.86, 72, 48.65, 1, 46
330, 244, 73.94, 72, 48.65, 1, 46
331, 244, 73.72, 72, 48.65, 1, 46
332, 245, 73.80, 72, 48.65, 1, 46
333, 246, 73.87, 72, 48.65, 1, 46
334, 246, 73.65, 72, 48.65, 1, 46
335, 247, 73.73, 72, 48.65, 1, 46
336, 248, 73.81, 72, 48.65, 1, 46
337, 248, 73.59, 72, 48.65, 1, 47
338, 249, 73.67, 72, 48.65, 1, 47
339, 249, 73.45, 72, 48.65, 1, 48
340, 249, 73.24, 72, 48.65, 1, 49
341, 249, 73.02, 72, 48.65, 1, 50
342, 249, 72.81, 72, 48.65, 1, 51
343, 250, 72.89, 72, 48.65, 1, 51
344, 251, 72.97, 72, 48.65, 1, 51
345, 251, 72.75, 72, 48.65, 1, 52
346, 252, 72.83, 72, 48.65, 1, 52
347, 253, 72.91, 72, 48.65, 1, 52
348, 253, 72.70, 72, 48.65, 1, 52
349, 253, 72.49, 72, 48.65, 1, 53
350, 254, 72.57, 72, 48.65, 1, 53
351, 255, 72.65, 72, 48.65, 1, 53
352, 256, 72.73, 72, 48.65, 1, 53
353, 257, 72.80, 72, 48.65, 1, 53
354, 258, 72.88, 72, 48.65, 1, 53
355, 259, 72.96, 72, 48.65, 1, 53
356, 260, 73.03, 72, 48.65, 1, 53
357, 260, 72.83, 72, 48.65, 1, 54
358, 261, 72.91, 72, 48.65, 1, 54
359, 262, 72.98, 72, 48.65, 1, 54
360, 262, 72.78, 72, 48.65, 1, 55
361, 262, 72.58, 72, 48.65, 1, 56
362, 263, 72.65, 72, 48.65, 1, 56
363, 264, 72.73, 72, 48.65, 1, 56
364, 265, 72.80, 72, 48.65, 1, 56
365, 265, 72.60, 72, 48.65, 1, 57
366, 266, 72.68, 72, 48.65, 1, 57
367, 266, 72.48, 72, 48.65, 1, 58
368, 266, 72.28, 72, 48.65, 1, 59
369, 267, 72.36, 72, 48.65, 1, 59
370, 268, 72.43, 72, 48.65, 1, 59
371, 269, 72.51, 72, 48.65, 1, 59
372, 270, 72.58, 72, 48.65, 1, 59
373, 271, 72.65, 72, 48.65, 1, 59
374, 271, 72.46, 72, 48.65, 1, 59
375, 272, 72.53, 72, 48.65, 1, 59
376, 273, 72.61, 72, 48.65, 1, 59
377, 274, 72.68, 72, 48.65, 1, 59
378, 275, 72.75, 72, 48.65, 1, 59
379, 276, 72.82, 72, 48.65, 1, 59
380, 277, 72.89, 72, 48.65, 1, 59
381, 277, 72.70, 72, 48.65, 1, 59
382, 277, 72.51, 72, 48.65, 1, 59
383, 277, 72.32, 72, 48.65, 1, 60
384, 278, 72.40, 72, 48.65, 1, 60
385, 279, 72.47, 72, 48.65, 1, 60
386, 280, 72.54, 72, 48.65, 1, 60
387, 281, 72.61, 72, 48.65, 1, 60
388, 281, 72.42, 72, 48.65, 1, 61
389, 282, 72.49, 72, 48.65, 1, 61
390, 283, 72.56, 72, 48.65, 1, 61
391, 283, 72.38, 72, 48.65, 1, 62
392, 284, 72.45, 72, 48.65, 1, 62
393, 285, 72.52, 72, 48.65, 1, 62
394, 285, 72.34, 72, 48.65, 1, 63
395, 285, 72.15, 72, 48.65, 1, 64
396, 286, 72.22, 72, 48.65, 1, 64
397, 287, 72.29, 72, 48.65, 1, 64
398, 288, 72.36, 72, 48.65, 1, 64
399, 289, 72.43, 72, 48.65, 1, 64
400, 289, 72.25, 72, 48.65, 1, 65
401, 290, 72.32, 72, 48.65, 1, 65
402, 291, 72.39, 72, 48.65, 1, 65
403, 292, 72.46, 72, 48.65, 1, 65
404, 292, 72.28, 72, 48.65, 1, 65
405, 293, 72.35, 72, 48.65, 1, 65
406, 294, 72.41, 72, 48.65, 1, 65
407, 294, 72.24, 72, 48.65, 1, 66
408, 294, 72.06, 72, 48.65, 1, 67
409, 294, 71.88, 72, 48.65, 1, 68
410, 295, 71.95, 72, 48.65, 1, 68
411, 296, 72.02, 72, 48.65, 1, 68
412, 297, 72.09, 72, 48.65, 1, 68
413, 298, 72.15, 72, 48.65, 1, 68
414, 299, 72.22, 72, 48.65, 1, 68
415, 300, 72.29, 72, 48.65, 1, 68
416, 301, 72.36, 72, 48.65, 1, 68
417, 302, 72.42, 72, 48.65, 1, 68
418, 302, 72.25, 72, 48.65, 1, 69
419, 303, 72.32, 72, 48.65, 1, 69
420, 304, 72.38, 72, 48.65, 1, 69
421, 305, 72.45, 72, 48.65, 1, 69
422, 306, 72.51, 72, 48.65, 1, 69
423, 307, 72.58, 72, 48.65, 1, 69
424, 308, 72.64, 72, 48.65, 1, 69
425, 308, 72.47, 72, 48.65, 1, 70
426, 308, 72.30, 72, 48.65, 1, 71
427, 309, 72.37, 72, 48.65, 1, 71
428, 310, 72.43, 72, 48.65, 1, 71
429, 311, 72.49, 72, 48.65, 1, 71
430, 311, 72.33, 72, 48.65, 1, 72
431, 311, 72.16, 72, 48.65, 1, 73
432, 312, 72.22, 72, 48.65, 1, 73
433, 313, 72.29, 72, 48.65, 1, 73
434, 314, 72.35, 72, 48.65, 1, 73
435, 314, 72.18, 72, 48.65, 1, 74
436, 315, 72.25, 72, 48.65, 1, 74
437, 315, 72.08, 72, 48.65, 1, 74
438, 315, 71.92, 72, 48.65, 1, 75
439, 315, 71.75, 72, 48.65, 1, 76
440, 316, 71.82, 72, 48.65, 1, 76
441, 317, 71.88, 72, 48.65, 1, 76
442, 318, 71.95, 72, 48.65, 1, 76
443, 319, 72.01, 72, 48.65, 1, 76
444, 320, 72.07, 72, 48.65, 1, 76
445, 321, 72.13, 72, 48.65, 1, 76
446, 322, 72.20, 72, 48.65, 1, 76
447, 323, 72.26, 72, 48.65, 1, 76
448, 324, 72.32, 72, 48.65, 1, 76
449, 324, 72.16, 72, 48.65, 1, 77
450, 325, 72.22, 72, 48.65, 1, 77
451, 326, 72.28, 72, 48.65, 1, 77
452, 327, 72.35, 72, 48.65, 1, 77
453, 328, 72.41, 72, 48.65, 1, 77
454, 329, 72.47, 72, 48.65, 1, 77
455, 329, 72.31, 72, 48.65, 1, 78
456, 330, 72.37, 72, 48.65, 1, 78
457, 331, 72.43, 72, 48.65, 1, 78
458, 332, 72.49, 72, 48.65, 1, 78
459, 333, 72.55, 72, 48.65, 1, 78
460, 333, 72.39, 72, 48.65, 1, 79
461, 334, 72.45, 72, 48.65, 1, 79
462, 335, 72.51, 72, 48.65, 1, 79
463, 336, 72.57, 72, 48.65, 1, 79
464, 337, 72.63, 72, 48.65, 1, 79
465, 337, 72.47, 72, 48.65, 1, 80
466, 338, 72.53, 72, 48.65, 1, 80
467, 339, 72.59, 72, 48.65, 1, 80
468, 340, 72.65, 72, 48.65, 1, 80
469, 341, 72.71, 72, 48.65, 1, 80
470, 341, 72.55, 72, 48.65, 1, 81
471, 341, 72.40, 72, 48.65, 1, 82
472, 342, 72.46, 72, 48.65, 1, 82
473, 343, 72.52, 72, 48.65, 1, 82
474, 344, 72.57, 72, 48.65, 1, 82
475, 345, 72.63, 72, 48.65, 1, 82
476, 345, 72.48, 72, 48.65, 1, 83
477, 345, 72.33, 72, 48.65, 1, 84
478, 346, 72.38, 72, 48.65, 1, 84
479, 346, 72.23, 72, 48.65, 1, 85
480, 347, 72.29, 72, 48.65, 1, 85
481, 348, 72.35, 72, 48.65, 1, 85
482, 349, 72.41, 72, 48.65, 1, 85
483, 350, 72.46, 72, 48.65, 1, 85
484, 351, 72.52, 72, 48.65, 1, 85
485, 352, 72.58, 72, 48.65, 1, 85
486, 353, 72.63, 72, 48.65, 1, 85
487, 354, 72.69, 72, 48.65, 1, 85
488, 355, 72.75, 72, 48.65, 1, 85
489, 356, 72.80, 72, 48.65, 1, 85
490, 356, 72.65, 72, 48.65, 1, 86
491, 357, 72.71, 72, 48.65, 1, 86
492, 358, 72.76, 72, 48.65, 1, 86
493, 359, 72.82, 72, 48.65, 1, 86
494, 360, 72.87, 72, 48.65, 1, 86
495, 361, 72.93, 72, 48.65, 1, 86
496, 361, 72.78, 72, 48.65, 1, 87
497, 362, 72.84, 72, 48.65, 1, 87
498, 363, 72.89, 72, 48.65, 1, 87
499, 364, 72.95, 72, 48.65, 1, 87
500, 365, 73.00, 72, 48.65, 1, 87
501, 366, 73.05, 72, 48.65, 1, 87
502, 367, 73.11, 72, 48.65, 1, 87
503, 368, 73.16, 72, 48.65, 1, 87
504, 369, 73.21, 72, 48.65, 1, 87
505, 370, 73.27, 72, 48.65, 1, 87
506, 370, 73.12, 72, 48.65, 1, 88
507, 370, 72.98, 72, 48.65, 1, 89
508, 370, 72.83, 72, 48.65, 1, 90
509, 371, 72.89, 72, 48.65, 1, 90
510, 371, 72.75, 72, 48.65, 1, 91
511, 371, 72.60, 72, 48.65, 1, 92
512, 372, 72.66, 72, 48.65, 1, 92
513, 373, 72.71, 72, 48.65, 1, 92
514, 374, 72.76, 72, 48.65, 1, 92
515, 374, 72.62, 72, 48.65, 1, 93
516, 375, 72.67, 72, 48.65, 1, 93
517, 376, 72.73, 72, 48.65, 1, 93
518, 377, 72.78, 72, 48.65, 1, 93
519, 378, 72.83, 72, 48.65, 1, 93
520, 379, 72.88, 72, 48.65, 1, 93
521, 379, 72.74, 72, 48.65, 1, 94
522, 380, 72.80, 72, 48.65, 1, 94
523, 380, 72.66, 72, 48.65, 1, 95
524, 381, 72.71, 72, 48.65, 1, 95
525, 382, 72.76, 72, 48.65, 1, 95
526, 382, 72.62, 72, 48.65, 1, 96
527, 382, 72.49, 72, 48.65, 1, 97
528, 383, 72.54, 72, 48.65, 1, 97
529, 384, 72.59, 72, 48.65, 1, 97
530, 384, 72.45, 72, 48.65, 1, 98
531, 385, 72.50, 72, 48.65, 1, 98
532, 386, 72.56, 72, 48.65, 1, 98
533, 387, 72.61, 72, 48.65, 1, 98
534, 387, 72.47, 72, 48.65, 1, 99
535, 387, 72.34, 72, 48.65, 1, 99
536, 388, 72.39, 72, 48.65, 1, 99
537, 388, 72.25, 72, 48.65, 1, 100
538, 388, 72.12, 72, 48.65, 1, 101
539, 389, 72.17, 72, 48.65, 1, 101
540, 390, 72.22, 72, 48.65, 1, 101
541, 391, 72.27, 72, 48.65, 1, 101
542, 392, 72.32, 72, 48.65, 1, 101
543, 393, 72.38, 72, 48.65, 1, 101
544, 394, 72.43, 72, 48.65, 1, 101
545, 395, 72.48, 72, 48.65, 1, 101
546, 396, 72.53, 72, 48.65, 1, 101
547, 397, 72.58, 72, 48.65, 1, 101
548, 397, 72.45, 72, 48.65, 1, 102
549, 398, 72.50, 72, 48.65, 1, 102
550, 399, 72.55, 72, 48.65, 1, 102
551, 399, 72.41, 72, 48.65, 1, 103
552, 400, 72.46, 72, 48.65, 1, 103
553, 401, 72.51, 72, 48.65, 1, 103
554, 402, 72.56, 72, 48.65, 1, 103
555, 403, 72.61, 72, 48.65, 1, 103
556, 404, 72.66, 72, 48.65, 1, 103
557, 404, 72.53, 72, 48.65, 1, 104
558, 405, 72.58, 72, 48.65, 1, 104
559, 406, 72.63, 72, 48.65, 1, 104
560, 406, 72.50, 72, 48.65, 1, 105
561, 407, 72.55, 72, 48.65, 1, 105
562, 407, 72.42, 72, 48.65, 1, 105
563, 407, 72.29, 72, 48.65, 1, 105
564, 407, 72.16, 72, 48.65, 1, 105
565, 407, 72.04, 72, 48.65, 1, 106
566, 407, 71.91, 72, 48.65, 1, 107
567, 408, 71.96, 72, 48.65, 1, 107
568, 408, 71.83, 72, 48.65, 1, 108
569, 409, 71.88, 72, 48.65, 1, 108
570, 410, 71.93, 72, 48.65, 1, 108
571, 410, 71.80, 72, 48.65, 1, 108
572, 411, 71.85, 72, 48.65, 1, 108
573, 412, 71.90, 72, 48.65, 1, 108
574, 413, 71.95, 72, 48.65, 1, 108
575, 414, 72.00, 72, 48.65, 1, 108
576, 415, 72.05, 72, 48.65, 1, 108
577, 415, 71.92, 72, 48.65, 1, 109
578, 415, 71.80, 72, 48.65, 1, 110
579, 415, 71.68, 72, 48.65, 1, 111
580, 415, 71.55, 72, 48.65, 1, 112
581, 415, 71.43, 72, 48.65, 1, 112
582, 416, 71.48, 72, 48.65, 1, 112
583, 417, 71.53, 72, 48.65, 1, 112
584, 418, 71.58, 72, 48.65, 1, 112
585, 419, 71.62, 72, 48.65, 1, 112
586, 420, 71.67, 72, 48.65, 1, 112
587, 421, 71.72, 72, 48.65, 1, 112
588, 422, 71.77, 72, 48.65, 1, 112
589, 423, 71.82, 72, 48.65, 1, 112
590, 424, 71.86, 72, 48.65, 1, 112
591, 425, 71.91, 72, 48.65, 1, 112
592, 426, 71.96, 72, 48.65, 1, 112
593, 427, 72.01, 72, 48.65, 1, 112
594, 428, 72.05, 72, 48.65, 1, 112
595, 428, 71.93, 72, 48.65, 1, 113
596, 429, 71.98, 72, 48.65, 1, 113
597, 430, 72.03, 72, 48.65, 1, 113
598, 431, 72.07, 72, 48.65, 1, 113
599, 432, 72.12, 72, 48.65, 1, 113
600, 433, 72.17, 72, 48.65, 1, 113
601, 434, 72.21, 72, 48.65, 1, 113
602, 435, 72.26, 72, 48.65, 1, 113
603, 435, 72.14, 72, 48.65, 1, 114
604, 436, 72.19, 72, 48.65, 1, 114
605, 437, 72.23, 72, 48.65, 1, 114
606, 438, 72.28, 72, 48.65, 1, 114
607, 439, 72.32, 72, 48.65, 1, 114
608, 440, 72.37, 72, 48.65, 1, 114
609, 441, 72.41, 72, 48.65, 1, 114
610, 442, 72.46, 72, 48.65, 1, 114
611, 443, 72.50, 72, 48.65, 1, 114
612, 444, 72.55, 72, 48.65, 1, 114
613, 445, 72.59, 72, 48.65, 1, 114
614, 445, 72.48, 72, 48.65, 1, 115
615, 446, 72.52, 72, 48.65, 1, 115
616, 446, 72.40, 72, 48.65, 1, 116
617, 447, 72.45, 72, 48.65, 1, 116
618, 448, 72.49, 72, 48.65, 1, 116
619, 448, 72.37, 72, 48.65, 1, 117
620, 449, 72.42, 72, 48.65, 1, 117
621, 450, 72.46, 72, 48.65, 1, 117
622, 451, 72.51, 72, 48.65, 1, 117
623, 452, 72.55, 72, 48.65, 1, 117
624, 453, 72.60, 72, 48.65, 1, 117
625, 454, 72.64, 72, 48.65, 1, 117
626, 455, 72.68, 72, 48.65, 1, 117
627, 456, 72.73, 72, 48.65, 1, 117
628, 457, 72.77, 72, 48.65, 1, 117
629, 458, 72.81, 72, 48.65, 1, 117
630, 459, 72.86, 72, 48.65, 1, 117
631, 460, 72.90, 72, 48.65, 1, 117
632, 460, 72.78, 72, 48.65, 1, 118
633, 461, 72.83, 72, 48.65, 1, 118
634, 462, 72.87, 72, 48.65, 1, 118
635, 463, 72.91, 72, 48.65, 1, 118
636, 464, 72.96, 72, 48.65, 1, 118
637, 465, 73.00, 72, 48.65, 1, 118
638, 465, 72.88, 72, 48.65, 1, 118
639, 466, 72.93, 72, 48.65, 1, 118
640, 467, 72.97, 72, 48.65, 1, 118
641, 467, 72.85, 72, 48.65, 1, 119
642, 467, 72.74, 72, 48.65, 1, 120
643, 468, 72.78, 72, 48.65, 1, 120
644, 468, 72.67, 72, 48.65, 1, 121
645, 469, 72.71, 72, 48.65, 1, 121
646, 470, 72.76, 72, 48.65, 1, 121
647, 471, 72.80, 72, 48.65, 1, 121
648, 472, 72.84, 72, 48.65, 1, 121
649, 473, 72.88, 72, 48.65, 1, 121
650, 474, 72.92, 72, 48.65, 1, 121
651, 475, 72.96, 72, 48.65, 1, 121
652, 476, 73.01, 72, 48.65, 1, 121
653, 477, 73.05, 72, 48.65, 1, 121
654, 478, 73.09, 72, 48.65, 1, 121
655, 479, 73.13, 72, 48.65, 1, 121
656, 479, 73.02, 72, 48.65, 1, 122
657, 480, 73.06, 72, 48.65, 1, 122
658, 481, 73.10, 72, 48.65, 1, 122
659, 482, 73.14, 72, 48.65, 1, 122
660, 483, 73.18, 72, 48.65, 1, 122
661, 484, 73.22, 72, 48.65, 1, 122
662, 485, 73.26, 72, 48.65, 1, 122
663, 486, 73.30, 72, 48.65, 1, 122
664, 486, 73.19, 72, 48.65, 1, 123
665, 487, 73.23, 72, 48.65, 1, 123
666, 488, 73.27, 72, 48.65, 1, 123
667, 489, 73.31, 72, 48.65, 1, 123
668, 490, 73.35, 72, 48.65, 1, 123
669, 491, 73.39, 72, 48.65, 1, 123
670, 492, 73.43, 72, 48.65, 1, 123
671, 493, 73.47, 72, 48.65, 1, 123
672, 494, 73.51, 72, 48.65, 1, 123
673, 494, 73.40, 72, 48.65, 1, 124
674, 495, 73.44, 72, 48.65, 1, 124
675, 495, 73.33, 72, 48.65, 1, 125
676, 496, 73.37, 72, 48.65, 1, 125
677, 496, 73.26, 72, 48.65, 1, 126
678, 497, 73.30, 72, 48.65, 1, 126
679, 497, 73.20, 72, 48.65, 1, 127
680, 498, 73.24, 72, 48.65, 1, 127
681, 499, 73.27, 72, 48.65, 1, 127
682, 500, 73.31, 72, 48.65, 1, 127
683, 501, 73.35, 72, 48.65, 1, 127
684, 502, 73.39, 72, 48.65, 1, 127
685, 503, 73.43, 72, 48.65, 1, 127
686, 504, 73.47, 72, 48.65, 1, 127
687, 505, 73.51, 72, 48.65, 1, 127
688, 506, 73.55, 72, 48.65, 1, 127
689, 506, 73.44, 72, 48.65, 1, 128
690, 507, 73.48, 72, 48.65, 1, 128
691, 508, 73.52, 72, 48.65, 1, 128
692, 509, 73.55, 72, 48.65, 1, 128
693, 510, 73.59, 72, 48.65, 1, 128
694, 511, 73.63, 72, 48.65, 1, 128
695, 512, 73.67, 72, 48.65, 1, 128
696, 513, 73.71, 72, 48.65, 1, 128
697, 514, 73.74, 72, 48.65, 1, 128
698, 515, 73.78, 72, 48.65, 1, 128
699, 516, 73.82, 72, 48.65, 1, 128
700, 517, 73.86, 72, 48.65, 1, 128
701, 518, 73.89, 72, 48.65, 1, 128
702, 519, 73.93, 72, 48.65, 1, 128
703, 519, 73.83, 72, 48.65, 1, 129
704, 519, 73.72, 72, 48.65, 1, 130
705, 520, 73.76, 72, 48.65, 1, 130
706, 521, 73.80, 72, 48.65, 1, 130
707, 522, 73.83, 72, 48.65, 1, 130
708, 523, 73.87, 72, 48.65, 1, 130
709, 524, 73.91, 72, 48.65, 1, 130
710, 525, 73.94, 72, 48.65, 1, 130
711, 526, 73.98, 72, 48.65, 1, 130
712, 527, 74.02, 72, 48.65, 1, 130
713, 528, 74.05, 72, 48.65, 1, 130
714, 528, 73.95, 72, 48.65, 1, 130
715, 529, 73.99, 72, 48.65, 1, 130
716, 530, 74.02, 72, 48.65, 1, 130
717, 531, 74.06, 72, 48.65, 1, 130
718, 532, 74.09, 72, 48.65, 1, 130
719, 532, 73.99, 72, 48.65, 1, 130
720, 533, 74.03, 72, 48.65, 1, 130
721, 534, 74.06, 72, 48.65, 1, 130
722, 535, 74.10, 72, 48.65, 1, 130
723, 536, 74.14, 72, 48.65, 1, 130
724, 536, 74.03, 72, 48.65, 1, 130
725, 536, 73.93, 72, 48.65, 1, 130
726, 537, 73.97, 72, 48.65, 1, 130
727, 538, 74.00, 72, 48.65, 1, 130
728, 539, 74.04, 72, 48.65, 1, 130
729, 540, 74.07, 72, 48.65, 1, 130
730, 541, 74.11, 72, 48.65, 1, 130
731, 541, 74.01, 72, 48.65, 1, 130
732, 542, 74.04, 72, 48.65, 1, 130
733, 542, 73.94, 72, 48.65, 1, 131
734, 542, 73.84, 72, 48.65, 1, 132
735, 543, 73.88, 72, 48.65, 1, 132
736, 543, 73.78, 72, 48.65, 1, 133
737, 543, 73.68, 72, 48.65, 1, 134
738, 543, 73.58, 72, 48.65, 1, 135
739, 544, 73.61, 72, 48.65, 1, 135
740, 544, 73.51, 72, 48.65, 1, 136
741, 545, 73.55, 72, 48.65, 1, 136
742, 546, 73.58, 72, 48.65, 1, 136
743, 547, 73.62, 72, 48.65, 1, 136
744, 548, 73.66, 72, 48.65, 1, 136
745, 549, 73.69, 72, 48.65, 1, 136
746, 550, 73.73, 72, 48.65, 1, 136
747, 551, 73.76, 72, 48.65, 1, 136
748, 552, 73.80, 72, 48.65, 1, 136
749, 552, 73.70, 72, 48.65, 1, 137
750, 552, 73.60, 72, 48.65, 1, 138
751, 553, 73.64, 72, 48.65, 1, 138
752, 554, 73.67, 72, 48.65, 1, 138
753, 555, 73.71, 72, 48.65, 1, 138
754, 556, 73.74, 72, 48.65, 1, 138
755, 556, 73.64, 72, 48.65, 1, 139
756, 557, 73.68, 72, 48.65, 1, 139
757, 557, 73.58, 72, 48.65, 1, 140
758, 558, 73.61, 72, 48.65, 1, 140
759, 559, 73.65, 72, 48.65, 1, 140
760, 559, 73.55, 72, 48.65, 1, 141
761, 559, 73.46, 72, 48.65, 1, 142
762, 559, 73.36, 72, 48.65, 1, 143
763, 560, 73.39, 72, 48.65, 1, 143
764, 561, 73.43, 72, 48.65, 1, 143
765, 561, 73.33, 72, 48.65, 1, 144
766, 562, 73.37, 72, 48.65, 1, 144
767, 563, 73.40, 72, 48.65, 1, 144
768, 563, 73.31, 72, 48.65, 1, 145
769, 564, 73.34, 72, 48.65, 1, 145
770, 565, 73.38, 72, 48.65, 1, 145
771, 566, 73.41, 72, 48.65, 1, 145
772, 567, 73.45, 72, 48.65, 1, 145
773, 568, 73.48, 72, 48.65, 1, 145
774, 569, 73.51, 72, 48.65, 1, 145
775, 569, 73.42, 72, 48.65, 1, 146
776, 570, 73.45, 72, 48.65, 1, 146
777, 570, 73.36, 72, 48.65, 1, 147
778, 570, 73.26, 72, 48.65, 1, 147
779, 571, 73.30, 72, 48.65, 1, 147
780, 572, 73.33, 72, 48.65, 1, 147
781, 573, 73.37, 72, 48.65, 1, 147
782, 574, 73.40, 72, 48.65, 1, 147
783, 574, 73.31, 72, 48.65, 1, 148
784, 575, 73.34, 72, 48.65, 1, 148
785, 576, 73.38, 72, 48.65, 1, 148
786, 577, 73.41, 72, 48.65, 1, 148
787, 578, 73.44, 72, 48.65, 1, 148
788, 578, 73.35, 72, 48.65, 1, 149
789, 579, 73.38, 72, 48.65, 1, 149
790, 580, 73.42, 72, 48.65, 1, 149
791, 581, 73.45, 72, 48.65, 1, 149
792, 581, 73.36, 72, 48.65, 1, 150
793, 582, 73.39, 72, 48.65, 1, 150
794, 583, 73.43, 72, 48.65, 1, 150
795, 584, 73.46, 72, 48.65, 1, 150
796, 585, 73.49, 72, 48.65, 1, 150
797, 586, 73.53, 72, 48.65, 1, 150
798, 586, 73.43, 72, 48.65, 1, 151
799, 587, 73.47, 72, 48.65, 1, 151
800, 588, 73.50, 72, 48.65, 1, 151
801, 589, 73.53, 72, 48.65, 1, 151
802, 590, 73.57, 72, 48.65, 1, 151
803, 591, 73.60, 72, 48.65, 1, 151
804, 592, 73.63, 72, 48.65, 1, 151
805, 593, 73.66, 72, 48.65, 1, 151
806, 594, 73.70, 72, 48.65, 1, 151
807, 595, 73.73, 72, 48.65, 1, 151
808, 596, 73.76, 72, 48.65, 1, 151
809, 597, 73.79, 72, 48.65, 1, 151
810, 597, 73.70, 72, 48.65, 1, 152
811, 598, 73.74, 72, 48.65, 1, 152
812, 599, 73.77, 72, 48.65, 1, 152
813, 599, 73.68, 72, 48.65, 1, 153
814, 600, 73.71, 72, 48.65, 1, 153
815, 601, 73.74, 72, 48.65, 1, 153
816, 602, 73.77, 72, 48.65, 1, 153
817, 603, 73.81, 72, 48.65, 1, 153
818, 604, 73.84, 72, 48.65, 1, 153
819, 605, 73.87, 72, 48.65, 1, 153
820, 606, 73.90, 72, 48.65, 1, 153
821, 607, 73.93, 72, 48.65, 1, 153
822, 608, 73.97, 72, 48.65, 1, 153
823, 609, 74.00, 72, 48.65, 1, 153
824, 610, 74.03, 72, 48.65, 1, 153
825, 611, 74.06, 72, 48.65, 1, 153
826, 612, 74.09, 72, 48.65, 1, 153
827, 612, 74.00, 72, 48.65, 1, 154
828, 613, 74.03, 72, 48.65, 1, 154
829, 614, 74.07, 72, 48.65, 1, 154
830, 615, 74.10, 72, 48.65, 1, 154
831, 615, 74.01, 72, 48.65, 1, 155
832, 616, 74.04, 72, 48.65, 1, 155
833, 617, 74.07, 72, 48.65, 1, 155
834, 618, 74.10, 72, 48.65, 1, 155
835, 619, 74.13, 72, 48.65, 1, 155
836, 619, 74.04, 72, 48.65, 1, 155
837, 620, 74.07, 72, 48.65, 1, 155
838, 621, 74.11, 72, 48.65, 1, 155
839, 622, 74.14, 72, 48.65, 1, 155
840, 623, 74.17, 72, 48.65, 1, 155
841, 624, 74.20, 72, 48.65, 1, 155
842, 624, 74.11, 72, 48.65, 1, 155
843, 624, 74.02, 72, 48.65, 1, 156
844, 625, 74.05, 72, 48.65, 1, 156
845, 626, 74.08, 72, 48.65, 1, 156
846, 627, 74.11, 72, 48.65, 1, 156
847, 627, 74.03, 72, 48.65, 1, 157
848, 628, 74.06, 72, 48.65, 1, 157
849, 629, 74.09, 72, 48.65, 1, 157
850, 629, 74.00, 72, 48.65, 1, 158
851, 630, 74.03, 72, 48.65, 1, 158
852, 631, 74.06, 72, 48.65, 1, 158
853, 632, 74.09, 72, 48.65, 1, 158
854, 633, 74.12, 72, 48.65, 1, 158
855, 634, 74.15, 72, 48.65, 1, 158
856, 635, 74.18, 72, 48.65, 1, 158
857, 636, 74.21, 72, 48.65, 1, 158
858, 637, 74.24, 72, 48.65, 1, 158
859, 638, 74.27, 72, 48.65, 1, 158
860, 639, 74.30, 72, 48.65, 1, 158
861, 639, 74.22, 72, 48.65, 1, 159
862, 639, 74.13, 72, 48.65, 1, 160
863, 640, 74.16, 72, 48.65, 1, 160
864, 640, 74.07, 72, 48.65, 1, 160
865, 641, 74.10, 72, 48.65, 1, 160
866, 641, 74.02, 72, 48.65, 1, 161
867, 641, 73.93, 72, 48.65, 1, 162
868, 641, 73.85, 72, 48.65, 1, 162
869, 641, 73.76, 72, 48.65, 1, 162
870, 642, 73.79, 72, 48.65, 1, 162
871, 642, 73.71, 72, 48.65, 1, 163
872, 643, 73.74, 72, 48.65, 1, 163
873, 643, 73.65, 72, 48.65, 1, 164
874, 644, 73.68, 72, 48.65, 1, 164
875, 644, 73.60, 72, 48.65, 1, 165
876, 645, 73.63, 72, 48.65, 1, 165
877, 645, 73.55, 72, 48.65, 1, 166
878, 646, 73.58, 72, 48.65, 1, 166
879, 646, 73.49, 72, 48.65, 1, 167
880, 646, 73.41, 72, 48.65, 1, 168
881, 646, 73.33, 72, 48.65, 1, 169
882, 647, 73.36, 72, 48.65, 1, 169
883, 648, 73.39, 72, 48.65, 1, 169
884, 649, 73.42, 72, 48.65, 1, 169
885, 649, 73.33, 72, 48.65, 1, 169
886, 650, 73.36, 72, 48.65, 1, 169
887, 651, 73.39, 72, 48.65, 1, 169
888, 652, 73.42, 72, 48.65, 1, 169
889, 653, 73.45, 72, 48.65, 1, 169
890, 654, 73.48, 72, 48.65, 1, 169
891, 655, 73.51, 72, 48.65, 1, 169
892, 655, 73.43, 72, 48.65, 1, 170
893, 656, 73.46, 72, 48.65, 1, 170
894, 657, 73.49, 72, 48.65, 1, 170
895, 657, 73.41, 72, 48.65, 1, 171
896, 658, 73.44, 72, 48.65, 1, 171
897, 658, 73.36, 72, 48.65, 1, 171
898, 659, 73.39, 72, 48.65, 1, 171
899, 660, 73.41, 72, 48.65, 1, 171
900, 661, 73.44, 72, 48.65, 1, 171
901, 662, 73.47, 72, 48.65, 1, 171
902, 663, 73.50, 72, 48.65, 1, 171
903, 664, 73.53, 72, 48.65, 1, 171
904, 665, 73.56, 72, 48.65, 1, 171
905, 665, 73.48, 72, 48.65, 1, 172
906, 666, 73.51, 72, 48.65, 1, 172
907, 667, 73.54, 72, 48.65, 1, 172
908, 668, 73.57, 72, 48.65, 1, 172
909, 668, 73.49, 72, 48.65, 1, 173
910, 669, 73.52, 72, 48.65, 1, 173
911, 670, 73.55, 72, 48.65, 1, 173
912, 671, 73.57, 72, 48.65, 1, 173
913, 672, 73.60, 72, 48.65, 1, 173
914, 673, 73.63, 72, 48.65, 1, 173
915, 674, 73.66, 72, 48.65, 1, 173
916, 675, 73.69, 72, 48.65, 1, 173
917, 675, 73.61, 72, 48.65, 1, 174
918, 676, 73.64, 72, 48.65, 1, 174
919, 677, 73.67, 72, 48.65, 1, 174
920, 678, 73.70, 72, 48.65, 1, 174
921, 678, 73.62, 72, 48.65, 1, 175
922, 679, 73.64, 72, 48.65, 1, 175
923, 679, 73.56, 72, 48.65, 1, 176
924, 679, 73.48, 72, 48.65, 1, 177
925, 680, 73.51, 72, 48.65, 1, 177
926, 681, 73.54, 72, 48.65, 1, 177
927, 682, 73.57, 72, 48.65, 1, 177
928, 683, 73.60, 72, 48.65, 1, 177
929, 684, 73.63, 72, 48.65, 1, 177
930, 684, 73.55, 72, 48.65, 1, 178
931, 685, 73.58, 72, 48.65, 1, 178
932, 686, 73.61, 72, 48.65, 1, 178
933, 687, 73.63, 72, 48.65, 1, 178
934, 688, 73.66, 72, 48.65, 1, 178
935, 688, 73.58, 72, 48.65, 1, 178
936, 689, 73.61, 72, 48.65, 1, 178
937, 690, 73.64, 72, 48.65, 1, 178
938, 691, 73.67, 72, 48.65, 1, 178
939, 692, 73.70, 72, 48.65, 1, 178
940, 692, 73.62, 72, 48.65, 1, 178
941, 692, 73.54, 72, 48.65, 1, 179
942, 693, 73.57, 72, 48.65, 1, 179
943, 694, 73.59, 72, 48.65, 1, 179
944, 695, 73.62, 72, 48.65, 1, 179
945, 695, 73.54, 72, 48.65, 1, 180
946, 696, 73.57, 72, 48.65, 1, 180
947, 696, 73.50, 72, 48.65, 1, 180
948, 697, 73.52, 72, 48.65, 1, 180
949, 698, 73.55, 72, 48.65, 1, 180
950, 698, 73.47, 72, 48.65, 1, 181
951, 699, 73.50, 72, 48.65, 1, 181
952, 699, 73.42, 72, 48.65, 1, 182
953, 700, 73.45, 72, 48.65, 1, 182
954, 700, 73.38, 72, 48.65, 1, 183
955, 701, 73.40, 72, 48.65, 1, 183
956, 702, 73.43, 72, 48.65, 1, 183
957, 702, 73.35, 72, 48.65, 1, 184
958, 702, 73.28, 72, 48.65, 1, 185
959, 703, 73.31, 72, 48.65, 1, 185
960, 704, 73.33, 72, 48.65, 1, 185
961, 704, 73.26, 72, 48.65, 1, 186
962, 705, 73.28, 72, 48.65, 1, 186
963, 706, 73.31, 72, 48.65, 1, 186
964, 707, 73.34, 72, 48.65, 1, 186
965, 708, 73.37, 72, 48.65, 1, 186
966, 708, 73.29, 72, 48.65, 1, 187
967, 709, 73.32, 72, 48.65, 1, 187
968, 709, 73.24, 72, 48.65, 1, 187
969, 709, 73.17, 72, 48.65, 1, 188
970, 710, 73.20, 72, 48.65, 1, 188
971, 711, 73.22, 72, 48.65, 1, 188
972, 712, 73.25, 72, 48.65, 1, 188
973, 713, 73.28, 72, 48.65, 1, 188
974, 713, 73.20, 72, 48.65, 1, 189
975, 713, 73.13, 72, 48.65, 1, 190
976, 714, 73.16, 72, 48.65, 1, 190
977, 715, 73.18, 72, 48.65, 1, 190
978, 716, 73.21, 72, 48.65, 1, 190
979, 717, 73.24, 72, 48.65, 1, 190
980, 717, 73.16, 72, 48.65, 1, 191
981, 717, 73.09, 72, 48.65, 1, 192
982, 717, 73.01, 72, 48.65, 1, 192
983, 718, 73.04, 72, 48.65, 1, 192
984, 719, 73.07, 72, 48.65, 1, 192
985, 719, 72.99, 72, 48.65, 1, 193
986, 719, 72.92, 72, 48.65, 1, 194
987, 720, 72.95, 72, 48.65, 1, 194
988, 721, 72.98, 72, 48.65, 1, 194
989, 722, 73.00, 72, 48.65, 1, 194
990, 722, 72.93, 72, 48.65, 1, 194
991, 723, 72.96, 72, 48.65, 1, 194
992, 724, 72.98, 72, 48.65, 1, 194
993, 725, 73.01, 72, 48.65, 1, 194
994, 726, 73.04, 72, 48.65, 1, 194
995, 727, 73.07, 72, 48.65, 1, 194
996, 728, 73.09, 72, 48.65, 1, 194
997, 728, 73.02, 72, 48.65, 1, 195
998, 728, 72.95, 72, 48.65, 1, 196
999, 729, 72.97, 72, 48.65, 1, 196
1000, 729, 72.90, 72, 48.65, 1, 197
1001, 730, 72.93, 72, 48.65, 1, 197
1002, 731, 72.95, 72, 48.65, 1, 197
1003, 731, 72.88, 72, 48.65, 1, 197
1004, 732, 72.91, 72, 48.65, 1, 197
1005, 733, 72.94, 72, 48.65, 1, 197
1006, 733, 72.86, 72, 48.65, 1, 197
1007, 733, 72.79, 72, 48.65, 1, 197
1008, 734, 72.82, 72, 48.65, 1, 197
1009, 735, 72.84, 72, 48.65, 1, 197
1010, 735, 72.77, 72, 48.65, 1, 198
1011, 736, 72.80, 72, 48.65, 1, 198
1012, 736, 72.73, 72, 48.65, 1, 199
1013, 737, 72.75, 72, 48.65, 1, 199
1014, 737, 72.68, 72, 48.65, 1, 200
1015, 738, 72.71, 72, 48.65, 1, 200
1016, 739, 72.74, 72, 48.65, 1, 200
1017, 739, 72.66, 72, 48.65, 1, 201
1018, 739, 72.59, 72, 48.65, 1, 201
1019, 740, 72.62, 72, 48.65, 1, 201
1020, 741, 72.65, 72, 48.65, 1, 201
1021, 742, 72.67, 72, 48.65, 1, 201
1022, 743, 72.70, 72, 48.65, 1, 201
1023, 744, 72.73, 72, 48.65, 1, 201
1024, 745, 72.75, 72, 48.65, 1, 201
1025, 746, 72.78, 72, 48.65, 1, 201
1026, 746, 72.71, 72, 48.65, 1, 201
1027, 747, 72.74, 72, 48.65, 1, 201
1028, 748, 72.76, 72, 48.65, 1, 201
1029, 748, 72.69, 72, 48.65, 1, 202
1030, 749, 72.72, 72, 48.65, 1, 202
1031, 750, 72.74, 72, 48.65, 1, 202
1032, 751, 72.77, 72, 48.65, 1, 202
1033, 752, 72.80, 72, 48.65, 1, 202
1034, 753, 72.82, 72, 48.65, 1, 202
1035, 754, 72.85, 72, 48.65, 1, 202
1036, 755, 72.88, 72, 48.65, 1, 202
1037, 756, 72.90, 72, 48.65, 1, 202
1038, 756, 72.83, 72, 48.65, 1, 203
1039, 757, 72.86, 72, 48.65, 1, 203
1040, 757, 72.79, 72, 48.65, 1, 203
1041, 758, 72.81, 72, 48.65, 1, 203
1042, 758, 72.74, 72, 48.65, 1, 204
1043, 759, 72.77, 72, 48.65, 1, 204
1044, 760, 72.80, 72, 48.65, 1, 204
1045, 761, 72.82, 72, 48.65, 1, 204
1046, 762, 72.85, 72, 48.65, 1, 204
1047, 763, 72.87, 72, 48.65, 1, 204
1048, 764, 72.90, 72, 48.65, 1, 204
1049, 764, 72.83, 72, 48.65, 1, 205
1050, 764, 72.76, 72, 48.65, 1, 206
1051, 765, 72.79, 72, 48.65, 1, 206
1052, 766, 72.81, 72, 48.65, 1, 206
1053, 766, 72.74, 72, 48.65, 1, 207
1054, 767, 72.77, 72, 48.65, 1, 207
1055, 767, 72.70, 72, 48.65, 1, 208
1056, 767, 72.63, 72, 48.65, 1, 208
1057, 767, 72.56, 72, 48.65, 1, 209
1058, 768, 72.59, 72, 48.65, 1, 209
1059, 768, 72.52, 72, 48.65, 1, 210
1060, 768, 72.45, 72, 48.65, 1, 211
1061, 769, 72.48, 72, 48.65, 1, 211
1062, 770, 72.50, 72, 48.65, 1, 211
1063, 771, 72.53, 72, 48.65, 1, 211
1064, 772, 72.56, 72, 48.65, 1, 211
1065, 773, 72.58, 72, 48.65, 1, 211
1066, 774, 72.61, 72, 48.65, 1, 211
1067, 775, 72.63, 72, 48.65, 1, 211
1068, 775, 72.57, 72, 48.65, 1, 212
1069, 775, 72.50, 72, 48.65, 1, 213
1070, 776, 72.52, 72, 48.65, 1, 213
1071, 777, 72.55, 72, 48.65, 1, 213
1072, 778, 72.57, 72, 48.65, 1, 213
1073, 779, 72.60, 72, 48.65, 1, 213
1074, 780, 72.63, 72, 48.65, 1, 213
1075, 781, 72.65, 72, 48.65, 1, 213
1076, 781, 72.58, 72, 48.65, 1, 214
1077, 781, 72.52, 72, 48.65, 1, 215
1078, 782, 72.54, 72, 48.65, 1, 215
1079, 782, 72.47, 72, 48.65, 1, 215
1080, 783, 72.50, 72, 48.65, 1, 215
1081, 784, 72.53, 72, 48.65, 1, 215
1082, 785, 72.55, 72, 48.65, 1, 215
1083, 785, 72.48, 72, 48.65, 1, 216
1084, 786, 72.51, 72, 48.65, 1, 216
1085, 787, 72.53, 72, 48.65, 1, 216
1086, 787, 72.47, 72, 48.65, 1, 217
1087, 787, 72.40, 72, 48.65, 1, 218
1088, 787, 72.33, 72, 48.65, 1, 219
1089, 788, 72.36, 72, 48.65, 1, 219
1090, 789, 72.39, 72, 48.65, 1, 219
1091, 789, 72.32, 72, 48.65, 1, 219
1092, 790, 72.34, 72, 48.65, 1, 219
1093, 791, 72.37, 72, 48.65, 1, 219
1094, 792, 72.39, 72, 48.65, 1, 219
1095, 793, 72.42, 72, 48.65, 1, 219
1096, 794, 72.45, 72, 48.65, 1, 219
1097, 795, 72.47, 72, 48.65, 1, 219
1098, 795, 72.40, 72, 48.65, 1, 219
1099, 796, 72.43, 72, 48.65, 1, 219
1100, 797, 72.45, 72, 48.65, 1, 219
1101, 798, 72.48, 72, 48.65, 1, 219
1102, 799, 72.50, 72, 48.65, 1, 219
1103, 800, 72.53, 72, 48.65, 1, 219
1104, 801, 72.55, 72, 48.65, 1, 219
1105, 802, 72.58, 72, 48.65, 1, 219
1106, 802, 72.51, 72, 48.65, 1, 219
1107, 803, 72.54, 72, 48.65, 1, 219
1108, 803, 72.47, 72, 48.65, 1, 219
1109, 803, 72.41, 72, 48.65, 1, 219
1110, 804, 72.43, 72, 48.65, 1, 219
1111, 805, 72.46, 72, 48.65, 1, 219
1112, 805, 72.39, 72, 48.65, 1, 219
1113, 806, 72.42, 72, 48.65, 1, 219
1114, 806, 72.35, 72, 48.65, 1, 219
1115, 806, 72.29, 72, 48.65, 1, 220
1116, 807, 72.31, 72, 48.65, 1, 220
1117, 808, 72.34, 72, 48.65, 1, 220
1118, 808, 72.27, 72, 48.65, 1, 221
1119, 808, 72.21, 72, 48.65, 1, 222
1120, 809, 72.23, 72, 48.65, 1, 222
1121, 809, 72.17, 72, 48.65, 1, 223
1122, 810, 72.19, 72, 48.65, 1, 223
1123, 810, 72.13, 72, 48.65, 1, 224
1124, 811, 72.15, 72, 48.65, 1, 224
1125, 812, 72.18, 72, 48.65, 1, 224
1126, 812, 72.11, 72, 48.65, 1, 225
1127, 813, 72.14, 72, 48.65, 1, 225
1128, 814, 72.16, 72, 48.65, 1, 225
1129, 815, 72.19, 72, 48.65, 1, 225
1130, 815, 72.12, 72, 48.65, 1, 226
1131, 816, 72.15, 72, 48.65, 1, 226
1132, 817, 72.17, 72, 48.65, 1, 226
1133, 818, 72.20, 72, 48.65, 1, 226
1134, 818, 72.13, 72, 48.65, 1, 227
1135, 819, 72.16, 72, 48.65, 1, 227
1136, 820, 72.18, 72, 48.65, 1, 227
1137, 821, 72.21, 72, 48.65, 1, 227
1138, 822, 72.23, 72, 48.65, 1, 227
1139, 823, 72.26, 72, 48.65, 1, 227
1140, 824, 72.28, 72, 48.65, 1, 227
1141, 824, 72.22, 72, 48.65, 1, 228
1142, 825, 72.24, 72, 48.65, 1, 228
1143, 826, 72.27, 72, 48.65, 1, 228
1144, 827, 72.29, 72, 48.65, 1, 228
1145, 828, 72.31, 72, 48.65, 1, 228
1146, 829, 72.34, 72, 48.65, 1, 228
1147, 830, 72.36, 72, 48.65, 1, 228
1148, 831, 72.39, 72, 48.65, 1, 228
1149, 832, 72.41, 72, 48.65, 1, 228
1150, 832, 72.35, 72, 48.65, 1, 229
1151, 833, 72.37, 72, 48.65, 1, 229
1152, 834, 72.40, 72, 48.65, 1, 229
1153, 834, 72.33, 72, 48.65, 1, 230
1154, 835, 72.36, 72, 48.65, 1, 230
1155, 836, 72.38, 72, 48.65, 1, 230
1156, 837, 72.40, 72, 48.65, 1, 230
1157, 838, 72.43, 72, 48.65, 1, 230
1158, 838, 72.37, 72, 48.65, 1, 231
1159, 839, 72.39, 72, 48.65, 1, 231
1160, 840, 72.41, 72, 48.65, 1, 231
1161, 840, 72.35, 72, 48.65, 1, 232
1162, 841, 72.38, 72, 48.65, 1, 232
1163, 842, 72.40, 72, 48.65, 1, 232
1164, 842, 72.34, 72, 48.65, 1, 233
1165, 843, 72.36, 72, 48.65, 1, 233
1166, 843, 72.30, 72, 48.65, 1, 234
1167, 844, 72.32, 72, 48.65, 1, 234
1168, 845, 72.35, 72, 48.65, 1, 234
1169, 846, 72.37, 72, 48.65, 1, 234
1170, 847, 72.39, 72, 48.65, 1, 234
1171, 848, 72.42, 72, 48.65, 1, 234
1172, 849, 72.44, 72, 48.65, 1, 234
1173, 850, 72.46, 72, 48.65, 1, 234
1174, 851, 72.49, 72, 48.65, 1, 234
1175, 852, 72.51, 72, 48.65, 1, 234
1176, 853, 72.53, 72, 48.65, 1, 234
1177, 853, 72.47, 72, 48.65, 1, 235
1178, 854, 72.50, 72, 48.65, 1, 235
1179, 854, 72.43, 72, 48.65, 1, 236
1180, 854, 72.37, 72, 48.65, 1, 237
1181, 855, 72.40, 72, 48.65, 1, 237
1182, 855, 72.34, 72, 48.65, 1, 238
1183, 856, 72.36, 72, 48.65, 1, 238
1184, 856, 72.30, 72, 48.65, 1, 239
1185, 857, 72.32, 72, 48.65, 1, 239
1186, 857, 72.26, 72, 48.65, 1, 239
1187, 857, 72.20, 72, 48.65, 1, 240
1188, 858, 72.22, 72, 48.65, 1, 240
1189, 859, 72.25, 72, 48.65, 1, 240
1190, 860, 72.27, 72, 48.65, 1, 240
1191, 860, 72.21, 72, 48.65, 1, 241
1192, 860, 72.15, 72, 48.65, 1, 241
1193, 860, 72.09, 72, 48.65, 1, 242
1194, 861, 72.11, 72, 48.65, 1, 242
1195, 862, 72.13, 72, 48.65, 1, 242
1196, 862, 72.07, 72, 48.65, 1, 243
1197, 863, 72.10, 72, 48.65, 1, 243
1198, 864, 72.12, 72, 48.65, 1, 243
1199, 864, 72.06, 72, 48.65, 1, 244
1200, 865, 72.08, 72, 48.65, 1, 244
1201, 866, 72.11, 72, 48.65, 1, 244
1202, 866, 72.05, 72, 48.65, 1, 245
1203, 867, 72.07, 72, 48.65, 1, 245
1204, 867, 72.01, 72, 48.65, 1, 245
1205, 868, 72.03, 72, 48.65, 1, 245
1206, 869, 72.06, 72, 48.65, 1, 245
1207, 869, 72.00, 72, 48.65, 1, 245
1208, 869, 71.94, 72, 48.65, 1, 245
1209, 870, 71.96, 72, 48.65, 1, 245
1210, 870, 71.90, 72, 48.65, 1, 246
1211, 871, 71.92, 72, 48.65, 1, 246
1212, 872, 71.95, 72, 48.65, 1, 246
1213, 873, 71.97, 72, 48.65, 1, 246
1214, 874, 71.99, 72, 48.65, 1, 246
1215, 875, 72.02, 72, 48.65, 1, 246
1216, 876, 72.04, 72, 48.65, 1, 246
1217, 877, 72.06, 72, 48.65, 1, 246
1218, 878, 72.09, 72, 48.65, 1, 246
1219, 879, 72.11, 72, 48.65, 1, 246
1220, 879, 72.05, 72, 48.65, 1, 247
1221, 880, 72.07, 72, 48.65, 1, 247
1222, 880, 72.01, 72, 48.65, 1, 248
1223, 881, 72.04, 72, 48.65, 1, 248
1224, 882, 72.06, 72, 48.65, 1, 248
1225, 883, 72.08, 72, 48.65, 1, 248
1226, 883, 72.02, 72, 48.65, 1, 249
1227, 883, 71.96, 72, 48.65, 1, 250
1228, 884, 71.99, 72, 48.65, 1, 250
1229, 885, 72.01, 72, 48.65, 1, 250
1230, 885, 71.95, 72, 48.65, 1, 251
1231, 885, 71.89, 72, 48.65, 1, 251
1232, 886, 71.92, 72, 48.65, 1, 251
1233, 886, 71.86, 72, 48.65, 1, 252
1234, 887, 71.88, 72, 48.65, 1, 252
1235, 888, 71.90, 72, 48.65, 1, 252
1236, 889, 71.93, 72, 48.65, 1, 252
1237, 889, 71.87, 72, 48.65, 1, 253
1238, 890, 71.89, 72, 48.65, 1, 253
1239, 891, 71.91, 72, 48.65, 1, 253
1240, 892, 71.94, 72, 48.65, 1, 253
1241, 893, 71.96, 72, 48.65, 1, 253
1242, 894, 71.98, 72, 48.65, 1, 253
1243, 894, 71.92, 72, 48.65, 1, 253
1244, 895, 71.95, 72, 48.65, 1, 253
1245, 895, 71.89, 72, 48.65, 1, 253
1246, 896, 71.91, 72, 48.65, 1, 253
1247, 897, 71.93, 72, 48.65, 1, 253
1248, 897, 71.88, 72, 48.65, 1, 254
1249, 898, 71.90, 72, 48.65, 1, 254
1250, 899, 71.92, 72, 48.65, 1, 254
1251, 900, 71.94, 72, 48.65, 1, 254
1252, 901, 71.96, 72, 48.65, 1, 254
1253, 902, 71.99, 72, 48.65, 1, 254
1254, 903, 72.01, 72, 48.65, 1, 254
1255, 904, 72.03, 72, 48.65, 1, 254
1256, 905, 72.05, 72, 48.65, 1, 254
1257, 906, 72.08, 72, 48.65, 1, 254
1258, 907, 72.10, 72, 48.65, 1, 254
1259, 908, 72.12, 72, 48.65, 1, 254
1260, 909, 72.14, 72, 48.65, 1, 254
1261, 910, 72.16, 72, 48.65, 1, 254
1262, 911, 72.19, 72, 48.65, 1, 254
1263, 912, 72.21, 72, 48.65, 1, 254
1264, 913, 72.23, 72, 48.65, 1, 254
1265, 914, 72.25, 72, 48.65, 1, 254
1266, 915, 72.27, 72, 48.65, 1, 254
1267, 915, 72.22, 72, 48.65, 1, 255
1268, 916, 72.24, 72, 48.65, 1, 255
1269, 917, 72.26, 72, 48.65, 1, 255
1270, 918, 72.28, 72, 48.65, 1, 255
1271, 919, 72.31, 72, 48.65, 1, 255
1272, 920, 72.33, 72, 48.65, 1, 255
1273, 920, 72.27, 72, 48.65, 1, 256
1274, 920, 72.21, 72, 48.65, 1, 256
1275, 920, 72.16, 72, 48.65, 1, 257
1276, 921, 72.18, 72, 48.65, 1, 257
1277, 922, 72.20, 72, 48.65, 1, 257
1278, 923, 72.22, 72, 48.65, 1, 257
1279, 924, 72.24, 72, 48.65, 1, 257
1280, 925, 72.27, 72, 48.65, 1, 257
1281, 926, 72.29, 72, 48.65, 1, 257
1282, 927, 72.31, 72, 48.65, 1, 257
1283, 928, 72.33, 72, 48.65, 1, 257
1284, 929, 72.35, 72, 48.65, 1, 257
1285, 930, 72.37, 72, 48.65, 1, 257
1286, 931, 72.40, 72, 48.65, 1, 257
1287, 932, 72.42, 72, 48.65, 1, 257
1288, 933, 72.44, 72, 48.65, 1, 257
1289, 934, 72.46, 72, 48.65, 1, 257
1290, 935, 72.48, 72, 48.65, 1, 257
1291, 936, 72.50, 72, 48.65, 1, 257
1292, 937, 72.52, 72, 48.65, 1, 257
1293, 938, 72.54, 72, 48.65, 1, 257
1294, 939, 72.57, 72, 48.65, 1, 257
1295, 939, 72.51, 72, 48.65, 1, 258
1296, 940, 72.53, 72, 48.65, 1, 258
1297, 941, 72.55, 72, 48.65, 1, 258
1298, 942, 72.57, 72, 48.65, 1, 258
1299, 943, 72.59, 72, 48.65, 1, 258
1300, 944, 72.62, 72, 48.65, 1, 258
1301, 945, 72.64, 72, 48.65, 1, 258
1302, 946, 72.66, 72, 48.65, 1, 258
1303, 946, 72.60, 72, 48.65, 1, 259
1304, 946, 72.55, 72, 48.65, 1, 260
1305, 947, 72.57, 72, 48.65, 1, 260
1306, 948, 72.59, 72, 48.65, 1, 260
1307, 949, 72.61, 72, 48.65, 1, 260
1308, 950, 72.63, 72, 48.65, 1, 260
1309, 951, 72.65, 72, 48.65, 1, 260
1310, 951, 72.60, 72, 48.65, 1, 261
1311, 952, 72.62, 72, 48.65, 1, 261
1312, 953, 72.64, 72, 48.65, 1, 261
1313, 954, 72.66, 72, 48.65, 1, 261
1314, 955, 72.68, 72, 48.65, 1, 261
1315, 956, 72.70, 72, 48.65, 1, 261
1316, 957, 72.72, 72, 48.65, 1, 261
1317, 958, 72.74, 72, 48.65, 1, 261
1318, 959, 72.76, 72, 48.65, 1, 261
1319, 959, 72.71, 72, 48.65, 1, 262
1320, 960, 72.73, 72, 48.65, 1, 262
1321, 961, 72.75, 72, 48.65, 1, 262
1322, 962, 72.77, 72, 48.65, 1, 262
1323, 962, 72.71, 72, 48.65, 1, 262
1324, 963, 72.73, 72, 48.65, 1, 262
1325, 964, 72.75, 72, 48.65, 1, 262
1326, 964, 72.70, 72, 48.65, 1, 262
1327, 965, 72.72, 72, 48.65, 1, 262
1328, 965, 72.67, 72, 48.65, 1, 263
1329, 966, 72.69, 72, 48.65, 1, 263
1330, 967, 72.71, 72, 48.65, 1, 263
1331, 968, 72.73, 72, 48.65, 1, 263
1332, 969, 72.75, 72, 48.65, 1, 263
1333, 970, 72.77, 72, 48.65, 1, 263
1334, 970, 72.71, 72, 48.65, 1, 264
1335, 971, 72.73, 72, 48.65, 1, 264
1336, 972, 72.75, 72, 48.65, 1, 264
1337, 973, 72.77, 72, 48.65, 1, 264
1338, 974, 72.80, 72, 48.65, 1, 264
1339, 974, 72.74, 72, 48.65, 1, 264
1340, 975, 72.76, 72, 48.65, 1, 264
1341, 976, 72.78, 72, 48.65, 1, 264
1342, 977, 72.80, 72, 48.65, 1, 264
1343, 978, 72.82, 72, 48.65, 1, 264
1344, 979, 72.84, 72, 48.65, 1, 264
1345, 980, 72.86, 72, 48.65, 1, 264
1346, 980, 72.81, 72, 48.65, 1, 265
1347, 981, 72.83, 72, 48.65, 1, 265
1348, 982, 72.85, 72, 48.65, 1, 265
1349, 983, 72.87, 72, 48.65, 1, 265
1350, 984, 72.89, 72, 48.65, 1, 265
1351, 984, 72.83, 72, 48.65, 1, 266
1352, 985, 72.86, 72, 48.65, 1, 266
1353, 986, 72.88, 72, 48.65, 1, 266
1354, 987, 72.90, 72, 48.65, 1, 266
1355, 988, 72.92, 72, 48.65, 1, 266
1356, 989, 72.94, 72, 48.65, 1, 266
1357, 989, 72.88, 72, 48.65, 1, 267
1358, 990, 72.90, 72, 48.65, 1, 267
1359, 991, 72.92, 72, 48.65, 1, 267
1360, 991, 72.87, 72, 48.65, 1, 268
1361, 992, 72.89, 72, 48.65, 1, 268
1362, 993, 72.91, 72, 48.65, 1, 268
1363, 993, 72.85, 72, 48.65, 1, 268
1364, 994, 72.87, 72, 48.65, 1, 268
1365, 994, 72.82, 72, 48.65, 1, 268
1366, 995, 72.84, 72, 48.65, 1, 268
1367, 995, 72.79, 72, 48.65, 1, 269
1368, 996, 72.81, 72, 48.65, 1, 269
1369, 996, 72.75, 72, 48.65, 1, 270
1370, 997, 72.77, 72, 48.65, 1, 270
1371, 998, 72.79, 72, 48.65, 1, 270
1372, 999, 72.81, 72, 48.65, 1, 270
1373, 1000, 72.83, 72, 48.65, 1, 270
1374, 1001, 72.85, 72, 48.65, 1, 270
1375, 1002, 72.87, 72, 48.65, 1, 270
1376, 1003, 72.89, 72, 48.65, 1, 270
1377, 1003, 72.84, 72, 48.65, 1, 271
1378, 1004, 72.86, 72, 48.65, 1, 271
1379, 1005, 72.88, 72, 48.65, 1, 271
1380, 1006, 72.90, 72, 48.65, 1, 271
1381, 1006, 72.85, 72, 48.65, 1, 272
1382, 1007, 72.87, 72, 48.65, 1, 272
1383, 1008, 72.89, 72, 48.65, 1, 272
1384, 1009, 72.90, 72, 48.65, 1, 272
1385, 1010, 72.92, 72, 48.65, 1, 272
1386, 1010, 72.87, 72, 48.65, 1, 273
1387, 1011, 72.89, 72, 48.65, 1, 273
1388, 1012, 72.91, 72, 48.65, 1, 273
1389, 1013, 72.93, 72, 48.65, 1, 273
1390, 1014, 72.95, 72, 48.65, 1, 273
1391, 1015, 72.97, 72, 48.65, 1, 273
1392, 1015, 72.92, 72, 48.65, 1, 274
1393, 1016, 72.94, 72, 48.65, 1, 274
1394, 1017, 72.96, 72, 48.65, 1, 274
1395, 1017, 72.90, 72, 48.65, 1, 275
1396, 1018, 72.92, 72, 48.65, 1, 275
1397, 1019, 72.94, 72, 48.65, 1, 275
1398, 1019, 72.89, 72, 48.65, 1, 276
1399, 1020, 72.91, 72, 48.65, 1, 276
1400, 1021, 72.93, 72, 48.65, 1, 276
1401, 1022, 72.95, 72, 48.65, 1, 276
1402, 1022, 72.90, 72, 48.65, 1, 276
1403, 1023, 72.92, 72, 48.65, 1, 276
1404, 1024, 72.93, 72, 48.65, 1, 276
1405, 1024, 72.88, 72, 48.65, 1, 276
1406, 1024, 72.83, 72, 48.65, 1, 277
1407, 1025, 72.85, 72, 48.65, 1, 277
1408, 1026, 72.87, 72, 48.65, 1, 277
1409, 1026, 72.82, 72, 48.65, 1, 278
1410, 1027, 72.84, 72, 48.65, 1, 278
1411, 1028, 72.86, 72, 48.65, 1, 278
1412, 1029, 72.88, 72, 48.65, 1, 278
1413, 1030, 72.89, 72, 48.65, 1, 278
1414, 1031, 72.91, 72, 48.65, 1, 278
1415, 1031, 72.86, 72, 48.65, 1, 279
1416, 1032, 72.88, 72, 48.65, 1, 279
1417, 1033, 72.90, 72, 48.65, 1, 279
1418, 1034, 72.92, 72, 48.65, 1, 279
1419, 1035, 72.94, 72, 48.65, 1, 279
1420, 1035, 72.89, 72, 48.65, 1, 280
1421, 1035, 72.84, 72, 48.65, 1, 281
1422, 1035, 72.78, 72, 48.65, 1, 282
1423, 1036, 72.80, 72, 48.65, 1, 282
1424, 1037, 72.82, 72, 48.65, 1, 282
1425, 1038, 72.84, 72, 48.65, 1, 282
1426, 1038, 72.79, 72, 48.65, 1, 283
1427, 1039, 72.81, 72, 48.65, 1, 283
1428, 1040, 72.83, 72, 48.65, 1, 283
1429, 1041, 72.85, 72, 48.65, 1, 283
1430, 1041, 72.80, 72, 48.65, 1, 283
1431, 1042, 72.82, 72, 48.65, 1, 283
1432, 1042, 72.77, 72, 48.65, 1, 284
1433, 1043, 72.78, 72, 48.65, 1, 284
1434, 1043, 72.73, 72, 48.65, 1, 285
1435, 1044, 72.75, 72, 48.65, 1, 285
1436, 1044, 72.70, 72, 48.65, 1, 286
1437, 1045, 72.72, 72, 48.65, 1, 286
1438, 1046, 72.74, 72, 48.65, 1, 286
1439, 1047, 72.76, 72, 48.65, 1, 286
1440, 1048, 72.78, 72, 48.65, 1, 286
1441, 1048, 72.73, 72, 48.65, 1, 287
1442, 1049, 72.75, 72, 48.65, 1, 287
1443, 1049, 72.70, 72, 48.65, 1, 287
1444, 1050, 72.71, 72, 48.65, 1, 287
1445, 1051, 72.73, 72, 48.65, 1, 287
1446, 1051, 72.68, 72, 48.65, 1, 287
1447, 1052, 72.70, 72, 48.65, 1, 287
1448, 1053, 72.72, 72, 48.65, 1, 287
1449, 1054, 72.74, 72, 48.65, 1, 287
1450, 1055, 72.76, 72, 48.65, 1, 287
1451, 1056, 72.78, 72, 48.65, 1, 287
1452, 1057, 72.80, 72, 48.65, 1, 287
1453, 1058, 72.81, 72, 48.65, 1, 287
1454, 1059, 72.83, 72, 48.65, 1, 287
1455, 1060, 72.85, 72, 48.65, 1, 287
1456, 1061, 72.87, 72, 48.65, 1, 287
1457, 1062, 72.89, 72, 48.65, 1, 287
1458, 1062, 72.84, 72, 48.65, 1, 288
1459, 1062, 72.79, 72, 48.65, 1, 289
1460, 1063, 72.81, 72, 48.65, 1, 289
1461, 1064, 72.83, 72, 48.65, 1, 289
1462, 1065, 72.85, 72, 48.65, 1, 289
1463, 1065, 72.80, 72, 48.65, 1, 289
1464, 1066, 72.81, 72, 48.65, 1, 289
1465, 1067, 72.83, 72, 48.65, 1, 289
1466, 1068, 72.85, 72, 48.65, 1, 289
1467, 1068, 72.80, 72, 48.65, 1, 290
1468, 1069, 72.82, 72, 48.65, 1, 290
1469, 1070, 72.84, 72, 48.65, 1, 290
1470, 1070, 72.79, 72, 48.65, 1, 291
1471, 1071, 72.81, 72, 48.65, 1, 291
1472, 1071, 72.76, 72, 48.65, 1, 291
1473, 1072, 72.78, 72, 48.65, 1, 291
1474, 1073, 72.80, 72, 48.65, 1, 291
1475, 1073, 72.75, 72, 48.65, 1, 291
1476, 1073, 72.70, 72, 48.65, 1, 292
1477, 1073, 72.65, 72, 48.65, 1, 293
1478, 1073, 72.60, 72, 48.65, 1, 294
1479, 1074, 72.62, 72, 48.65, 1, 294
1480, 1074, 72.57, 72, 48.65, 1, 295
1481, 1075, 72.59, 72, 48.65, 1, 295
1482, 1075, 72.54, 72, 48.65, 1, 295
1483, 1075, 72.49, 72, 48.65, 1, 295
1484, 1076, 72.51, 72, 48.65, 1, 295
1485, 1076, 72.46, 72, 48.65, 1, 295
1486, 1077, 72.48, 72, 48.65, 1, 295
1487, 1078, 72.49, 72, 48.65, 1, 295
1488, 1078, 72.45, 72, 48.65, 1, 296
1489, 1079, 72.46, 72, 48.65, 1, 296
1490, 1080, 72.48, 72, 48.65, 1, 296
1491, 1081, 72.50, 72, 48.65, 1, 296
1492, 1081, 72.45, 72, 48.65, 1, 297
1493, 1082, 72.47, 72, 48.65, 1, 297
1494, 1083, 72.49, 72, 48.65, 1, 297
1495, 1083, 72.44, 72, 48.65, 1, 298
1496, 1084, 72.46, 72, 48.65, 1, 298
1497, 1084, 72.41, 72, 48.65, 1, 299
1498, 1084, 72.36, 72, 48.65, 1, 300
1499, 1085, 72.38, 72, 48.65, 1, 300
1500, 1086, 72.40, 72, 48.65, 1, 300
1501, 1087, 72.42, 72, 48.65, 1, 300
1502, 1088, 72.44, 72, 48.65, 1, 300
1503, 1089, 72.46, 72, 48.65, 1, 300
1504, 1089, 72.41, 72, 48.65, 1, 301
1505, 1090, 72.43, 72, 48.65, 1, 301
1506, 1091, 72.44, 72, 48.65, 1, 301
1507, 1092, 72.46, 72, 48.65, 1, 301
1508, 1093, 72.48, 72, 48.65, 1, 301
1509, 1093, 72.43, 72, 48.65, 1, 302
1510, 1093, 72.38, 72, 48.65, 1, 303
1511, 1094, 72.40, 72, 48.65, 1, 303
1512, 1095, 72.42, 72, 48.65, 1, 303
1513, 1096, 72.44, 72, 48.65, 1, 303
1514, 1096, 72.39, 72, 48.65, 1, 303
1515, 1097, 72.41, 72, 48.65, 1, 303
1516, 1098, 72.43, 72, 48.65, 1, 303
1517, 1099, 72.45, 72, 48.65, 1, 303
1518, 1100, 72.46, 72, 48.65, 1, 303
1519, 1101, 72.48, 72, 48.65, 1, 303
1520, 1102, 72.50, 72, 48.65, 1, 303
1521, 1103, 72.52, 72, 48.65, 1, 303
1522, 1103, 72.47, 72, 48.65, 1, 303
1523, 1104, 72.49, 72, 48.65, 1, 303
1524, 1105, 72.51, 72, 48.65, 1, 303
1525, 1106, 72.52, 72, 48.65, 1, 303
1526, 1107, 72.54, 72, 48.65, 1, 303
1527, 1107, 72.50, 72, 48.65, 1, 303
1528, 1108, 72.51, 72, 48.65, 1, 303
1529, 1108, 72.47, 72, 48.65, 1, 304
1530, 1109, 72.48, 72, 48.65, 1, 304
1531, 1110, 72.50, 72, 48.65, 1, 304
1532, 1110, 72.45, 72, 48.65, 1, 305
1533, 1110, 72.41, 72, 48.65, 1, 306
1534, 1111, 72.43, 72, 48.65, 1, 306
1535, 1112, 72.44, 72, 48.65, 1, 306
1536, 1113, 72.46, 72, 48.65, 1, 306
1537, 1113, 72.41, 72, 48.65, 1, 307
1538, 1114, 72.43, 72, 48.65, 1, 307
1539, 1115, 72.45, 72, 48.65, 1, 307
1540, 1116, 72.47, 72, 48.65, 1, 307
1541, 1117, 72.49, 72, 48.65, 1, 307
1542, 1117, 72.44, 72, 48.65, 1, 308
1543, 1118, 72.46, 72, 48.65, 1, 308
1544, 1119, 72.47, 72, 48.65, 1, 308
1545, 1120, 72.49, 72, 48.65, 1, 308
1546, 1121, 72.51, 72, 48.65, 1, 308
1547, 1122, 72.53, 72, 48.65, 1, 308
1548, 1122, 72.48, 72, 48.65, 1, 309
1549, 1123, 72.50, 72, 48.65, 1, 309
1550, 1124, 72.52, 72, 48.65, 1, 309
1551, 1125, 72.53, 72, 48.65, 1, 309
1552, 1126, 72.55, 72, 48.65, 1, 309
1553, 1126, 72.50, 72, 48.65, 1, 310
1554, 1127, 72.52, 72, 48.65, 1, 310
1555, 1128, 72.54, 72, 48.65, 1, 310
1556, 1129, 72.56, 72, 48.65, 1, 310
1557, 1130, 72.58, 72, 48.65, 1, 310
1558, 1131, 72.59, 72, 48.65, 1, 310
1559, 1132, 72.61, 72, 48.65, 1, 310
1560, 1133, 72.63, 72, 48.65, 1, 310
1561, 1134, 72.65, 72, 48.65, 1, 310
1562, 1134, 72.60, 72, 48.65, 1, 311
1563, 1135, 72.62, 72, 48.65, 1, 311
1564, 1136, 72.63, 72, 48.65, 1, 311
1565, 1137, 72.65, 72, 48.65, 1, 311
1566, 1137, 72.61, 72, 48.65, 1, 312
1567, 1138, 72.62, 72, 48.65, 1, 312
1568, 1139, 72.64, 72, 48.65, 1, 312
1569, 1140, 72.66, 72, 48.65, 1, 312
1570, 1141, 72.68, 72, 48.65, 1, 312
1571, 1142, 72.69, 72, 48.65, 1, 312
1572, 1143, 72.71, 72, 48.65, 1, 312
1573, 1143, 72.66, 72, 48.65, 1, 313
1574, 1144, 72.68, 72, 48.65, 1, 313
1575, 1145, 72.70, 72, 48.65, 1, 313
1576, 1146, 72.72, 72, 48.65, 1, 313
1577, 1147, 72.73, 72, 48.65, 1, 313
1578, 1148, 72.75, 72, 48.65, 1, 313
1579, 1149, 72.77, 72, 48.65, 1, 313
1580, 1150, 72.78, 72, 48.65, 1, 313
1581, 1151, 72.80, 72, 48.65, 1, 313
1582, 1152, 72.82, 72, 48.65, 1, 313
1583, 1153, 72.84, 72, 48.65, 1, 313
1584, 1154, 72.85, 72, 48.65, 1, 313
1585, 1155, 72.87, 72, 48.65, 1, 313
1586, 1155, 72.82, 72, 48.65, 1, 314
1587, 1156, 72.84, 72, 48.65, 1, 314
1588, 1156, 72.80, 72, 48.65, 1, 315
1589, 1157, 72.81, 72, 48.65, 1, 315
1590, 1158, 72.83, 72, 48.65, 1, 315
1591, 1159, 72.85, 72, 48.65, 1, 315
1592, 1159, 72.80, 72, 48.65, 1, 316
1593, 1160, 72.82, 72, 48.65, 1, 316
1594, 1161, 72.84, 72, 48.65, 1, 316
1595, 1162, 72.85, 72, 48.65, 1, 316
1596, 1162, 72.81, 72, 48.65, 1, 317
1597, 1163, 72.82, 72, 48.65, 1, 317
1598, 1163, 72.78, 72, 48.65, 1, 318
1599, 1164, 72.80, 72, 48.65, 1, 318
1600, 1165, 72.81, 72, 48.65, 1, 318
1601, 1166, 72.83, 72, 48.65, 1, 318
1602, 1167, 72.85, 72, 48.65, 1, 318
1603, 1168, 72.86, 72, 48.65, 1, 318
1604, 1168, 72.82, 72, 48.65, 1, 318
1605, 1169, 72.83, 72, 48.65, 1, 318
1606, 1170, 72.85, 72, 48.65, 1, 318
1607, 1171, 72.87, 72, 48.65, 1, 318
1608, 1172, 72.89, 72, 48.65, 1, 318
1609, 1173, 72.90, 72, 48.65, 1, 318
1610, 1173, 72.86, 72, 48.65, 1, 319
1611, 1174, 72.87, 72, 48.65, 1, 319
1612, 1175, 72.89, 72, 48.65, 1, 319
1613, 1175, 72.85, 72, 48.65, 1, 319
1614, 1176, 72.86, 72, 48.65, 1, 319
1615, 1177, 72.88, 72, 48.65, 1, 319
1616, 1177, 72.83, 72, 48.65, 1, 320
1617, 1177, 72.79, 72, 48.65, 1, 321
1618, 1178, 72.81, 72, 48.65, 1, 321
1619, 1179, 72.82, 72, 48.65, 1, 321
1620, 1180, 72.84, 72, 48.65, 1, 321
1621, 1181, 72.86, 72, 48.65, 1, 321
1622, 1182, 72.87, 72, 48.65, 1, 321
1623, 1183, 72.89, 72, 48.65, 1, 321
1624, 1184, 72.91, 72, 48.65, 1, 321
1625, 1185, 72.92, 72, 48.65, 1, 321
1626, 1186, 72.94, 72, 48.65, 1, 321
1627, 1187, 72.96, 72, 48.65, 1, 321
1628, 1188, 72.97, 72, 48.65, 1, 321
1629, 1189, 72.99, 72, 48.65, 1, 321
1630, 1190, 73.01, 72, 48.65, 1, 321
1631, 1191, 73.02, 72, 48.65, 1, 321
1632, 1192, 73.04, 72, 48.65, 1, 321
1633, 1193, 73.06, 72, 48.65, 1, 321
1634, 1193, 73.01, 72, 48.65, 1, 322
1635, 1194, 73.03, 72, 48.65, 1, 322
1636, 1195, 73.04, 72, 48.65, 1, 322
1637, 1195, 73.00, 72, 48.65, 1, 323
1638, 1196, 73.02, 72, 48.65, 1, 323
1639, 1197, 73.03, 72, 48.65, 1, 323
1640, 1198, 73.05, 72, 48.65, 1, 323
1641, 1199, 73.07, 72, 48.65, 1, 323
1642, 1200, 73.08, 72, 48.65, 1, 323
1643, 1201, 73.10, 72, 48.65, 1, 323
1644, 1202, 73.11, 72, 48.65, 1, 323
1645, 1202, 73.07, 72, 48.65, 1, 323
1646, 1202, 73.03, 72, 48.65, 1, 323
1647, 1203, 73.04, 72, 48.65, 1, 323
1648, 1204, 73.06, 72, 48.65, 1, 323
1649, 1205, 73.07, 72, 48.65, 1, 323
1650, 1206, 73.09, 72, 48.65, 1, 323
1651, 1207, 73.11, 72, 48.65, 1, 323
1652, 1208, 73.12, 72, 48.65, 1, 323
1653, 1208, 73.08, 72, 48.65, 1, 324
1654, 1209, 73.10, 72, 48.65, 1, 324
1655, 1210, 73.11, 72, 48.65, 1, 324
1656, 1211, 73.13, 72, 48.65, 1, 324
1657, 1212, 73.14, 72, 48.65, 1, 324
1658, 1213, 73.16, 72, 48.65, 1, 324
1659, 1213, 73.12, 72, 48.65, 1, 325
1660, 1214, 73.13, 72, 48.65, 1, 325
1661, 1215, 73.15, 72, 48.65, 1, 325
1662, 1216, 73.16, 72, 48.65, 1, 325
1663, 1217, 73.18, 72, 48.65, 1, 325
1664, 1218, 73.20, 72, 48.65, 1, 325
1665, 1219, 73.21, 72, 48.65, 1, 325
1666, 1220, 73.23, 72, 48.65, 1, 325
1667, 1221, 73.25, 72, 48.65, 1, 325
1668, 1221, 73.20, 72, 48.65, 1, 326
1669, 1221, 73.16, 72, 48.65, 1, 327
1670, 1222, 73.17, 72, 48.65, 1, 327
1671, 1223, 73.19, 72, 48.65, 1, 327
1672, 1224, 73.21, 72, 48.65, 1, 327
1673, 1225, 73.22, 72, 48.65, 1, 327
1674, 1225, 73.18, 72, 48.65, 1, 328
1675, 1226, 73.19, 72, 48.65, 1, 328
1676, 1227, 73.21, 72, 48.65, 1, 328
1677, 1228, 73.23, 72, 48.65, 1, 328
1678, 1229, 73.24, 72, 48.65, 1, 328
1679, 1230, 73.26, 72, 48.65, 1, 328
1680, 1231, 73.27, 72, 48.65, 1, 328
1681, 1232, 73.29, 72, 48.65, 1, 328
1682, 1233, 73.31, 72, 48.65, 1, 328
1683, 1234, 73.32, 72, 48.65, 1, 328
1684, 1235, 73.34, 72, 48.65, 1, 328
1685, 1236, 73.35, 72, 48.65, 1, 328
1686, 1237, 73.37, 72, 48.65, 1, 328
1687, 1238, 73.38, 72, 48.65, 1, 328
1688, 1239, 73.40, 72, 48.65, 1, 328
1689, 1239, 73.36, 72, 48.65, 1, 329
1690, 1240, 73.37, 72, 48.65, 1, 329
1691, 1241, 73.39, 72, 48.65, 1, 329
1692, 1242, 73.40, 72, 48.65, 1, 329
1693, 1243, 73.42, 72, 48.65, 1, 329
1694, 1244, 73.44, 72, 48.65, 1, 329
1695, 1245, 73.45, 72, 48.65, 1, 329
1696, 1246, 73.47, 72, 48.65, 1, 329
1697, 1247, 73.48, 72, 48.65, 1, 329
1698, 1248, 73.50, 72, 48.65, 1, 329
1699, 1249, 73.51, 72, 48.65, 1, 329
1700, 1250, 73.53, 72, 48.65, 1, 329
1701, 1251, 73.54, 72, 48.65, 1, 329
1702, 1252, 73.56, 72, 48.65, 1, 329
1703, 1252, 73.52, 72, 48.65, 1, 330
1704, 1253, 73.53, 72, 48.65, 1, 330
1705, 1254, 73.55, 72, 48.65, 1, 330
1706, 1255, 73.56, 72, 48.65, 1, 330
1707, 1256, 73.58, 72, 48.65, 1, 330
1708, 1256, 73.54, 72, 48.65, 1, 330
1709, 1257, 73.55, 72, 48.65, 1, 330
1710, 1258, 73.57, 72, 48.65, 1, 330
1711, 1259, 73.58, 72, 48.65, 1, 330
1712, 1260, 73.60, 72, 48.65, 1, 330
1713, 1261, 73.61, 72, 48.65, 1, 330
1714, 1262, 73.63, 72, 48.65, 1, 330
1715, 1262, 73.59, 72, 48.65, 1, 330
1716, 1263, 73.60, 72, 48.65, 1, 330
1717, 1264, 73.62, 72, 48.65, 1, 330
1718, 1265, 73.63, 72, 48.65, 1, 330
1719, 1266, 73.65, 72, 48.65, 1, 330
1720, 1267, 73.66, 72, 48.65, 1, 330
1721, 1268, 73.68, 72, 48.65, 1, 330
1722, 1268, 73.64, 72, 48.65, 1, 331
1723, 1269, 73.65, 72, 48.65, 1, 331
1724, 1270, 73.67, 72, 48.65, 1, 331
1725, 1270, 73.62, 72, 48.65, 1, 332
1726, 1271, 73.64, 72, 48.65, 1, 332
1727, 1271, 73.60, 72, 48.65, 1, 333
1728, 1271, 73.55, 72, 48.65, 1, 333
1729, 1272, 73.57, 72, 48.65, 1, 333
1730, 1273, 73.58, 72, 48.65, 1, 333
1731, 1273, 73.54, 72, 48.65, 1, 334
1732, 1274, 73.56, 72, 48.65, 1, 334
1733, 1275, 73.57, 72, 48.65, 1, 334
1734, 1275, 73.53, 72, 48.65, 1, 335
1735, 1275, 73.49, 72, 48.65, 1, 336
1736, 1276, 73.50, 72, 48.65, 1, 336
1737, 1276, 73.46, 72, 48.65, 1, 337
1738, 1277, 73.48, 72, 48.65, 1, 337
1739, 1277, 73.43, 72, 48.65, 1, 338
1740, 1278, 73.45, 72, 48.65, 1, 338
1741, 1279, 73.46, 72, 48.65, 1, 338
1742, 1279, 73.42, 72, 48.65, 1, 339
1743, 1280, 73.44, 72, 48.65, 1, 339
1744, 1281, 73.45, 72, 48.65, 1, 339
1745, 1281, 73.41, 72, 48.65, 1, 340
1746, 1282, 73.42, 72, 48.65, 1, 340
1747, 1283, 73.44, 72, 48.65, 1, 340
1748, 1284, 73.46, 72, 48.65, 1, 340
1749, 1284, 73.41, 72, 48.65, 1, 341
1750, 1285, 73.43, 72, 48.65, 1, 341
1751, 1286, 73.44, 72, 48.65, 1, 341
1752, 1287, 73.46, 72, 48.65, 1, 341
1753, 1288, 73.47, 72, 48.65, 1, 341
1754, 1288, 73.43, 72, 48.65, 1, 342
1755, 1289, 73.45, 72, 48.65, 1, 342
1756, 1290, 73.46, 72, 48.65, 1, 342
1757, 1290, 73.42, 72, 48.65, 1, 343
1758, 1291, 73.44, 72, 48.65, 1, 343
1759, 1292, 73.45, 72, 48.65, 1, 343
1760, 1293, 73.47, 72, 48.65, 1, 343
1761, 1294, 73.48, 72, 48.65, 1, 343
1762, 1295, 73.50, 72, 48.65, 1, 343
1763, 1296, 73.51, 72, 48.65, 1, 343
1764, 1297, 73.53, 72, 48.65, 1, 343
1765, 1297, 73.48, 72, 48.65, 1, 344
1766, 1298, 73.50, 72, 48.65, 1, 344
1767, 1299, 73.51, 72, 48.65, 1, 344
1768, 1300, 73.53, 72, 48.65, 1, 344
1769, 1300, 73.49, 72, 48.65, 1, 345
1770, 1301, 73.50, 72, 48.65, 1, 345
1771, 1302, 73.52, 72, 48.65, 1, 345
1772, 1303, 73.53, 72, 48.65, 1, 345
1773, 1303, 73.49, 72, 48.65, 1, 346
1774, 1303, 73.45, 72, 48.65, 1, 347
1775, 1304, 73.46, 72, 48.65, 1, 347
1776, 1305, 73.48, 72, 48.65, 1, 347
1777, 1306, 73.49, 72, 48.65, 1, 347
1778, 1307, 73.51, 72, 48.65, 1, 347
1779, 1308, 73.52, 72, 48.65, 1, 347
1780, 1308, 73.48, 72, 48.65, 1, 348
1781, 1308, 73.44, 72, 48.65, 1, 349
1782, 1309, 73.46, 72, 48.65, 1, 349
1783, 1309, 73.42, 72, 48.65, 1, 349
1784, 1310, 73.43, 72, 48.65, 1, 349
1785, 1311, 73.45, 72, 48.65, 1, 349
1786, 1312, 73.46, 72, 48.65, 1, 349
1787, 1312, 73.42, 72, 48.65, 1, 349
1788, 1313, 73.43, 72, 48.65, 1, 349
1789, 1313, 73.39, 72, 48.65, 1, 349
1790, 1314, 73.41, 72, 48.65, 1, 349
1791, 1315, 73.42, 72, 48.65, 1, 349
1792, 1316, 73.44, 72, 48.65, 1, 349
1793, 1317, 73.45, 72, 48.65, 1, 349
1794, 1318, 73.47, 72, 48.65, 1, 349
1795, 1319, 73.48, 72, 48.65, 1, 349
1796, 1320, 73.50, 72, 48.65, 1, 349
1797, 1320, 73.46, 72, 48.65, 1, 350
1798, 1321, 73.47, 72, 48.65, 1, 350
1799, 1322, 73.49, 72, 48.65, 1, 350
1800, 1323, 73.50, 72, 48.65, 1, 350
1801, 1323, 73.46, 72, 48.65, 1, 351
1802, 1324, 73.47, 72, 48.65, 1, 351
1803, 1325, 73.49, 72, 48.65, 1, 351
1804, 1326, 73.50, 72, 48.65, 1, 351
1805, 1326, 73.46, 72, 48.65, 1, 351
1806, 1327, 73.48, 72, 48.65, 1, 351
1807, 1327, 73.44, 72, 48.65, 1, 351
1808, 1328, 73.45, 72, 48.65, 1, 351
1809, 1329, 73.47, 72, 48.65, 1, 351
1810, 1330, 73.48, 72, 48.65, 1, 351
1811, 1331, 73.50, 72, 48.65, 1, 351
1812, 1332, 73.51, 72, 48.65, 1, 351
1813, 1332, 73.47, 72, 48.65, 1, 352
1814, 1332, 73.43, 72, 48.65, 1, 353
1815, 1332, 73.39, 72, 48.65, 1, 354
1816, 1332, 73.35, 72, 48.65, 1, 354
1817, 1333, 73.36, 72, 48.65, 1, 354
1818, 1333, 73.32, 72, 48.65, 1, 354
1819, 1334, 73.34, 72, 48.65, 1, 354
1820, 1335, 73.35, 72, 48.65, 1, 354
1821, 1336, 73.37, 72, 48.65, 1, 354
1822, 1337, 73.38, 72, 48.65, 1, 354
1823, 1338, 73.40, 72, 48.65, 1, 354
1824, 1338, 73.36, 72, 48.65, 1, 354
1825, 1338, 73.32, 72, 48.65, 1, 354
1826, 1338, 73.27, 72, 48.65, 1, 355
1827, 1339, 73.29, 72, 48.65, 1, 355
1828, 1339, 73.25, 72, 48.65, 1, 356
1829, 1340, 73.26, 72, 48.65, 1, 356
1830, 1341, 73.28, 72, 48.65, 1, 356
1831, 1342, 73.29, 72, 48.65, 1, 356
1832, 1343, 73.31, 72, 48.65, 1, 356
1833, 1343, 73.27, 72, 48.65, 1, 357
1834, 1344, 73.28, 72, 48.65, 1, 357
1835, 1345, 73.30, 72, 48.65, 1, 357
1836, 1346, 73.31, 72, 48.65, 1, 357
1837, 1347, 73.33, 72, 48.65, 1, 357
1838, 1348, 73.34, 72, 48.65, 1, 357
1839, 1348, 73.30, 72, 48.65, 1, 358
1840, 1348, 73.26, 72, 48.65, 1, 359
1841, 1348, 73.22, 72, 48.65, 1, 360
1842, 1348, 73.18, 72, 48.65, 1, 360
1843, 1349, 73.20, 72, 48.65, 1, 360
1844, 1350, 73.21, 72, 48.65, 1, 360
1845, 1351, 73.22, 72, 48.65, 1, 360
1846, 1352, 73.24, 72, 48.65, 1, 360
1847, 1353, 73.25, 72, 48.65, 1, 360
1848, 1353, 73.21, 72, 48.65, 1, 360
1849, 1354, 73.23, 72, 48.65, 1, 360
1850, 1354, 73.19, 72, 48.65, 1, 361
1851, 1354, 73.15, 72, 48.65, 1, 362
1852, 1355, 73.16, 72, 48.65, 1, 362
1853, 1355, 73.12, 72, 48.65, 1, 362
1854, 1356, 73.14, 72, 48.65, 1, 362
1855, 1357, 73.15, 72, 48.65, 1, 362
1856, 1358, 73.17, 72, 48.65, 1, 362
1857, 1359, 73.18, 72, 48.65, 1, 362
1858, 1360, 73.20, 72, 48.65, 1, 362
1859, 1361, 73.21, 72, 48.65, 1, 362
1860, 1361, 73.17, 72, 48.65, 1, 363
1861, 1362, 73.19, 72, 48.65, 1, 363
1862, 1363, 73.20, 72, 48.65, 1, 363
1863, 1364, 73.22, 72, 48.65, 1, 363
1864, 1364, 73.18, 72, 48.65, 1, 364
1865, 1364, 73.14, 72, 48.65, 1, 364
1866, 1364, 73.10, 72, 48.65, 1, 365
1867, 1364, 73.06, 72, 48.65, 1, 366
1868, 1365, 73.07, 72, 48.65, 1, 366
1869, 1366, 73.09, 72, 48.65, 1, 366
1870, 1367, 73.10, 72, 48.65, 1, 366
1871, 1368, 73.12, 72, 48.65, 1, 366
1872, 1369, 73.13, 72, 48.65, 1, 366
1873, 1370, 73.14, 72, 48.65, 1, 366
1874, 1371, 73.16, 72, 48.65, 1, 366
1875, 1372, 73.17, 72, 48.65, 1, 366
1876, 1372, 73.13, 72, 48.65, 1, 367
1877, 1373, 73.15, 72, 48.65, 1, 367
1878, 1374, 73.16, 72, 48.65, 1, 367
1879, 1375, 73.18, 72, 48.65, 1, 367
1880, 1376, 73.19, 72, 48.65, 1, 367
1881, 1376, 73.15, 72, 48.65, 1, 368
1882, 1377, 73.17, 72, 48.65, 1, 368
1883, 1378, 73.18, 72, 48.65, 1, 368
1884, 1378, 73.14, 72, 48.65, 1, 369
1885, 1378, 73.10, 72, 48.65, 1, 370
1886, 1379, 73.12, 72, 48.65, 1, 370
1887, 1380, 73.13, 72, 48.65, 1, 370
1888, 1381, 73.15, 72, 48.65, 1, 370
1889, 1382, 73.16, 72, 48.65, 1, 370
1890, 1383, 73.17, 72, 48.65, 1, 370
1891, 1384, 73.19, 72, 48.65, 1, 370
1892, 1385, 73.20, 72, 48.65, 1, 370
1893, 1386, 73.22, 72, 48.65, 1, 370
1894, 1387, 73.23, 72, 48.65, 1, 370
1895, 1388, 73.25, 72, 48.65, 1, 370
1896, 1389, 73.26, 72, 48.65, 1, 370
1897, 1390, 73.27, 72, 48.65, 1, 370
1898, 1391, 73.29, 72, 48.65, 1, 370
1899, 1392, 73.30, 72, 48.65, 1, 370
1900, 1392, 73.26, 72, 48.65, 1, 371
1901, 1393, 73.28, 72, 48.65, 1, 371
1902, 1393, 73.24, 72, 48.65, 1, 372
1903, 1393, 73.20, 72, 48.65, 1, 373
1904, 1394, 73.21, 72, 48.65, 1, 373
1905, 1395, 73.23, 72, 48.65, 1, 373
1906, 1396, 73.24, 72, 48.65, 1, 373
1907, 1396, 73.20, 72, 48.65, 1, 374
1908, 1396, 73.17, 72, 48.65, 1, 374
1909, 1397, 73.18, 72, 48.65, 1, 374
1910, 1398, 73.19, 72, 48.65, 1, 374
1911, 1399, 73.21, 72, 48.65, 1, 374
1912, 1399, 73.17, 72, 48.65, 1, 374
1913, 1400, 73.18, 72, 48.65, 1, 374
1914, 1401, 73.20, 72, 48.65, 1, 374
1915, 1402, 73.21, 72, 48.65, 1, 374
1916, 1403, 73.23, 72, 48.65, 1, 374
1917, 1404, 73.24, 72, 48.65, 1, 374
1918, 1405, 73.25, 72, 48.65, 1, 374
1919, 1406, 73.27, 72, 48.65, 1, 374
1920, 1406, 73.23, 72, 48.65, 1, 375
1921, 1406, 73.19, 72, 48.65, 1, 376
1922, 1407, 73.20, 72, 48.65, 1, 376
1923, 1407, 73.17, 72, 48.65, 1, 377
1924, 1408, 73.18, 72, 48.65, 1, 377
1925, 1408, 73.14, 72, 48.65, 1, 378
1926, 1409, 73.16, 72, 48.65, 1, 378
1927, 1410, 73.17, 72, 48.65, 1, 378
1928, 1411, 73.18, 72, 48.65, 1, 378
1929, 1412, 73.20, 72, 48.65, 1, 378
1930, 1412, 73.16, 72, 48.65, 1, 379
1931, 1413, 73.17, 72, 48.65, 1, 379
1932, 1414, 73.19, 72, 48.65, 1, 379
1933, 1414, 73.15, 72, 48.65, 1, 380
1934, 1415, 73.16, 72, 48.65, 1, 380
1935, 1416, 73.18, 72, 48.65, 1, 380
1936, 1417, 73.19, 72, 48.65, 1, 380
1937, 1418, 73.21, 72, 48.65, 1, 380
1938, 1419, 73.22, 72, 48.65, 1, 380
1939, 1420, 73.23, 72, 48.65, 1, 380
1940, 1420, 73.20, 72, 48.65, 1, 381
1941, 1420, 73.16, 72, 48.65, 1, 382
1942, 1421, 73.17, 72, 48.65, 1, 382
1943, 1422, 73.19, 72, 48.65, 1, 382
1944, 1423, 73.20, 72, 48.65, 1, 382
1945, 1424, 73.21, 72, 48.65, 1, 382
1946, 1425, 73.23, 72, 48.65, 1, 382
1947, 1425, 73.19, 72, 48.65, 1, 383
1948, 1426, 73.20, 72, 48.65, 1, 383
1949, 1427, 73.22, 72, 48.65, 1, 383
1950, 1428, 73.23, 72, 48.65, 1, 383
1951, 1429, 73.24, 72, 48.65, 1, 383
1952, 1429, 73.21, 72, 48.65, 1, 384
1953, 1430, 73.22, 72, 48.65, 1, 384
1954, 1431, 73.23, 72, 48.65, 1, 384
1955, 1431, 73.20, 72, 48.65, 1, 385
1956, 1432, 73.21, 72, 48.65, 1, 385
1957, 1433, 73.22, 72, 48.65, 1, 385
1958, 1434, 73.24, 72, 48.65, 1, 385
1959, 1435, 73.25, 72, 48.65, 1, 385
1960, 1435, 73.21, 72, 48.65, 1, 386
1961, 1436, 73.23, 72, 48.65, 1, 386
1962, 1437, 73.24, 72, 48.65, 1, 386
1963, 1438, 73.26, 72, 48.65, 1, 386
1964, 1439, 73.27, 72, 48.65, 1, 386
1965, 1440, 73.28, 72, 48.65, 1, 386
1966, 1441, 73.30, 72, 48.65, 1, 386
1967, 1442, 73.31, 72, 48.65, 1, 386
1968, 1443, 73.32, 72, 48.65, 1, 386
1969, 1443, 73.29, 72, 48.65, 1, 387
1970, 1444, 73.30, 72, 48.65, 1, 387
1971, 1445, 73.31, 72, 48.65, 1, 387
1972, 1446, 73.33, 72, 48.65, 1, 387
1973, 1447, 73.34, 72, 48.65, 1, 387
1974, 1448, 73.35, 72, 48.65, 1, 387
1975, 1449, 73.37, 72, 48.65, 1, 387
1976, 1449, 73.33, 72, 48.65, 1, 388
1977, 1450, 73.34, 72, 48.65, 1, 388
1978, 1451, 73.36, 72, 48.65, 1, 388
1979, 1451, 73.32, 72, 48.65, 1, 389
1980, 1452, 73.33, 72, 48.65, 1, 389
1981, 1453, 73.35, 72, 48.65, 1, 389
1982, 1454, 73.36, 72, 48.65, 1, 389
1983, 1455, 73.37, 72, 48.65, 1, 389
1984, 1455, 73.34, 72, 48.65, 1, 390
1985, 1455, 73.30, 72, 48.65, 1, 391
1986, 1456, 73.31, 72, 48.65, 1, 391
1987, 1457, 73.33, 72, 48.65, 1, 391
1988, 1458, 73.34, 72, 48.65, 1, 391
1989, 1458, 73.30, 72, 48.65, 1, 392
1990, 1459, 73.32, 72, 48.65, 1, 392
1991, 1460, 73.33, 72, 48.65, 1, 392
1992, 1461, 73.34, 72, 48.65, 1, 392
1993, 1462, 73.36, 72, 48.65, 1, 392
1994, 1462, 73.32, 72, 48.65, 1, 393
1995, 1463, 73.33, 72, 48.65, 1, 393
1996, 1464, 73.35, 72, 48.65, 1, 393
1997, 1464, 73.31, 72, 48.65, 1, 393
1998, 1464, 73.27, 72, 48.65, 1, 394
1999, 1464, 73.24, 72, 48.65, 1, 395
2000, 1465, 73.25, 72, 48.65, 1, 395
2001, 1466, 73.26, 72, 48.65, 1, 395
2002, 1467, 73.28, 72, 48.65, 1, 395
2003, 1467, 73.24, 72, 48.65, 1, 395
2004, 1468, 73.25, 72, 48.65, 1, 395
2005, 1469, 73.27, 72, 48.65, 1, 395
2006, 1469, 73.23, 72, 48.65, 1, 396
2007, 1470, 73.24, 72, 48.65, 1, 396
2008, 1471, 73.26, 72, 48.65, 1, 396
2009, 1472, 73.27, 72, 48.65, 1, 396
2010, 1472, 73.23, 72, 48.65, 1, 397
2011, 1472, 73.20, 72, 48.65, 1, 397
2012, 1473, 73.21, 72, 48.65, 1, 397
2013, 1474, 73.22, 72, 48.65, 1, 397
2014, 1474, 73.19, 72, 48.65, 1, 398
2015, 1474, 73.15, 72, 48.65, 1, 399
2016, 1475, 73.16, 72, 48.65, 1, 399
2017, 1476, 73.18, 72, 48.65, 1, 399
2018, 1477, 73.19, 72, 48.65, 1, 399
2019, 1478, 73.20, 72, 48.65, 1, 399
2020, 1479, 73.22, 72, 48.65, 1, 399
2021, 1480, 73.23, 72, 48.65, 1, 399
2022, 1480, 73.19, 72, 48.65, 1, 399
2023, 1480, 73.16, 72, 48.65, 1, 400
2024, 1481, 73.17, 72, 48.65, 1, 400
2025, 1482, 73.19, 72, 48.65, 1, 400
2026, 1482, 73.15, 72, 48.65, 1, 401
2027, 1483, 73.16, 72, 48.65, 1, 401
2028, 1484, 73.18, 72, 48.65, 1, 401
2029, 1485, 73.19, 72, 48.65, 1, 401
2030, 1486, 73.20, 72, 48.65, 1, 401
2031, 1487, 73.22, 72, 48.65, 1, 401
2032, 1488, 73.23, 72, 48.65, 1, 401
2033, 1489, 73.24, 72, 48.65, 1, 401
2034, 1489, 73.21, 72, 48.65, 1, 402
2035, 1489, 73.17, 72, 48.65, 1, 403
2036, 1490, 73.18, 72, 48.65, 1, 403
2037, 1491, 73.20, 72, 48.65, 1, 403
2038, 1491, 73.16, 72, 48.65, 1, 404
2039, 1492, 73.17, 72, 48.65, 1, 404
2040, 1493, 73.19, 72, 48.65, 1, 404
2041, 1493, 73.15, 72, 48.65, 1, 405
2042, 1494, 73.16, 72, 48.65, 1, 405
2043, 1495, 73.18, 72, 48.65, 1, 405
2044, 1495, 73.14, 72, 48.65, 1, 406
2045, 1495, 73.11, 72, 48.65, 1, 407
2046, 1495, 73.07, 72, 48.65, 1, 408
2047, 1496, 73.08, 72, 48.65, 1, 408
2048, 1496, 73.05, 72, 48.65, 1, 409
2049, 1497, 73.06, 72, 48.65, 1, 409
2050, 1497, 73.02, 72, 48.65, 1, 410
2051, 1498, 73.04, 72, 48.65, 1, 410
2052, 1499, 73.05, 72, 48.65, 1, 410
2053, 1500, 73.06, 72, 48.65, 1, 410
2054, 1500, 73.03, 72, 48.65, 1, 411
2055, 1500, 72.99, 72, 48.65, 1, 411
2056, 1501, 73.01, 72, 48.65, 1, 411
2057, 1502, 73.02, 72, 48.65, 1, 411
2058, 1502, 72.98, 72, 48.65, 1, 411
2059, 1503, 73.00, 72, 48.65, 1, 411
2060, 1503, 72.96, 72, 48.65, 1, 411
2061, 1504, 72.97, 72, 48.65, 1, 411
2062, 1505, 72.99, 72, 48.65, 1, 411
2063, 1505, 72.95, 72, 48.65, 1, 411
2064, 1505, 72.92, 72, 48.65, 1, 411
2065, 1505, 72.88, 72, 48.65, 1, 412
2066, 1506, 72.89, 72, 48.65, 1, 412
2067, 1507, 72.91, 72, 48.65, 1, 412
2068, 1508, 72.92, 72, 48.65, 1, 412
2069, 1509, 72.93, 72, 48.65, 1, 412
2070, 1510, 72.95, 72, 48.65, 1, 412
2071, 1511, 72.96, 72, 48.65, 1, 412
2072, 1511, 72.92, 72, 48.65, 1, 413
2073, 1512, 72.94, 72, 48.65, 1, 413
2074, 1512, 72.90, 72, 48.65, 1, 414
2075, 1513, 72.92, 72, 48.65, 1, 414
2076, 1514, 72.93, 72, 48.65, 1, 414
2077, 1514, 72.89, 72, 48.65, 1, 415
2078, 1515, 72.91, 72, 48.65, 1, 415
2079, 1516, 72.92, 72, 48.65, 1, 415
2080, 1516, 72.88, 72, 48.65, 1, 416
2081, 1517, 72.90, 72, 48.65, 1, 416
2082, 1518, 72.91, 72, 48.65, 1, 416
2083, 1519, 72.92, 72, 48.65, 1, 416
2084, 1519, 72.89, 72, 48.65, 1, 417
2085, 1519, 72.85, 72, 48.65, 1, 418
2086, 1519, 72.82, 72, 48.65, 1, 419
2087, 1519, 72.78, 72, 48.65, 1, 420
2088, 1520, 72.80, 72, 48.65, 1, 420
2089, 1521, 72.81, 72, 48.65, 1, 420
2090, 1522, 72.82, 72, 48.65, 1, 420
2091, 1523, 72.84, 72, 48.65, 1, 420
2092, 1523, 72.80, 72, 48.65, 1, 421
2093, 1524, 72.81, 72, 48.65, 1, 421
2094, 1525, 72.83, 72, 48.65, 1, 421
2095, 1526, 72.84, 72, 48.65, 1, 421
2096, 1526, 72.81, 72, 48.65, 1, 422
2097, 1526, 72.77, 72, 48.65, 1, 423
2098, 1527, 72.78, 72, 48.65, 1, 423
2099, 1528, 72.80, 72, 48.65, 1, 423
2100, 1528, 72.76, 72, 48.65, 1, 424
2101, 1528, 72.73, 72, 48.65, 1, 425
2102, 1529, 72.74, 72, 48.65, 1, 425
2103, 1530, 72.75, 72, 48.65, 1, 425
2104, 1531, 72.77, 72, 48.65, 1, 425
2105, 1532, 72.78, 72, 48.65, 1, 425
2106, 1533, 72.79, 72, 48.65, 1, 425
2107, 1534, 72.80, 72, 48.65, 1, 425
2108, 1535, 72.82, 72, 48.65, 1, 425
2109, 1535, 72.78, 72, 48.65, 1, 426
2110, 1536, 72.80, 72, 48.65, 1, 426
2111, 1536, 72.76, 72, 48.65, 1, 427
2112, 1536, 72.73, 72, 48.65, 1, 428
2113, 1537, 72.74, 72, 48.65, 1, 428
2114, 1538, 72.75, 72, 48.65, 1, 428
2115, 1539, 72.77, 72, 48.65, 1, 428
2116, 1540, 72.78, 72, 48.65, 1, 428
2117, 1541, 72.79, 72, 48.65, 1, 428
2118, 1541, 72.76, 72, 48.65, 1, 429
2119, 1541, 72.72, 72, 48.65, 1, 429
2120, 1542, 72.74, 72, 48.65, 1, 429
2121, 1543, 72.75, 72, 48.65, 1, 429
2122, 1544, 72.76, 72, 48.65, 1, 429
2123, 1544, 72.73, 72, 48.65, 1, 429
2124, 1545, 72.74, 72, 48.65, 1, 429
2125, 1546, 72.75, 72, 48.65, 1, 429
2126, 1547, 72.77, 72, 48.65, 1, 429
2127, 1548, 72.78, 72, 48.65, 1, 429
2128, 1548, 72.74, 72, 48.65, 1, 429
2129, 1549, 72.76, 72, 48.65, 1, 429
2130, 1550, 72.77, 72, 48.65, 1, 429
2131, 1551, 72.78, 72, 48.65, 1, 429
2132, 1552, 72.80, 72, 48.65, 1, 429
2133, 1553, 72.81, 72, 48.65, 1, 429
2134, 1553, 72.77, 72, 48.65, 1, 429
2135, 1553, 72.74, 72, 48.65, 1, 430
2136, 1554, 72.75, 72, 48.65, 1, 430
2137, 1555, 72.77, 72, 48.65, 1, 430
2138, 1555, 72.73, 72, 48.65, 1, 431
2139, 1556, 72.74, 72, 48.65, 1, 431
2140, 1557, 72.76, 72, 48.65, 1, 431
2141, 1557, 72.72, 72, 48.65, 1, 432
2142, 1557, 72.69, 72, 48.65, 1, 433
2143, 1558, 72.70, 72, 48.65, 1, 433
2144, 1558, 72.67, 72, 48.65, 1, 434
2145, 1559, 72.68, 72, 48.65, 1, 434
2146, 1559, 72.65, 72, 48.65, 1, 434
2147, 1560, 72.66, 72, 48.65, 1, 434
2148, 1561, 72.67, 72, 48.65, 1, 434
2149, 1561, 72.64, 72, 48.65, 1, 434
2150, 1562, 72.65, 72, 48.65, 1, 434
2151, 1563, 72.66, 72, 48.65, 1, 434
2152, 1564, 72.68, 72, 48.65, 1, 434
2153, 1565, 72.69, 72, 48.65, 1, 434
2154, 1565, 72.66, 72, 48.65, 1, 435
2155, 1566, 72.67, 72, 48.65, 1, 435
2156, 1567, 72.68, 72, 48.65, 1, 435
2157, 1568, 72.69, 72, 48.65, 1, 435
2158, 1568, 72.66, 72, 48.65, 1, 436
2159, 1568, 72.63, 72, 48.65, 1, 436
2160, 1569, 72.64, 72, 48.65, 1, 436
2161, 1570, 72.65, 72, 48.65, 1, 436
2162, 1571, 72.66, 72, 48.65, 1, 436
2163, 1572, 72.68, 72, 48.65, 1, 436
2164, 1572, 72.64, 72, 48.65, 1, 436
2165, 1572, 72.61, 72, 48.65, 1, 437
2166, 1573, 72.62, 72, 48.65, 1, 437
2167, 1574, 72.63, 72, 48.65, 1, 437
2168, 1575, 72.65, 72, 48.65, 1, 437
2169, 1575, 72.61, 72, 48.65, 1, 438
2170, 1575, 72.58, 72, 48.65, 1, 439
2171, 1575, 72.55, 72, 48.65, 1, 440
2172, 1576, 72.56, 72, 48.65, 1, 440
2173, 1577, 72.57, 72, 48.65, 1, 440
2174, 1578, 72.59, 72, 48.65, 1, 440
2175, 1579, 72.60, 72, 48.65, 1, 440
2176, 1580, 72.61, 72, 48.65, 1, 440
2177, 1580, 72.58, 72, 48.65, 1, 440
2178, 1581, 72.59, 72, 48.65, 1, 440
2179, 1581, 72.56, 72, 48.65, 1, 440
2180, 1582, 72.57, 72, 48.65, 1, 440
2181, 1583, 72.58, 72, 48.65, 1, 440
2182, 1584, 72.59, 72, 48.65, 1, 440
2183, 1585, 72.61, 72, 48.65, 1, 440
2184, 1586, 72.62, 72, 48.65, 1, 440
2185, 1587, 72.63, 72, 48.65, 1, 440
2186, 1588, 72.64, 72, 48.65, 1, 440
2187, 1589, 72.66, 72, 48.65, 1, 440
2188, 1590, 72.67, 72, 48.65, 1, 440
2189, 1590, 72.64, 72, 48.65, 1, 441
2190, 1590, 72.60, 72, 48.65, 1, 442
2191, 1590, 72.57, 72, 48.65, 1, 443
2192, 1591, 72.58, 72, 48.65, 1, 443
2193, 1592, 72.59, 72, 48.65, 1, 443
2194, 1593, 72.61, 72, 48.65, 1, 443
2195, 1593, 72.57, 72, 48.65, 1, 444
2196, 1594, 72.59, 72, 48.65, 1, 444
2197, 1595, 72.60, 72, 48.65, 1, 444
2198, 1596, 72.61, 72, 48.65, 1, 444
2199, 1597, 72.62, 72, 48.65, 1, 444
2200, 1598, 72.64, 72, 48.65, 1, 444
2201, 1598, 72.60, 72, 48.65, 1, 445
2202, 1599, 72.62, 72, 48.65, 1, 445
2203, 1600, 72.63, 72, 48.65, 1, 445
2204, 1600, 72.60, 72, 48.65, 1, 446
2205, 1600, 72.56, 72, 48.65, 1, 446
2206, 1601, 72.57, 72, 48.65, 1, 446
2207, 1601, 72.54, 72, 48.65, 1, 446
2208, 1602, 72.55, 72, 48.65, 1, 446
2209, 1602, 72.52, 72, 48.65, 1, 447
2210, 1603, 72.53, 72, 48.65, 1, 447
2211, 1604, 72.55, 72, 48.65, 1, 447
2212, 1605, 72.56, 72, 48.65, 1, 447
2213, 1606, 72.57, 72, 48.65, 1, 447
2214, 1606, 72.54, 72, 48.65, 1, 448
2215, 1607, 72.55, 72, 48.65, 1, 448
2216, 1608, 72.56, 72, 48.65, 1, 448
2217, 1609, 72.58, 72, 48.65, 1, 448
2218, 1609, 72.54, 72, 48.65, 1, 449
2219, 1610, 72.56, 72, 48.65, 1, 449
2220, 1610, 72.52, 72, 48.65, 1, 450
2221, 1611, 72.53, 72, 48.65, 1, 450
2222, 1612, 72.55, 72, 48.65, 1, 450
2223, 1612, 72.51, 72, 48.65, 1, 451
2224, 1612, 72.48, 72, 48.65, 1, 452
2225, 1612, 72.45, 72, 48.65, 1, 453
2226, 1613, 72.46, 72, 48.65, 1, 453
2227, 1614, 72.47, 72, 48.65, 1, 453
2228, 1615, 72.49, 72, 48.65, 1, 453
2229, 1616, 72.50, 72, 48.65, 1, 453
2230, 1616, 72.47, 72, 48.65, 1, 454
2231, 1616, 72.43, 72, 48.65, 1, 455
2232, 1617, 72.45, 72, 48.65, 1, 455
2233, 1617, 72.41, 72, 48.65, 1, 456
2234, 1618, 72.43, 72, 48.65, 1, 456
2235, 1619, 72.44, 72, 48.65, 1, 456
2236, 1620, 72.45, 72, 48.65, 1, 456
2237, 1621, 72.46, 72, 48.65, 1, 456
2238, 1622, 72.48, 72, 48.65, 1, 456
2239, 1623, 72.49, 72, 48.65, 1, 456
2240, 1624, 72.50, 72, 48.65, 1, 456
2241, 1625, 72.51, 72, 48.65, 1, 456
2242, 1626, 72.52, 72, 48.65, 1, 456
2243, 1626, 72.49, 72, 48.65, 1, 457
2244, 1626, 72.46, 72, 48.65, 1, 458
2245, 1627, 72.47, 72, 48.65, 1, 458
2246, 1628, 72.48, 72, 48.65, 1, 458
2247, 1629, 72.50, 72, 48.65, 1, 458
2248, 1629, 72.46, 72, 48.65, 1, 459
2249, 1629, 72.43, 72, 48.65, 1, 460
2250, 1629, 72.40, 72, 48.65, 1, 460
2251, 1629, 72.37, 72, 48.65, 1, 461
2252, 1630, 72.38, 72, 48.65, 1, 461
2253, 1631, 72.39, 72, 48.65, 1, 461
2254, 1632, 72.40, 72, 48.65, 1, 461
2255, 1632, 72.37, 72, 48.65, 1, 462
2256, 1632, 72.34, 72, 48.65, 1, 463
2257, 1633, 72.35, 72, 48.65, 1, 463
2258, 1634, 72.36, 72, 48.65, 1, 463
2259, 1635, 72.38, 72, 48.65, 1, 463
2260, 1636, 72.39, 72, 48.65, 1, 463
2261, 1637, 72.40, 72, 48.65, 1, 463
2262, 1637, 72.37, 72, 48.65, 1, 464
2263, 1637, 72.34, 72, 48.65, 1, 465
2264, 1638, 72.35, 72, 48.65, 1, 465
2265, 1639, 72.36, 72, 48.65, 1, 465
2266, 1639, 72.33, 72, 48.65, 1, 465
2267, 1640, 72.34, 72, 48.65, 1, 465
2268, 1641, 72.35, 72, 48.65, 1, 465
2269, 1642, 72.37, 72, 48.65, 1, 465
2270, 1643, 72.38, 72, 48.65, 1, 465
2271, 1644, 72.39, 72, 48.65, 1, 465
2272, 1644, 72.36, 72, 48.65, 1, 465
2273, 1645, 72.37, 72, 48.65, 1, 465
2274, 1646, 72.38, 72, 48.65, 1, 465
2275, 1647, 72.40, 72, 48.65, 1, 465
2276, 1647, 72.36, 72, 48.65, 1, 465
2277, 1647, 72.33, 72, 48.65, 1, 465
2278, 1648, 72.34, 72, 48.65, 1, 465
2279, 1649, 72.36, 72, 48.65, 1, 465
2280, 1650, 72.37, 72, 48.65, 1, 465
2281, 1651, 72.38, 72, 48.65, 1, 465
2282, 1651, 72.35, 72, 48.65, 1, 466
2283, 1652, 72.36, 72, 48.65, 1, 466
2284, 1652, 72.33, 72, 48.65, 1, 467
2285, 1653, 72.34, 72, 48.65, 1, 467
2286, 1654, 72.35, 72, 48.65, 1, 467
2287, 1655, 72.37, 72, 48.65, 1, 467
2288, 1656, 72.38, 72, 48.65, 1, 467
2289, 1657, 72.39, 72, 48.65, 1, 467
2290, 1658, 72.40, 72, 48.65, 1, 467
2291, 1658, 72.37, 72, 48.65, 1, 468
2292, 1659, 72.38, 72, 48.65, 1, 468
2293, 1660, 72.39, 72, 48.65, 1, 468
2294, 1661, 72.41, 72, 48.65, 1, 468
2295, 1662, 72.42, 72, 48.65, 1, 468
2296, 1663, 72.43, 72, 48.65, 1, 468
2297, 1664, 72.44, 72, 48.65, 1, 468
2298, 1665, 72.45, 72, 48.65, 1, 468
2299, 1666, 72.47, 72, 48.65, 1, 468
2300, 1666, 72.43, 72, 48.65, 1, 469
2301, 1666, 72.40, 72, 48.65, 1, 470
2302, 1666, 72.37, 72, 48.65, 1, 471
2303, 1667, 72.38, 72, 48.65, 1, 471
2304, 1668, 72.40, 72, 48.65, 1, 471
2305, 1669, 72.41, 72, 48.65, 1, 471
2306, 1670, 72.42, 72, 48.65, 1, 471
2307, 1671, 72.43, 72, 48.65, 1, 471
2308, 1672, 72.44, 72, 48.65, 1, 471
2309, 1673, 72.46, 72, 48.65, 1, 471
2310, 1674, 72.47, 72, 48.65, 1, 471
2311, 1674, 72.44, 72, 48.65, 1, 472
2312, 1675, 72.45, 72, 48.65, 1, 472
2313, 1675, 72.42, 72, 48.65, 1, 473
2314, 1675, 72.39, 72, 48.65, 1, 474
2315, 1676, 72.40, 72, 48.65, 1, 474
2316, 1677, 72.41, 72, 48.65, 1, 474
2317, 1678, 72.42, 72, 48.65, 1, 474
2318, 1679, 72.43, 72, 48.65, 1, 474
2319, 1679, 72.40, 72, 48.65, 1, 475
2320, 1679, 72.37, 72, 48.65, 1, 476
2321, 1679, 72.34, 72, 48.65, 1, 477
2322, 1680, 72.35, 72, 48.65, 1, 477
2323, 1681, 72.36, 72, 48.65, 1, 477
2324, 1682, 72.38, 72, 48.65, 1, 477
2325, 1683, 72.39, 72, 48.65, 1, 477
2326, 1684, 72.40, 72, 48.65, 1, 477
2327, 1685, 72.41, 72, 48.65, 1, 477
2328, 1685, 72.38, 72, 48.65, 1, 478
2329, 1686, 72.39, 72, 48.65, 1, 478
2330, 1687, 72.40, 72, 48.65, 1, 478
2331, 1687, 72.37, 72, 48.65, 1, 479
2332, 1688, 72.38, 72, 48.65, 1, 479
2333, 1689, 72.40, 72, 48.65, 1, 479
2334, 1690, 72.41, 72, 48.65, 1, 479
2335, 1691, 72.42, 72, 48.65, 1, 479
2336, 1692, 72.43, 72, 48.65, 1, 479
2337, 1692, 72.40, 72, 48.65, 1, 480
2338, 1693, 72.41, 72, 48.65, 1, 480
2339, 1693, 72.38, 72, 48.65, 1, 481
2340, 1694, 72.39, 72, 48.65, 1, 481
2341, 1695, 72.40, 72, 48.65, 1, 481
2342, 1696, 72.42, 72, 48.65, 1, 481
2343, 1697, 72.43, 72, 48.65, 1, 481
2344, 1698, 72.44, 72, 48.65, 1, 481
2345, 1698, 72.41, 72, 48.65, 1, 482
2346, 1699, 72.42, 72, 48.65, 1, 482
2347, 1700, 72.43, 72, 48.65, 1, 482
2348, 1701, 72.44, 72, 48.65, 1, 482
2349, 1702, 72.46, 72, 48.65, 1, 482
2350, 1703, 72.47, 72, 48.65, 1, 482
2351, 1704, 72.48, 72, 48.65, 1, 482
2352, 1705, 72.49, 72, 48.65, 1, 482
2353, 1706, 72.50, 72, 48.65, 1, 482
2354, 1707, 72.51, 72, 48.65, 1, 482
2355, 1707, 72.48, 72, 48.65, 1, 483
2356, 1708, 72.50, 72, 48.65, 1, 483
2357, 1708, 72.46, 72, 48.65, 1, 484
2358, 1708, 72.43, 72, 48.65, 1, 485
2359, 1709, 72.45, 72, 48.65, 1, 485
2360, 1710, 72.46, 72, 48.65, 1, 485
2361, 1711, 72.47, 72, 48.65, 1, 485
2362, 1712, 72.48, 72, 48.65, 1, 485
2363, 1713, 72.49, 72, 48.65, 1, 485
2364, 1714, 72.50, 72, 48.65, 1, 485
2365, 1715, 72.52, 72, 48.65, 1, 485
2366, 1716, 72.53, 72, 48.65, 1, 485
2367, 1717, 72.54, 72, 48.65, 1, 485
2368, 1718, 72.55, 72, 48.65, 1, 485
2369, 1719, 72.56, 72, 48.65, 1, 485
2370, 1719, 72.53, 72, 48.65, 1, 486
2371, 1720, 72.54, 72, 48.65, 1, 486
2372, 1720, 72.51, 72, 48.65, 1, 487
2373, 1720, 72.48, 72, 48.65, 1, 488
2374, 1721, 72.49, 72, 48.65, 1, 488
2375, 1722, 72.51, 72, 48.65, 1, 488
2376, 1723, 72.52, 72, 48.65, 1, 488
2377, 1724, 72.53, 72, 48.65, 1, 488
2378, 1725, 72.54, 72, 48.65, 1, 488
2379, 1726, 72.55, 72, 48.65, 1, 488
2380, 1726, 72.52, 72, 48.65, 1, 489
2381, 1726, 72.49, 72, 48.65, 1, 489
2382, 1727, 72.50, 72, 48.65, 1, 489
2383, 1728, 72.51, 72, 48.65, 1, 489
2384, 1729, 72.53, 72, 48.65, 1, 489
2385, 1730, 72.54, 72, 48.65, 1, 489
2386, 1730, 72.51, 72, 48.65, 1, 489
2387, 1730, 72.48, 72, 48.65, 1, 489
2388, 1731, 72.49, 72, 48.65, 1, 489
2389, 1732, 72.50, 72, 48.65, 1, 489
2390, 1733, 72.51, 72, 48.65, 1, 489
2391, 1734, 72.52, 72, 48.65, 1, 489
2392, 1734, 72.49, 72, 48.65, 1, 490
2393, 1734, 72.46, 72, 48.65, 1, 491
2394, 1735, 72.47, 72, 48.65, 1, 491
2395, 1736, 72.48, 72, 48.65, 1, 491
2396, 1737, 72.50, 72, 48.65, 1, 491
2397, 1737, 72.47, 72, 48.65, 1, 492
2398, 1738, 72.48, 72, 48.65, 1, 492
2399, 1739, 72.49, 72, 48.65, 1, 492
2400, 1739, 72.46, 72, 48.65, 1, 492
2401, 1740, 72.47, 72, 48.65, 1, 492
2402, 1741, 72.48, 72, 48.65, 1, 492
2403, 1742, 72.49, 72, 48.65, 1, 492
2404, 1743, 72.50, 72, 48.65, 1, 492
2405, 1744, 72.52, 72, 48.65, 1, 492
2406, 1745, 72.53, 72, 48.65, 1, 492
2407, 1746, 72.54, 72, 48.65, 1, 492
2408, 1747, 72.55, 72, 48.65, 1, 492
2409, 1747, 72.52, 72, 48.65, 1, 492
2410, 1748, 72.53, 72, 48.65, 1, 492
2411, 1749, 72.54, 72, 48.65, 1, 492
2412, 1749, 72.51, 72, 48.65, 1, 493
2413, 1749, 72.48, 72, 48.65, 1, 494
2414, 1750, 72.49, 72, 48.65, 1, 494
2415, 1751, 72.51, 72, 48.65, 1, 494
2416, 1752, 72.52, 72, 48.65, 1, 494
2417, 1752, 72.49, 72, 48.65, 1, 495
2418, 1753, 72.50, 72, 48.65, 1, 495
2419, 1753, 72.47, 72, 48.65, 1, 496
2420, 1754, 72.48, 72, 48.65, 1, 496
2421, 1755, 72.49, 72, 48.65, 1, 496
2422, 1756, 72.50, 72, 48.65, 1, 496
2423, 1757, 72.51, 72, 48.65, 1, 496
2424, 1757, 72.48, 72, 48.65, 1, 497
2425, 1758, 72.49, 72, 48.65, 1, 497
2426, 1759, 72.51, 72, 48.65, 1, 497
2427, 1759, 72.48, 72, 48.65, 1, 498
2428, 1759, 72.45, 72, 48.65, 1, 499
2429, 1760, 72.46, 72, 48.65, 1, 499
2430, 1760, 72.43, 72, 48.65, 1, 500
2431, 1761, 72.44, 72, 48.65, 1, 500
2432, 1762, 72.45, 72, 48.65, 1, 500
2433, 1762, 72.42, 72, 48.65, 1, 501
2434, 1763, 72.43, 72, 48.65, 1, 501
2435, 1763, 72.40, 72, 48.65, 1, 502
2436, 1764, 72.41, 72, 48.65, 1, 502
2437, 1764, 72.38, 72, 48.65, 1, 503
2438, 1765, 72.40, 72, 48.65, 1, 503
2439, 1765, 72.37, 72, 48.65, 1, 504
2440, 1765, 72.34, 72, 48.65, 1, 505
2441, 1766, 72.35, 72, 48.65, 1, 505
2442, 1767, 72.36, 72, 48.65, 1, 505
2443, 1767, 72.33, 72, 48.65, 1, 506
2444, 1767, 72.30, 72, 48.65, 1, 506
2445, 1768, 72.31, 72, 48.65, 1, 506
2446, 1769, 72.32, 72, 48.65, 1, 506
2447, 1770, 72.33, 72, 48.65, 1, 506
2448, 1771, 72.34, 72, 48.65, 1, 506
2449, 1772, 72.36, 72, 48.65, 1, 506
2450, 1772, 72.33, 72, 48.65, 1, 506
2451, 1773, 72.34, 72, 48.65, 1, 506
2452, 1774, 72.35, 72, 48.65, 1, 506
2453, 1774, 72.32, 72, 48.65, 1, 507
2454, 1774, 72.29, 72, 48.65, 1, 508
2455, 1775, 72.30, 72, 48.65, 1, 508
2456, 1775, 72.27, 72, 48.65, 1, 509
2457, 1776, 72.28, 72, 48.65, 1, 509
2458, 1777, 72.29, 72, 48.65, 1, 509
2459, 1778, 72.31, 72, 48.65, 1, 509
2460, 1779, 72.32, 72, 48.65, 1, 509
2461, 1780, 72.33, 72, 48.65, 1, 509
2462, 1780, 72.30, 72, 48.65, 1, 510
2463, 1780, 72.27, 72, 48.65, 1, 511
2464, 1781, 72.28, 72, 48.65, 1, 511
2465, 1781, 72.25, 72, 48.65, 1, 512
2466, 1782, 72.26, 72, 48.65, 1, 512
2467, 1783, 72.27, 72, 48.65, 1, 512
2468, 1783, 72.24, 72, 48.65, 1, 513
2469, 1784, 72.26, 72, 48.65, 1, 513
2470, 1785, 72.27, 72, 48.65, 1, 513
2471, 1785, 72.24, 72, 48.65, 1, 514
2472, 1785, 72.21, 72, 48.65, 1, 515
2473, 1786, 72.22, 72, 48.65, 1, 515
2474, 1787, 72.23, 72, 48.65, 1, 515
2475, 1788, 72.24, 72, 48.65, 1, 515
2476, 1788, 72.21, 72, 48.65, 1, 516
2477, 1789, 72.22, 72, 48.65, 1, 516
2478, 1789, 72.20, 72, 48.65, 1, 517
2479, 1790, 72.21, 72, 48.65, 1, 517
2480, 1791, 72.22, 72, 48.65, 1, 517
2481, 1791, 72.19, 72, 48.65, 1, 518
2482, 1792, 72.20, 72, 48.65, 1, 518
2483, 1793, 72.21, 72, 48.65, 1, 518
2484, 1794, 72.22, 72, 48.65, 1, 518
2485, 1795, 72.23, 72, 48.65, 1, 518
2486, 1796, 72.24, 72, 48.65, 1, 518
2487, 1797, 72.26, 72, 48.65, 1, 518
2488, 1797, 72.23, 72, 48.65, 1, 519
2489, 1798, 72.24, 72, 48.65, 1, 519
2490, 1799, 72.25, 72, 48.65, 1, 519
2491, 1800, 72.26, 72, 48.65, 1, 519
2492, 1801, 72.27, 72, 48.65, 1, 519
2493, 1802, 72.28, 72, 48.65, 1, 519
2494, 1803, 72.29, 72, 48.65, 1, 519
2495, 1804, 72.30, 72, 48.65, 1, 519
2496, 1805, 72.32, 72, 48.65, 1, 519
2497, 1805, 72.29, 72, 48.65, 1, 520
2498, 1805, 72.26, 72, 48.65, 1, 521
2499, 1806, 72.27, 72, 48.65, 1, 521
2500, 1807, 72.28, 72, 48.65, 1, 521
2501, 1808, 72.29, 72, 48.65, 1, 521
2502, 1808, 72.26, 72, 48.65, 1, 522
2503, 1809, 72.27, 72, 48.65, 1, 522
2504, 1810, 72.28, 72, 48.65, 1, 522
2505, 1811, 72.30, 72, 48.65, 1, 522
2506, 1811, 72.27, 72, 48.65, 1, 523
2507, 1811, 72.24, 72, 48.65, 1, 523
2508, 1812, 72.25, 72, 48.65, 1, 523
2509, 1812, 72.22, 72, 48.65, 1, 523
2510, 1812, 72.19, 72, 48.65, 1, 524
2511, 1812, 72.16, 72, 48.65, 1, 525
2512, 1813, 72.17, 72, 48.65, 1, 525
2513, 1813, 72.14, 72, 48.65, 1, 526
2514, 1814, 72.16, 72, 48.65, 1, 526
2515, 1815, 72.17, 72, 48.65, 1, 526
2516, 1816, 72.18, 72, 48.65, 1, 526
2517, 1817, 72.19, 72, 48.65, 1, 526
2518, 1818, 72.20, 72, 48.65, 1, 526
2519, 1819, 72.21, 72, 48.65, 1, 526
2520, 1820, 72.22, 72, 48.65, 1, 526
2521, 1821, 72.23, 72, 48.65, 1, 526
2522, 1822, 72.24, 72, 48.65, 1, 526
2523, 1823, 72.26, 72, 48.65, 1, 526
2524, 1824, 72.27, 72, 48.65, 1, 526
2525, 1825, 72.28, 72, 48.65, 1, 526
2526, 1826, 72.29, 72, 48.65, 1, 526
2527, 1827, 72.30, 72, 48.65, 1, 526
2528, 1828, 72.31, 72, 48.65, 1, 526
2529, 1828, 72.28, 72, 48.65, 1, 527
2530, 1829, 72.29, 72, 48.65, 1, 527
2531, 1830, 72.30, 72, 48.65, 1, 527
2532, 1830, 72.27, 72, 48.65, 1, 528
2533, 1831, 72.29, 72, 48.65, 1, 528
2534, 1832, 72.30, 72, 48.65, 1, 528
2535, 1833, 72.31, 72, 48.65, 1, 528
2536, 1834, 72.32, 72, 48.65, 1, 528
2537, 1835, 72.33, 72, 48.65, 1, 528
2538, 1835, 72.30, 72, 48.65, 1, 529
2539, 1836, 72.31, 72, 48.65, 1, 529
2540, 1836, 72.28, 72, 48.65, 1, 530
2541, 1837, 72.29, 72, 48.65, 1, 530
2542, 1838, 72.31, 72, 48.65, 1, 530
2543, 1839, 72.32, 72, 48.65, 1, 530
2544, 1840, 72.33, 72, 48.65, 1, 530
2545, 1840, 72.30, 72, 48.65, 1, 531
2546, 1841, 72.31, 72, 48.65, 1, 531
2547, 1842, 72.32, 72, 48.65, 1, 531
2548, 1843, 72.33, 72, 48.65, 1, 531
2549, 1844, 72.34, 72, 48.65, 1, 531
2550, 1845, 72.35, 72, 48.65, 1, 531
2551, 1846, 72.36, 72, 48.65, 1, 531
2552, 1846, 72.34, 72, 48.65, 1, 531
2553, 1847, 72.35, 72, 48.65, 1, 531
2554, 1848, 72.36, 72, 48.65, 1, 531
2555, 1849, 72.37, 72, 48.65, 1, 531
2556, 1850, 72.38, 72, 48.65, 1, 531
2557, 1851, 72.39, 72, 48.65, 1, 531
2558, 1852, 72.40, 72, 48.65, 1, 531
2559, 1853, 72.41, 72, 48.65, 1, 531
2560, 1853, 72.38, 72, 48.65, 1, 532
2561, 1854, 72.39, 72, 48.65, 1, 532
2562, 1855, 72.40, 72, 48.65, 1, 532
2563, 1856, 72.42, 72, 48.65, 1, 532
2564, 1856, 72.39, 72, 48.65, 1, 533
2565, 1857, 72.40, 72, 48.65, 1, 533
2566, 1858, 72.41, 72, 48.65, 1, 533
2567, 1859, 72.42, 72, 48.65, 1, 533
2568, 1860, 72.43, 72, 48.65, 1, 533
2569, 1861, 72.44, 72, 48.65, 1, 533
2570, 1862, 72.45, 72, 48.65, 1, 533
2571, 1863, 72.46, 72, 48.65, 1, 533
2572, 1864, 72.47, 72, 48.65, 1, 533
2573, 1865, 72.48, 72, 48.65, 1, 533
2574, 1866, 72.49, 72, 48.65, 1, 533
2575, 1867, 72.50, 72, 48.65, 1, 533
2576, 1867, 72.48, 72, 48.65, 1, 534
2577, 1868, 72.49, 72, 48.65, 1, 534
2578, 1869, 72.50, 72, 48.65, 1, 534
2579, 1870, 72.51, 72, 48.65, 1, 534
2580, 1871, 72.52, 72, 48.65, 1, 534
2581, 1872, 72.53, 72, 48.65, 1, 534
2582, 1872, 72.50, 72, 48.65, 1, 535
2583, 1873, 72.51, 72, 48.65, 1, 535
2584, 1874, 72.52, 72, 48.65, 1, 535
2585, 1874, 72.50, 72, 48.65, 1, 536
2586, 1875, 72.51, 72, 48.65, 1, 536
2587, 1876, 72.52, 72, 48.65, 1, 536
2588, 1877, 72.53, 72, 48.65, 1, 536
2589, 1878, 72.54, 72, 48.65, 1, 536
2590, 1879, 72.55, 72, 48.65, 1, 536
2591, 1880, 72.56, 72, 48.65, 1, 536
2592, 1880, 72.53, 72, 48.65, 1, 537
2593, 1881, 72.54, 72, 48.65, 1, 537
2594, 1881, 72.51, 72, 48.65, 1, 538
2595, 1882, 72.52, 72, 48.65, 1, 538
2596, 1882, 72.50, 72, 48.65, 1, 539
2597, 1883, 72.51, 72, 48.65, 1, 539
2598, 1884, 72.52, 72, 48.65, 1, 539
2599, 1885, 72.53, 72, 48.65, 1, 539
2600, 1885, 72.50, 72, 48.65, 1, 540
2601, 1885, 72.47, 72, 48.65, 1, 541
2602, 1886, 72.48, 72, 48.65, 1, 541
2603, 1887, 72.49, 72, 48.65, 1, 541
2604, 1887, 72.47, 72, 48.65, 1, 542
2605, 1888, 72.48, 72, 48.65, 1, 542
2606, 1889, 72.49, 72, 48.65, 1, 542
2607, 1890, 72.50, 72, 48.65, 1, 542
2608, 1890, 72.47, 72, 48.65, 1, 543
2609, 1890, 72.44, 72, 48.65, 1, 544
2610, 1891, 72.45, 72, 48.65, 1, 544
2611, 1892, 72.46, 72, 48.65, 1, 544
2612, 1893, 72.47, 72, 48.65, 1, 544
2613, 1894, 72.48, 72, 48.65, 1, 544
2614, 1895, 72.49, 72, 48.65, 1, 544
2615, 1895, 72.47, 72, 48.65, 1, 545
2616, 1896, 72.48, 72, 48.65, 1, 545
2617, 1897, 72.49, 72, 48.65, 1, 545
2618, 1898, 72.50, 72, 48.65, 1, 545
2619, 1898, 72.47, 72, 48.65, 1, 545
2620, 1899, 72.48, 72, 48.65, 1, 545
2621, 1900, 72.49, 72, 48.65, 1, 545
2622, 1901, 72.50, 72, 48.65, 1, 545
2623, 1902, 72.51, 72, 48.65, 1, 545
2624, 1903, 72.52, 72, 48.65, 1, 545
2625, 1904, 72.53, 72, 48.65, 1, 545
2626, 1904, 72.51, 72, 48.65, 1, 545
2627, 1905, 72.52, 72, 48.65, 1, 545
2628, 1905, 72.49, 72, 48.65, 1, 545
2629, 1906, 72.50, 72, 48.65, 1, 545
2630, 1907, 72.51, 72, 48.65, 1, 545
2631, 1908, 72.52, 72, 48.65, 1, 545
2632, 1908, 72.49, 72, 48.65, 1, 545
2633, 1909, 72.50, 72, 48.65, 1, 545
2634, 1909, 72.48, 72, 48.65, 1, 546
2635, 1909, 72.45, 72, 48.65, 1, 547
2636, 1910, 72.46, 72, 48.65, 1, 547
2637, 1910, 72.43, 72, 48.65, 1, 547
2638, 1911, 72.44, 72, 48.65, 1, 547
2639, 1911, 72.41, 72, 48.65, 1, 548
2640, 1912, 72.42, 72, 48.65, 1, 548
2641, 1913, 72.43, 72, 48.65, 1, 548
2642, 1914, 72.45, 72, 48.65, 1, 548
2643, 1915, 72.46, 72, 48.65, 1, 548
2644, 1916, 72.47, 72, 48.65, 1, 548
2645, 1917, 72.48, 72, 48.65, 1, 548
2646, 1918, 72.49, 72, 48.65, 1, 548
2647, 1919, 72.50, 72, 48.65, 1, 548
2648, 1920, 72.51, 72, 48.65, 1, 548
2649, 1921, 72.52, 72, 48.65, 1, 548
2650, 1922, 72.53, 72, 48.65, 1, 548
2651, 1922, 72.50, 72, 48.65, 1, 549
2652, 1923, 72.51, 72, 48.65, 1, 549
2653, 1924, 72.52, 72, 48.65, 1, 549
2654, 1924, 72.49, 72, 48.65, 1, 550
2655, 1925, 72.50, 72, 48.65, 1, 550
2656, 1926, 72.52, 72, 48.65, 1, 550
2657, 1927, 72.53, 72, 48.65, 1, 550
2658, 1927, 72.50, 72, 48.65, 1, 550
2659, 1928, 72.51, 72, 48.65, 1, 550
2660, 1928, 72.48, 72, 48.65, 1, 550
2661, 1929, 72.49, 72, 48.65, 1, 550
2662, 1930, 72.50, 72, 48.65, 1, 550
2663, 1930, 72.47, 72, 48.65, 1, 551
2664, 1931, 72.48, 72, 48.65, 1, 551
2665, 1932, 72.50, 72, 48.65, 1, 551
2666, 1933, 72.51, 72, 48.65, 1, 551
2667, 1933, 72.48, 72, 48.65, 1, 551
2668, 1934, 72.49, 72, 48.65, 1, 551
2669, 1935, 72.50, 72, 48.65, 1, 551
2670, 1936, 72.51, 72, 48.65, 1, 551
2671, 1937, 72.52, 72, 48.65, 1, 551
2672, 1938, 72.53, 72, 48.65, 1, 551
2673, 1939, 72.54, 72, 48.65, 1, 551
2674, 1939, 72.51, 72, 48.65, 1, 551
2675, 1939, 72.49, 72, 48.65, 1, 552
2676, 1940, 72.50, 72, 48.65, 1, 552
2677, 1940, 72.47, 72, 48.65, 1, 553
2678, 1941, 72.48, 72, 48.65, 1, 553
2679, 1942, 72.49, 72, 48.65, 1, 553
2680, 1942, 72.46, 72, 48.65, 1, 553
2681, 1943, 72.47, 72, 48.65, 1, 553
2682, 1944, 72.48, 72, 48.65, 1, 553
2683, 1945, 72.49, 72, 48.65, 1, 553
2684, 1945, 72.47, 72, 48.65, 1, 554
2685, 1946, 72.48, 72, 48.65, 1, 554
2686, 1947, 72.49, 72, 48.65, 1, 554
2687, 1948, 72.50, 72, 48.65, 1, 554
2688, 1949, 72.51, 72, 48.65, 1, 554
2689, 1950, 72.52, 72, 48.65, 1, 554
2690, 1951, 72.53, 72, 48.65, 1, 554
2691, 1951, 72.50, 72, 48.65, 1, 555
2692, 1951, 72.47, 72, 48.65, 1, 556
2693, 1951, 72.45, 72, 48.65, 1, 556
2694, 1952, 72.46, 72, 48.65, 1, 556
2695, 1952, 72.43, 72, 48.65, 1, 557
2696, 1953, 72.44, 72, 48.65, 1, 557
2697, 1954, 72.45, 72, 48.65, 1, 557
2698, 1955, 72.46, 72, 48.65, 1, 557
2699, 1956, 72.47, 72, 48.65, 1, 557
2700, 1957, 72.48, 72, 48.65, 1, 557
2701, 1957, 72.45, 72, 48.65, 1, 558
2702, 1958, 72.46, 72, 48.65, 1, 558
2703, 1959, 72.48, 72, 48.65, 1, 558
2704, 1960, 72.49, 72, 48.65, 1, 558
2705, 1960, 72.46, 72, 48.65, 1, 558
2706, 1961, 72.47, 72, 48.65, 1, 558
2707, 1961, 72.44, 72, 48.65, 1, 558
2708, 1962, 72.45, 72, 48.65, 1, 558
2709, 1963, 72.46, 72, 48.65, 1, 558
2710, 1963, 72.44, 72, 48.65, 1, 559
2711, 1964, 72.45, 72, 48.65, 1, 559
2712, 1964, 72.42, 72, 48.65, 1, 560
2713, 1965, 72.43, 72, 48.65, 1, 560
2714, 1966, 72.44, 72, 48.65, 1, 560
2715, 1966, 72.41, 72, 48.65, 1, 561
2716, 1967, 72.42, 72, 48.65, 1, 561
2717, 1968, 72.43, 72, 48.65, 1, 561
2718, 1969, 72.44, 72, 48.65, 1, 561
2719, 1969, 72.42, 72, 48.65, 1, 562
2720, 1970, 72.43, 72, 48.65, 1, 562
2721, 1971, 72.44, 72, 48.65, 1, 562
2722, 1972, 72.45, 72, 48.65, 1, 562
2723, 1973, 72.46, 72, 48.65, 1, 562
2724, 1974, 72.47, 72, 48.65, 1, 562
2725, 1975, 72.48, 72, 48.65, 1, 562
2726, 1976, 72.49, 72, 48.65, 1, 562
2727, 1977, 72.50, 72, 48.65, 1, 562
2728, 1978, 72.51, 72, 48.65, 1, 562
2729, 1979, 72.52, 72, 48.65, 1, 562
2730, 1980, 72.53, 72, 48.65, 1, 562
2731, 1980, 72.50, 72, 48.65, 1, 563
2732, 1981, 72.51, 72, 48.65, 1, 563
2733, 1982, 72.52, 72, 48.65, 1, 563
2734, 1983, 72.53, 72, 48.65, 1, 563
2735, 1984, 72.54, 72, 48.65, 1, 563
2736, 1985, 72.55, 72, 48.65, 1, 563
2737, 1985, 72.52, 72, 48.65, 1, 564
2738, 1986, 72.53, 72, 48.65, 1, 564
2739, 1987, 72.54, 72, 48.65, 1, 564
2740, 1988, 72.55, 72, 48.65, 1, 564
2741, 1988, 72.53, 72, 48.65, 1, 565
2742, 1989, 72.54, 72, 48.65, 1, 565
2743, 1990, 72.55, 72, 48.65, 1, 565
2744, 1991, 72.56, 72, 48.65, 1, 565
2745, 1991, 72.53, 72, 48.65, 1, 566
2746, 1992, 72.54, 72, 48.65, 1, 566
2747, 1993, 72.55, 72, 48.65, 1, 566
2748, 1993, 72.53, 72, 48.65, 1, 567
2749, 1994, 72.54, 72, 48.65, 1, 567
2750, 1995, 72.55, 72, 48.65, 1, 567
2751, 1995, 72.52, 72, 48.65, 1, 568
2752, 1995, 72.49, 72, 48.65, 1, 568
2753, 1996, 72.50, 72, 48.65, 1, 568
2754, 1997, 72.51, 72, 48.65, 1, 568
2755, 1998, 72.52, 72, 48.65, 1, 568
2756, 1999, 72.53, 72, 48.65, 1, 568
2757, 2000, 72.54, 72, 48.65, 1, 568
2758, 2001, 72.55, 72, 48.65, 1, 568
2759, 2001, 72.53, 72, 48.65, 1, 569
2760, 2002, 72.54, 72, 48.65, 1, 569
2761, 2003, 72.55, 72, 48.65, 1, 569
2762, 2003, 72.52, 72, 48.65, 1, 570
2763, 2003, 72.49, 72, 48.65, 1, 571
2764, 2004, 72.50, 72, 48.65, 1, 571
2765, 2005, 72.51, 72, 48.65, 1, 571
2766, 2005, 72.49, 72, 48.65, 1, 572
2767, 2006, 72.50, 72, 48.65, 1, 572
2768, 2007, 72.51, 72, 48.65, 1, 572
2769, 2008, 72.52, 72, 48.65, 1, 572
2770, 2008, 72.49, 72, 48.65, 1, 573
2771, 2009, 72.50, 72, 48.65, 1, 573
2772, 2009, 72.47, 72, 48.65, 1, 574
2773, 2010, 72.48, 72, 48.65, 1, 574
2774, 2011, 72.49, 72, 48.65, 1, 574
2775, 2011, 72.47, 72, 48.65, 1, 575
2776, 2011, 72.44, 72, 48.65, 1, 575
2777, 2012, 72.45, 72, 48.65, 1, 575
2778, 2013, 72.46, 72, 48.65, 1, 575
2779, 2014, 72.47, 72, 48.65, 1, 575
2780, 2015, 72.48, 72, 48.65, 1, 575
2781, 2016, 72.49, 72, 48.65, 1, 575
2782, 2017, 72.50, 72, 48.65, 1, 575
2783, 2018, 72.51, 72, 48.65, 1, 575
2784, 2019, 72.52, 72, 48.65, 1, 575
2785, 2020, 72.53, 72, 48.65, 1, 575
2786, 2021, 72.54, 72, 48.65, 1, 575
2787, 2022, 72.55, 72, 48.65, 1, 575
2788, 2023, 72.56, 72, 48.65, 1, 575
2789, 2023, 72.53, 72, 48.65, 1, 576
2790, 2023, 72.51, 72, 48.65, 1, 577
2791, 2024, 72.52, 72, 48.65, 1, 577
2792, 2024, 72.49, 72, 48.65, 1, 578
2793, 2025, 72.50, 72, 48.65, 1, 578
2794, 2026, 72.51, 72, 48.65, 1, 578
2795, 2027, 72.52, 72, 48.65, 1, 578
2796, 2028, 72.53, 72, 48.65, 1, 578
2797, 2029, 72.54, 72, 48.65, 1, 578
2798, 2030, 72.55, 72, 48.65, 1, 578
2799, 2030, 72.53, 72, 48.65, 1, 579
2800, 2031, 72.54, 72, 48.65, 1, 579
2801, 2031, 72.51, 72, 48.65, 1, 579
2802, 2032, 72.52, 72, 48.65, 1, 579
2803, 2032, 72.49, 72, 48.65, 1, 580
2804, 2032, 72.47, 72, 48.65, 1, 581
2805, 2033, 72.48, 72, 48.65, 1, 581
2806, 2034, 72.49, 72, 48.65, 1, 581
2807, 2035, 72.50, 72, 48.65, 1, 581
2808, 2036, 72.51, 72, 48.65, 1, 581
2809, 2037, 72.52, 72, 48.65, 1, 581
2810, 2038, 72.53, 72, 48.65, 1, 581
2811, 2039, 72.54, 72, 48.65, 1, 581
2812, 2040, 72.55, 72, 48.65, 1, 581
2813, 2041, 72.56, 72, 48.65, 1, 581
2814, 2042, 72.57, 72, 48.65, 1, 581
2815, 2043, 72.58, 72, 48.65, 1, 581
2816, 2044, 72.59, 72, 48.65, 1, 581
2817, 2045, 72.59, 72, 48.65, 1, 581
2818, 2046, 72.60, 72, 48.65, 1, 581
2819, 2046, 72.58, 72, 48.65, 1, 582
2820, 2047, 72.59, 72, 48.65, 1, 582
2821, 2048, 72.60, 72, 48.65, 1, 582
2822, 2048, 72.57, 72, 48.65, 1, 583
2823, 2049, 72.58, 72, 48.65, 1, 583
2824, 2049, 72.56, 72, 48.65, 1, 584
2825, 2049, 72.53, 72, 48.65, 1, 585
2826, 2049, 72.51, 72, 48.65, 1, 586
2827, 2050, 72.52, 72, 48.65, 1, 586
2828, 2051, 72.52, 72, 48.65, 1, 586
2829, 2052, 72.53, 72, 48.65, 1, 586
2830, 2053, 72.54, 72, 48.65, 1, 586
2831, 2054, 72.55, 72, 48.65, 1, 586
2832, 2055, 72.56, 72, 48.65, 1, 586
2833, 2056, 72.57, 72, 48.65, 1, 586
2834, 2057, 72.58, 72, 48.65, 1, 586
2835, 2058, 72.59, 72, 48.65, 1, 586
2836, 2058, 72.57, 72, 48.65, 1, 587
2837, 2059, 72.58, 72, 48.65, 1, 587
2838, 2060, 72.59, 72, 48.65, 1, 587
2839, 2061, 72.60, 72, 48.65, 1, 587
2840, 2062, 72.61, 72, 48.65, 1, 587
2841, 2063, 72.62, 72, 48.65, 1, 587
2842, 2063, 72.59, 72, 48.65, 1, 588
2843, 2064, 72.60, 72, 48.65, 1, 588
2844, 2065, 72.61, 72, 48.65, 1, 588
2845, 2065, 72.58, 72, 48.65, 1, 589
2846, 2065, 72.56, 72, 48.65, 1, 590
2847, 2065, 72.53, 72, 48.65, 1, 591
2848, 2066, 72.54, 72, 48.65, 1, 591
2849, 2067, 72.55, 72, 48.65, 1, 591
2850, 2068, 72.56, 72, 48.65, 1, 591
2851, 2069, 72.57, 72, 48.65, 1, 591
2852, 2070, 72.58, 72, 48.65, 1, 591
2853, 2070, 72.56, 72, 48.65, 1, 592
2854, 2071, 72.56, 72, 48.65, 1, 592
2855, 2072, 72.57, 72, 48.65, 1, 592
2856, 2072, 72.55, 72, 48.65, 1, 593
2857, 2072, 72.52, 72, 48.65, 1, 594
2858, 2073, 72.53, 72, 48.65, 1, 594
2859, 2074, 72.54, 72, 48.65, 1, 594
2860, 2074, 72.52, 72, 48.65, 1, 594
2861, 2074, 72.49, 72, 48.65, 1, 595
2862, 2075, 72.50, 72, 48.65, 1, 595
2863, 2075, 72.48, 72, 48.65, 1, 596
2864, 2075, 72.45, 72, 48.65, 1, 597
2865, 2076, 72.46, 72, 48.65, 1, 597
2866, 2077, 72.47, 72, 48.65, 1, 597
2867, 2077, 72.45, 72, 48.65, 1, 598
2868, 2078, 72.45, 72, 48.65, 1, 598
2869, 2078, 72.43, 72, 48.65, 1, 598
2870, 2079, 72.44, 72, 48.65, 1, 598
2871, 2079, 72.41, 72, 48.65, 1, 599
2872, 2080, 72.42, 72, 48.65, 1, 599
2873, 2081, 72.43, 72, 48.65, 1, 599
2874, 2082, 72.44, 72, 48.65, 1, 599
2875, 2082, 72.42, 72, 48.65, 1, 600
2876, 2083, 72.43, 72, 48.65, 1, 600
2877, 2083, 72.40, 72, 48.65, 1, 601
2878, 2084, 72.41, 72, 48.65, 1, 601
2879, 2084, 72.39, 72, 48.65, 1, 602
2880, 2085, 72.40, 72, 48.65, 1, 602
2881, 2086, 72.41, 72, 48.65, 1, 602
2882, 2086, 72.38, 72, 48.65, 1, 603
2883, 2087, 72.39, 72, 48.65, 1, 603
2884, 2088, 72.40, 72, 48.65, 1, 603
2885, 2088, 72.37, 72, 48.65, 1, 604
2886, 2089, 72.38, 72, 48.65, 1, 604
2887, 2089, 72.36, 72, 48.65, 1, 605
2888, 2090, 72.37, 72, 48.65, 1, 605
2889, 2091, 72.38, 72, 48.65, 1, 605
2890, 2092, 72.39, 72, 48.65, 1, 605
2891, 2093, 72.40, 72, 48.65, 1, 605
2892, 2094, 72.41, 72, 48.65, 1, 605
2893, 2094, 72.38, 72, 48.65, 1, 606
2894, 2094, 72.36, 72, 48.65, 1, 607
2895, 2095, 72.37, 72, 48.65, 1, 607
2896, 2096, 72.38, 72, 48.65, 1, 607
2897, 2097, 72.39, 72, 48.65, 1, 607
2898, 2097, 72.36, 72, 48.65, 1, 608
2899, 2098, 72.37, 72, 48.65, 1, 608
2900, 2099, 72.38, 72, 48.65, 1, 608
2901, 2099, 72.35, 72, 48.65, 1, 609
2902, 2099, 72.33, 72, 48.65, 1, 610
2903, 2100, 72.34, 72, 48.65, 1, 610
2904, 2101, 72.35, 72, 48.65, 1, 610
2905, 2102, 72.36, 72, 48.65, 1, 610
2906, 2103, 72.37, 72, 48.65, 1, 610
2907, 2104, 72.38, 72, 48.65, 1, 610
2908, 2105, 72.39, 72, 48.65, 1, 610
2909, 2106, 72.40, 72, 48.65, 1, 610
2910, 2107, 72.41, 72, 48.65, 1, 610
2911, 2108, 72.41, 72, 48.65, 1, 610
2912, 2109, 72.42, 72, 48.65, 1, 610
2913, 2110, 72.43, 72, 48.65, 1, 610
2914, 2110, 72.41, 72, 48.65, 1, 611
2915, 2111, 72.42, 72, 48.65, 1, 611
2916, 2111, 72.39, 72, 48.65, 1, 612
2917, 2112, 72.40, 72, 48.65, 1, 612
2918, 2113, 72.41, 72, 48.65, 1, 612
2919, 2114, 72.42, 72, 48.65, 1, 612
2920, 2114, 72.40, 72, 48.65, 1, 613
2921, 2115, 72.41, 72, 48.65, 1, 613
2922, 2116, 72.42, 72, 48.65, 1, 613
2923, 2117, 72.43, 72, 48.65, 1, 613
2924, 2118, 72.44, 72, 48.65, 1, 613
2925, 2119, 72.44, 72, 48.65, 1, 613
2926, 2120, 72.45, 72, 48.65, 1, 613
2927, 2121, 72.46, 72, 48.65, 1, 613
2928, 2122, 72.47, 72, 48.65, 1, 613
2929, 2123, 72.48, 72, 48.65, 1, 613
2930, 2124, 72.49, 72, 48.65, 1, 613
2931, 2125, 72.50, 72, 48.65, 1, 613
2932, 2125, 72.48, 72, 48.65, 1, 614
2933, 2126, 72.49, 72, 48.65, 1, 614
2934, 2127, 72.49, 72, 48.65, 1, 614
2935, 2127, 72.47, 72, 48.65, 1, 615
2936, 2127, 72.45, 72, 48.65, 1, 616
2937, 2128, 72.45, 72, 48.65, 1, 616
2938, 2129, 72.46, 72, 48.65, 1, 616
2939, 2130, 72.47, 72, 48.65, 1, 616
2940, 2130, 72.45, 72, 48.65, 1, 616
2941, 2131, 72.46, 72, 48.65, 1, 616
2942, 2131, 72.43, 72, 48.65, 1, 617
2943, 2132, 72.44, 72, 48.65, 1, 617
2944, 2132, 72.42, 72, 48.65, 1, 618
2945, 2132, 72.39, 72, 48.65, 1, 619
2946, 2133, 72.40, 72, 48.65, 1, 619
2947, 2133, 72.38, 72, 48.65, 1, 620
2948, 2133, 72.35, 72, 48.65, 1, 621
2949, 2134, 72.36, 72, 48.65, 1, 621
2950, 2135, 72.37, 72, 48.65, 1, 621
2951, 2136, 72.38, 72, 48.65, 1, 621
2952, 2137, 72.39, 72, 48.65, 1, 621
2953, 2138, 72.40, 72, 48.65, 1, 621
2954, 2138, 72.38, 72, 48.65, 1, 622
2955, 2139, 72.39, 72, 48.65, 1, 622
2956, 2139, 72.36, 72, 48.65, 1, 623
2957, 2140, 72.37, 72, 48.65, 1, 623
2958, 2141, 72.38, 72, 48.65, 1, 623
2959, 2142, 72.39, 72, 48.65, 1, 623
2960, 2143, 72.40, 72, 48.65, 1, 623
2961, 2144, 72.41, 72, 48.65, 1, 623
2962, 2144, 72.38, 72, 48.65, 1, 623
2963, 2145, 72.39, 72, 48.65, 1, 623
2964, 2146, 72.40, 72, 48.65, 1, 623
2965, 2147, 72.41, 72, 48.65, 1, 623
2966, 2148, 72.42, 72, 48.65, 1, 623
2967, 2148, 72.40, 72, 48.65, 1, 623
2968, 2149, 72.41, 72, 48.65, 1, 623
2969, 2149, 72.38, 72, 48.65, 1, 623
2970, 2150, 72.39, 72, 48.65, 1, 623
2971, 2151, 72.40, 72, 48.65, 1, 623
2972, 2152, 72.41, 72, 48.65, 1, 623
2973, 2152, 72.38, 72, 48.65, 1, 624
2974, 2153, 72.39, 72, 48.65, 1, 624
2975, 2154, 72.40, 72, 48.65, 1, 624
2976, 2155, 72.41, 72, 48.65, 1, 624
2977, 2156, 72.42, 72, 48.65, 1, 624
2978, 2157, 72.43, 72, 48.65, 1, 624
2979, 2157, 72.41, 72, 48.65, 1, 625
2980, 2158, 72.42, 72, 48.65, 1, 625
2981, 2159, 72.43, 72, 48.65, 1, 625
2982, 2159, 72.40, 72, 48.65, 1, 626
2983, 2159, 72.38, 72, 48.65, 1, 627
2984, 2160, 72.39, 72, 48.65, 1, 627
2985, 2160, 72.36, 72, 48.65, 1, 628
2986, 2161, 72.37, 72, 48.65, 1, 628
2987, 2161, 72.35, 72, 48.65, 1, 629
2988, 2162, 72.36, 72, 48.65, 1, 629
2989, 2163, 72.37, 72, 48.65, 1, 629
2990, 2164, 72.37, 72, 48.65, 1, 629
2991, 2164, 72.35, 72, 48.65, 1, 630
2992, 2165, 72.36, 72, 48.65, 1, 630
2993, 2165, 72.34, 72, 48.65, 1, 631
2994, 2166, 72.34, 72, 48.65, 1, 631
2995, 2167, 72.35, 72, 48.65, 1, 631
2996, 2167, 72.33, 72, 48.65, 1, 632
2997, 2168, 72.34, 72, 48.65, 1, 632
2998, 2169, 72.35, 72, 48.65, 1, 632
2999, 2170, 72.36, 72, 48.65, 1, 632
3000, 2171, 72.37, 72, 48.65, 1, 632
3001, 2172, 72.38, 72, 48.65, 1, 632
3002, 2173, 72.39, 72, 48.65, 1, 632
3003, 2174, 72.39, 72, 48.65, 1, 632
3004, 2175, 72.40, 72, 48.65, 1, 632
3005, 2176, 72.41, 72, 48.65, 1, 632
3006, 2176, 72.39, 72, 48.65, 1, 633
3007, 2177, 72.40, 72, 48.65, 1, 633
3008, 2178, 72.41, 72, 48.65, 1, 633
3009, 2179, 72.42, 72, 48.65, 1, 633
3010, 2180, 72.43, 72, 48.65, 1, 633
3011, 2181, 72.43, 72, 48.65, 1, 633
3012, 2182, 72.44, 72, 48.65, 1, 633
3013, 2183, 72.45, 72, 48.65, 1, 633
3014, 2184, 72.46, 72, 48.65, 1, 633
3015, 2184, 72.44, 72, 48.65, 1, 634
3016, 2185, 72.45, 72, 48.65, 1, 634
3017, 2186, 72.46, 72, 48.65, 1, 634
3018, 2187, 72.47, 72, 48.65, 1, 634
3019, 2187, 72.44, 72, 48.65, 1, 634
3020, 2187, 72.42, 72, 48.65, 1, 634
3021, 2188, 72.43, 72, 48.65, 1, 634
3022, 2188, 72.40, 72, 48.65, 1, 635
3023, 2189, 72.41, 72, 48.65, 1, 635
3024, 2189, 72.39, 72, 48.65, 1, 636
3025, 2189, 72.36, 72, 48.65, 1, 636
3026, 2189, 72.34, 72, 48.65, 1, 637
3027, 2190, 72.35, 72, 48.65, 1, 637
3028, 2190, 72.32, 72, 48.65, 1, 638
3029, 2191, 72.33, 72, 48.65, 1, 638
3030, 2192, 72.34, 72, 48.65, 1, 638
3031, 2193, 72.35, 72, 48.65, 1, 638
3032, 2194, 72.36, 72, 48.65, 1, 638
3033, 2195, 72.37, 72, 48.65, 1, 638
3034, 2196, 72.38, 72, 48.65, 1, 638
3035, 2197, 72.39, 72, 48.65, 1, 638
3036, 2198, 72.40, 72, 48.65, 1, 638
3037, 2199, 72.41, 72, 48.65, 1, 638
3038, 2200, 72.42, 72, 48.65, 1, 638
3039, 2201, 72.43, 72, 48.65, 1, 638
3040, 2202, 72.43, 72, 48.65, 1, 638
3041, 2202, 72.41, 72, 48.65, 1, 639
3042, 2203, 72.42, 72, 48.65, 1, 639
3043, 2203, 72.40, 72, 48.65, 1, 640
3044, 2204, 72.40, 72, 48.65, 1, 640
3045, 2205, 72.41, 72, 48.65, 1, 640
3046, 2206, 72.42, 72, 48.65, 1, 640
3047, 2207, 72.43, 72, 48.65, 1, 640
3048, 2207, 72.41, 72, 48.65, 1, 640
3049, 2208, 72.42, 72, 48.65, 1, 640
3050, 2209, 72.43, 72, 48.65, 1, 640
3051, 2210, 72.44, 72, 48.65, 1, 640
3052, 2211, 72.44, 72, 48.65, 1, 640
3053, 2211, 72.42, 72, 48.65, 1, 641
3054, 2212, 72.43, 72, 48.65, 1, 641
3055, 2213, 72.44, 72, 48.65, 1, 641
3056, 2214, 72.45, 72, 48.65, 1, 641
3057, 2215, 72.46, 72, 48.65, 1, 641
3058, 2216, 72.47, 72, 48.65, 1, 641
3059, 2216, 72.44, 72, 48.65, 1, 642
3060, 2217, 72.45, 72, 48.65, 1, 642
3061, 2218, 72.46, 72, 48.65, 1, 642
3062, 2219, 72.47, 72, 48.65, 1, 642
3063, 2220, 72.48, 72, 48.65, 1, 642
3064, 2220, 72.45, 72, 48.65, 1, 643
3065, 2220, 72.43, 72, 48.65, 1, 644
3066, 2221, 72.44, 72, 48.65, 1, 644
3067, 2222, 72.45, 72, 48.65, 1, 644
3068, 2222, 72.43, 72, 48.65, 1, 644
3069, 2223, 72.43, 72, 48.65, 1, 644
3070, 2223, 72.41, 72, 48.65, 1, 645
3071, 2224, 72.42, 72, 48.65, 1, 645
3072, 2225, 72.43, 72, 48.65, 1, 645
3073, 2226, 72.44, 72, 48.65, 1, 645
3074, 2227, 72.45, 72, 48.65, 1, 645
3075, 2227, 72.42, 72, 48.65, 1, 646
3076, 2228, 72.43, 72, 48.65, 1, 646
3077, 2228, 72.41, 72, 48.65, 1, 647
3078, 2229, 72.42, 72, 48.65, 1, 647
3079, 2230, 72.43, 72, 48.65, 1, 647
3080, 2230, 72.40, 72, 48.65, 1, 648
3081, 2231, 72.41, 72, 48.65, 1, 648
3082, 2231, 72.39, 72, 48.65, 1, 649
3083, 2232, 72.40, 72, 48.65, 1, 649
3084, 2232, 72.37, 72, 48.65, 1, 649
3085, 2233, 72.38, 72, 48.65, 1, 649
3086, 2234, 72.39, 72, 48.65, 1, 649
3087, 2235, 72.40, 72, 48.65, 1, 649
3088, 2235, 72.38, 72, 48.65, 1, 650
3089, 2235, 72.35, 72, 48.65, 1, 651
3090, 2236, 72.36, 72, 48.65, 1, 651
3091, 2237, 72.37, 72, 48.65, 1, 651
3092, 2238, 72.38, 72, 48.65, 1, 651
3093, 2238, 72.36, 72, 48.65, 1, 652
3094, 2239, 72.37, 72, 48.65, 1, 652
3095, 2239, 72.34, 72, 48.65, 1, 653
3096, 2239, 72.32, 72, 48.65, 1, 653
3097, 2240, 72.33, 72, 48.65, 1, 653
3098, 2241, 72.34, 72, 48.65, 1, 653
3099, 2242, 72.35, 72, 48.65, 1, 653
3100, 2243, 72.35, 72, 48.65, 1, 653
3101, 2243, 72.33, 72, 48.65, 1, 654
3102, 2244, 72.34, 72, 48.65, 1, 654
3103, 2245, 72.35, 72, 48.65, 1, 654
3104, 2246, 72.36, 72, 48.65, 1, 654
3105, 2246, 72.33, 72, 48.65, 1, 655
3106, 2247, 72.34, 72, 48.65, 1, 655
3107, 2248, 72.35, 72, 48.65, 1, 655
3108, 2249, 72.36, 72, 48.65, 1, 655
3109, 2250, 72.37, 72, 48.65, 1, 655
3110, 2250, 72.35, 72, 48.65, 1, 655
3111, 2250, 72.32, 72, 48.65, 1, 656
3112, 2250, 72.30, 72, 48.65, 1, 657
3113, 2251, 72.31, 72, 48.65, 1, 657
3114, 2252, 72.32, 72, 48.65, 1, 657
3115, 2253, 72.33, 72, 48.65, 1, 657
3116, 2254, 72.34, 72, 48.65, 1, 657
3117, 2255, 72.35, 72, 48.65, 1, 657
3118, 2256, 72.35, 72, 48.65, 1, 657
3119, 2257, 72.36, 72, 48.65, 1, 657
3120, 2258, 72.37, 72, 48.65, 1, 657
3121, 2259, 72.38, 72, 48.65, 1, 657
3122, 2259, 72.36, 72, 48.65, 1, 658
3123, 2260, 72.37, 72, 48.65, 1, 658
3124, 2260, 72.34, 72, 48.65, 1, 659
3125, 2261, 72.35, 72, 48.65, 1, 659
3126, 2262, 72.36, 72, 48.65, 1, 659
3127, 2263, 72.37, 72, 48.65, 1, 659
3128, 2264, 72.38, 72, 48.65, 1, 659
3129, 2265, 72.39, 72, 48.65, 1, 659
3130, 2266, 72.40, 72, 48.65, 1, 659
3131, 2266, 72.37, 72, 48.65, 1, 659
3132, 2266, 72.35, 72, 48.65, 1, 659
3133, 2266, 72.33, 72, 48.65, 1, 660
3134, 2266, 72.30, 72, 48.65, 1, 661
3135, 2267, 72.31, 72, 48.65, 1, 661
3136, 2268, 72.32, 72, 48.65, 1, 661
3137, 2269, 72.33, 72, 48.65, 1, 661
3138, 2270, 72.34, 72, 48.65, 1, 661
3139, 2271, 72.35, 72, 48.65, 1, 661
3140, 2272, 72.36, 72, 48.65, 1, 661
3141, 2272, 72.33, 72, 48.65, 1, 662
3142, 2272, 72.31, 72, 48.65, 1, 662
3143, 2273, 72.32, 72, 48.65, 1, 662
3144, 2274, 72.33, 72, 48.65, 1, 662
3145, 2274, 72.31, 72, 48.65, 1, 662
3146, 2275, 72.31, 72, 48.65, 1, 662
3147, 2276, 72.32, 72, 48.65, 1, 662
3148, 2276, 72.30, 72, 48.65, 1, 662
3149, 2277, 72.31, 72, 48.65, 1, 662
3150, 2277, 72.29, 72, 48.65, 1, 662
3151, 2278, 72.29, 72, 48.65, 1, 662
3152, 2278, 72.27, 72, 48.65, 1, 662
3153, 2279, 72.28, 72, 48.65, 1, 662
3154, 2280, 72.29, 72, 48.65, 1, 662
3155, 2281, 72.30, 72, 48.65, 1, 662
3156, 2281, 72.28, 72, 48.65, 1, 663
3157, 2282, 72.28, 72, 48.65, 1, 663
3158, 2282, 72.26, 72, 48.65, 1, 664
3159, 2283, 72.27, 72, 48.65, 1, 664
3160, 2284, 72.28, 72, 48.65, 1, 664
3161, 2284, 72.26, 72, 48.65, 1, 665
3162, 2285, 72.26, 72, 48.65, 1, 665
3163, 2286, 72.27, 72, 48.65, 1, 665
3164, 2287, 72.28, 72, 48.65, 1, 665
3165, 2288, 72.29, 72, 48.65, 1, 665
3166, 2289, 72.30, 72, 48.65, 1, 665
3167, 2290, 72.31, 72, 48.65, 1, 665
3168, 2291, 72.32, 72, 48.65, 1, 665
3169, 2292, 72.33, 72, 48.65, 1, 665
3170, 2293, 72.33, 72, 48.65, 1, 665
3171, 2293, 72.31, 72, 48.65, 1, 666
3172, 2294, 72.32, 72, 48.65, 1, 666
3173, 2294, 72.30, 72, 48.65, 1, 666
3174, 2294, 72.27, 72, 48.65, 1, 666
3175, 2294, 72.25, 72, 48.65, 1, 666
3176, 2295, 72.26, 72, 48.65, 1, 666
3177, 2295, 72.24, 72, 48.65, 1, 667
3178, 2296, 72.25, 72, 48.65, 1, 667
3179, 2296, 72.22, 72, 48.65, 1, 668
3180, 2297, 72.23, 72, 48.65, 1, 668
3181, 2297, 72.21, 72, 48.65, 1, 669
3182, 2298, 72.22, 72, 48.65, 1, 669
3183, 2299, 72.23, 72, 48.65, 1, 669
3184, 2300, 72.24, 72, 48.65, 1, 669
3185, 2301, 72.24, 72, 48.65, 1, 669
3186, 2302, 72.25, 72, 48.65, 1, 669
3187, 2302, 72.23, 72, 48.65, 1, 670
3188, 2303, 72.24, 72, 48.65, 1, 670
3189, 2304, 72.25, 72, 48.65, 1, 670
3190, 2305, 72.26, 72, 48.65, 1, 670
3191, 2305, 72.23, 72, 48.65, 1, 670
3192, 2305, 72.21, 72, 48.65, 1, 671
3193, 2306, 72.22, 72, 48.65, 1, 671
3194, 2307, 72.23, 72, 48.65, 1, 671
3195, 2307, 72.21, 72, 48.65, 1, 672
3196, 2308, 72.22, 72, 48.65, 1, 672
3197, 2309, 72.22, 72, 48.65, 1, 672
3198, 2310, 72.23, 72, 48.65, 1, 672
3199, 2311, 72.24, 72, 48.65, 1, 672
3200, 2311, 72.22, 72, 48.65, 1, 672
3201, 2312, 72.23, 72, 48.65, 1, 672
3202, 2313, 72.24, 72, 48.65, 1, 672
3203, 2314, 72.24, 72, 48.65, 1, 672
3204, 2314, 72.22, 72, 48.65, 1, 673
3205, 2315, 72.23, 72, 48.65, 1, 673
3206, 2315, 72.21, 72, 48.65, 1, 674
3207, 2316, 72.22, 72, 48.65, 1, 674
3208, 2317, 72.23, 72, 48.65, 1, 674
3209, 2318, 72.23, 72, 48.65, 1, 674
3210, 2319, 72.24, 72, 48.65, 1, 674
3211, 2319, 72.22, 72, 48.65, 1, 675
3212, 2319, 72.20, 72, 48.65, 1, 676
3213, 2320, 72.21, 72, 48.65, 1, 676
3214, 2321, 72.22, 72, 48.65, 1, 676
3215, 2322, 72.22, 72, 48.65, 1, 676
3216, 2322, 72.20, 72, 48.65, 1, 677
3217, 2323, 72.21, 72, 48.65, 1, 677
3218, 2324, 72.22, 72, 48.65, 1, 677
3219, 2324, 72.20, 72, 48.65, 1, 678
3220, 2325, 72.20, 72, 48.65, 1, 678
3221, 2326, 72.21, 72, 48.65, 1, 678
3222, 2326, 72.19, 72, 48.65, 1, 679
3223, 2327, 72.20, 72, 48.65, 1, 679
3224, 2328, 72.21, 72, 48.65, 1, 679
3225, 2329, 72.22, 72, 48.65, 1, 679
3226, 2330, 72.23, 72, 48.65, 1, 679
3227, 2331, 72.23, 72, 48.65, 1, 679
3228, 2332, 72.24, 72, 48.65, 1, 679
3229, 2332, 72.22, 72, 48.65, 1, 680
3230, 2333, 72.23, 72, 48.65, 1, 680
3231, 2334, 72.24, 72, 48.65, 1, 680
3232, 2335, 72.25, 72, 48.65, 1, 680
3233, 2336, 72.25, 72, 48.65, 1, 680
3234, 2337, 72.26, 72, 48.65, 1, 680
3235, 2337, 72.24, 72, 48.65, 1, 680
3236, 2338, 72.25, 72, 48.65, 1, 680
3237, 2339, 72.26, 72, 48.65, 1, 680
3238, 2340, 72.27, 72, 48.65, 1, 680
3239, 2341, 72.28, 72, 48.65, 1, 680
3240, 2341, 72.25, 72, 48.65, 1, 680
3241, 2342, 72.26, 72, 48.65, 1, 680
3242, 2343, 72.27, 72, 48.65, 1, 680
3243, 2344, 72.28, 72, 48.65, 1, 680
3244, 2345, 72.29, 72, 48.65, 1, 680
3245, 2346, 72.30, 72, 48.65, 1, 680
3246, 2346, 72.27, 72, 48.65, 1, 681
3247, 2347, 72.28, 72, 48.65, 1, 681
3248, 2348, 72.29, 72, 48.65, 1, 681
3249, 2349, 72.30, 72, 48.65, 1, 681
3250, 2350, 72.31, 72, 48.65, 1, 681
3251, 2351, 72.32, 72, 48.65, 1, 681
3252, 2351, 72.29, 72, 48.65, 1, 682
3253, 2351, 72.27, 72, 48.65, 1, 682
3254, 2351, 72.25, 72, 48.65, 1, 682
3255, 2352, 72.26, 72, 48.65, 1, 682
3256, 2353, 72.27, 72, 48.65, 1, 682
3257, 2354, 72.28, 72, 48.65, 1, 682
3258, 2355, 72.28, 72, 48.65, 1, 682
3259, 2356, 72.29, 72, 48.65, 1, 682
3260, 2356, 72.27, 72, 48.65, 1, 683
3261, 2357, 72.28, 72, 48.65, 1, 683
3262, 2358, 72.29, 72, 48.65, 1, 683
3263, 2358, 72.26, 72, 48.65, 1, 684
3264, 2358, 72.24, 72, 48.65, 1, 685
3265, 2359, 72.25, 72, 48.65, 1, 685
3266, 2359, 72.23, 72, 48.65, 1, 686
3267, 2360, 72.24, 72, 48.65, 1, 686
3268, 2361, 72.25, 72, 48.65, 1, 686
3269, 2362, 72.25, 72, 48.65, 1, 686
3270, 2363, 72.26, 72, 48.65, 1, 686
3271, 2363, 72.24, 72, 48.65, 1, 687
3272, 2363, 72.22, 72, 48.65, 1, 688
3273, 2364, 72.23, 72, 48.65, 1, 688
3274, 2365, 72.24, 72, 48.65, 1, 688
3275, 2365, 72.21, 72, 48.65, 1, 689
3276, 2366, 72.22, 72, 48.65, 1, 689
3277, 2367, 72.23, 72, 48.65, 1, 689
3278, 2367, 72.21, 72, 48.65, 1, 690
3279, 2368, 72.22, 72, 48.65, 1, 690
3280, 2369, 72.23, 72, 48.65, 1, 690
3281, 2370, 72.23, 72, 48.65, 1, 690
3282, 2371, 72.24, 72, 48.65, 1, 690
3283, 2371, 72.22, 72, 48.65, 1, 691
3284, 2372, 72.23, 72, 48.65, 1, 691
3285, 2372, 72.21, 72, 48.65, 1, 692
3286, 2373, 72.22, 72, 48.65, 1, 692
3287, 2374, 72.22, 72, 48.65, 1, 692
3288, 2375, 72.23, 72, 48.65, 1, 692
3289, 2376, 72.24, 72, 48.65, 1, 692
3290, 2377, 72.25, 72, 48.65, 1, 692
3291, 2378, 72.26, 72, 48.65, 1, 692
3292, 2379, 72.27, 72, 48.65, 1, 692
3293, 2380, 72.27, 72, 48.65, 1, 692
3294, 2381, 72.28, 72, 48.65, 1, 692
3295, 2382, 72.29, 72, 48.65, 1, 692
3296, 2383, 72.30, 72, 48.65, 1, 692
3297, 2384, 72.31, 72, 48.65, 1, 692
3298, 2385, 72.32, 72, 48.65, 1, 692
3299, 2386, 72.32, 72, 48.65, 1, 692
3300, 2387, 72.33, 72, 48.65, 1, 692
3301, 2388, 72.34, 72, 48.65, 1, 692
3302, 2389, 72.35, 72, 48.65, 1, 692
3303, 2390, 72.36, 72, 48.65, 1, 692
3304, 2390, 72.34, 72, 48.65, 1, 693
3305, 2390, 72.31, 72, 48.65, 1, 694
3306, 2391, 72.32, 72, 48.65, 1, 694
3307, 2392, 72.33, 72, 48.65, 1, 694
3308, 2393, 72.34, 72, 48.65, 1, 694
3309, 2393, 72.32, 72, 48.65, 1, 695
3310, 2394, 72.33, 72, 48.65, 1, 695
3311, 2394, 72.30, 72, 48.65, 1, 696
3312, 2394, 72.28, 72, 48.65, 1, 697
3313, 2395, 72.29, 72, 48.65, 1, 697
3314, 2396, 72.30, 72, 48.65, 1, 697
3315, 2396, 72.28, 72, 48.65, 1, 698
3316, 2396, 72.26, 72, 48.65, 1, 699
3317, 2397, 72.26, 72, 48.65, 1, 699
3318, 2398, 72.27, 72, 48.65, 1, 699
3319, 2398, 72.25, 72, 48.65, 1, 700
3320, 2399, 72.26, 72, 48.65, 1, 700
3321, 2399, 72.24, 72, 48.65, 1, 701
3322, 2400, 72.25, 72, 48.65, 1, 701
3323, 2401, 72.25, 72, 48.65, 1, 701
3324, 2401, 72.23, 72, 48.65, 1, 702
3325, 2402, 72.24, 72, 48.65, 1, 702
3326, 2402, 72.22, 72, 48.65, 1, 702
3327, 2403, 72.23, 72, 48.65, 1, 702
3328, 2404, 72.24, 72, 48.65, 1, 702
3329, 2405, 72.24, 72, 48.65, 1, 702
3330, 2406, 72.25, 72, 48.65, 1, 702
3331, 2407, 72.26, 72, 48.65, 1, 702
3332, 2408, 72.27, 72, 48.65, 1, 702
3333, 2408, 72.25, 72, 48.65, 1, 702
3334, 2408, 72.23, 72, 48.65, 1, 702
3335, 2409, 72.23, 72, 48.65, 1, 702
3336, 2410, 72.24, 72, 48.65, 1, 702
3337, 2410, 72.22, 72, 48.65, 1, 702
3338, 2411, 72.23, 72, 48.65, 1, 702
3339, 2412, 72.24, 72, 48.65, 1, 702
3340, 2412, 72.22, 72, 48.65, 1, 702
3341, 2413, 72.22, 72, 48.65, 1, 702
3342, 2414, 72.23, 72, 48.65, 1, 702
3343, 2415, 72.24, 72, 48.65, 1, 702
3344, 2416, 72.25, 72, 48.65, 1, 702
3345, 2416, 72.23, 72, 48.65, 1, 703
3346, 2417, 72.24, 72, 48.65, 1, 703
3347, 2418, 72.24, 72, 48.65, 1, 703
3348, 2419, 72.25, 72, 48.65, 1, 703
3349, 2420, 72.26, 72, 48.65, 1, 703
3350, 2421, 72.27, 72, 48.65, 1, 703
3351, 2422, 72.28, 72, 48.65, 1, 703
3352, 2422, 72.26, 72, 48.65, 1, 704
3353, 2423, 72.26, 72, 48.65, 1, 704
3354, 2423, 72.24, 72, 48.65, 1, 705
3355, 2424, 72.25, 72, 48.65, 1, 705
3356, 2424, 72.23, 72, 48.65, 1, 706
3357, 2425, 72.24, 72, 48.65, 1, 706
3358, 2426, 72.25, 72, 48.65, 1, 706
3359, 2427, 72.25, 72, 48.65, 1, 706
3360, 2427, 72.23, 72, 48.65, 1, 707
3361, 2428, 72.24, 72, 48.65, 1, 707
3362, 2428, 72.22, 72, 48.65, 1, 708
3363, 2429, 72.23, 72, 48.65, 1, 708
3364, 2430, 72.24, 72, 48.65, 1, 708
3365, 2431, 72.24, 72, 48.65, 1, 708
3366, 2432, 72.25, 72, 48.65, 1, 708
3367, 2432, 72.23, 72, 48.65, 1, 709
3368, 2433, 72.24, 72, 48.65, 1, 709
3369, 2434, 72.25, 72, 48.65, 1, 709
3370, 2435, 72.26, 72, 48.65, 1, 709
3371, 2436, 72.26, 72, 48.65, 1, 709
3372, 2437, 72.27, 72, 48.65, 1, 709
3373, 2438, 72.28, 72, 48.65, 1, 709
3374, 2439, 72.29, 72, 48.65, 1, 709
3375, 2439, 72.27, 72, 48.65, 1, 710
3376, 2440, 72.27, 72, 48.65, 1, 710
3377, 2440, 72.25, 72, 48.65, 1, 711
3378, 2440, 72.23, 72, 48.65, 1, 711
3379, 2440, 72.21, 72, 48.65, 1, 712
3380, 2440, 72.19, 72, 48.65, 1, 713
3381, 2441, 72.20, 72, 48.65, 1, 713
3382, 2441, 72.18, 72, 48.65, 1, 713
3383, 2442, 72.18, 72, 48.65, 1, 713
3384, 2443, 72.19, 72, 48.65, 1, 713
3385, 2444, 72.20, 72, 48.65, 1, 713
3386, 2445, 72.21, 72, 48.65, 1, 713
3387, 2446, 72.22, 72, 48.65, 1, 713
3388, 2447, 72.23, 72, 48.65, 1, 713
3389, 2448, 72.23, 72, 48.65, 1, 713
3390, 2448, 72.21, 72, 48.65, 1, 714
3391, 2449, 72.22, 72, 48.65, 1, 714
3392, 2449, 72.20, 72, 48.65, 1, 715
3393, 2450, 72.21, 72, 48.65, 1, 715
3394, 2451, 72.22, 72, 48.65, 1, 715
3395, 2452, 72.22, 72, 48.65, 1, 715
3396, 2453, 72.23, 72, 48.65, 1, 715
3397, 2454, 72.24, 72, 48.65, 1, 715
3398, 2455, 72.25, 72, 48.65, 1, 715
3399, 2456, 72.26, 72, 48.65, 1, 715
3400, 2457, 72.26, 72, 48.65, 1, 715
3401, 2457, 72.24, 72, 48.65, 1, 716
3402, 2458, 72.25, 72, 48.65, 1, 716
3403, 2459, 72.26, 72, 48.65, 1, 716
3404, 2460, 72.27, 72, 48.65, 1, 716
3405, 2461, 72.28, 72, 48.65, 1, 716
3406, 2462, 72.28, 72, 48.65, 1, 716
3407, 2463, 72.29, 72, 48.65, 1, 716
3408, 2464, 72.30, 72, 48.65, 1, 716
3409, 2464, 72.28, 72, 48.65, 1, 717
3410, 2465, 72.29, 72, 48.65, 1, 717
3411, 2466, 72.30, 72, 48.65, 1, 717
3412, 2467, 72.30, 72, 48.65, 1, 717
3413, 2467, 72.28, 72, 48.65, 1, 718
3414, 2468, 72.29, 72, 48.65, 1, 718
3415, 2468, 72.27, 72, 48.65, 1, 719
3416, 2468, 72.25, 72, 48.65, 1, 720
3417, 2469, 72.26, 72, 48.65, 1, 720
3418, 2470, 72.26, 72, 48.65, 1, 720
3419, 2470, 72.24, 72, 48.65, 1, 721
3420, 2471, 72.25, 72, 48.65, 1, 721
3421, 2472, 72.26, 72, 48.65, 1, 721
3422, 2472, 72.24, 72, 48.65, 1, 721
3423, 2473, 72.25, 72, 48.65, 1, 721
3424, 2474, 72.25, 72, 48.65, 1, 721
3425, 2475, 72.26, 72, 48.65, 1, 721
3426, 2476, 72.27, 72, 48.65, 1, 721
3427, 2477, 72.28, 72, 48.65, 1, 721
3428, 2477, 72.26, 72, 48.65, 1, 722
3429, 2478, 72.27, 72, 48.65, 1, 722
3430, 2479, 72.27, 72, 48.65, 1, 722
3431, 2480, 72.28, 72, 48.65, 1, 722
3432, 2481, 72.29, 72, 48.65, 1, 722
3433, 2482, 72.30, 72, 48.65, 1, 722
3434, 2483, 72.31, 72, 48.65, 1, 722
3435, 2484, 72.31, 72, 48.65, 1, 722
3436, 2485, 72.32, 72, 48.65, 1, 722
3437, 2485, 72.30, 72, 48.65, 1, 723
3438, 2486, 72.31, 72, 48.65, 1, 723
3439, 2487, 72.32, 72, 48.65, 1, 723
3440, 2487, 72.30, 72, 48.65, 1, 723
3441, 2487, 72.28, 72, 48.65, 1, 723
3442, 2488, 72.28, 72, 48.65, 1, 723
3443, 2489, 72.29, 72, 48.65, 1, 723
3444, 2490, 72.30, 72, 48.65, 1, 723
3445, 2491, 72.31, 72, 48.65, 1, 723
3446, 2492, 72.32, 72, 48.65, 1, 723
3447, 2493, 72.32, 72, 48.65, 1, 723
3448, 2493, 72.30, 72, 48.65, 1, 723
3449, 2494, 72.31, 72, 48.65, 1, 723
3450, 2495, 72.32, 72, 48.65, 1, 723
3451, 2496, 72.33, 72, 48.65, 1, 723
3452, 2496, 72.31, 72, 48.65, 1, 724
3453, 2496, 72.28, 72, 48.65, 1, 725
3454, 2497, 72.29, 72, 48.65, 1, 725
3455, 2497, 72.27, 72, 48.65, 1, 726
3456, 2498, 72.28, 72, 48.65, 1, 726
3457, 2499, 72.29, 72, 48.65, 1, 726
3458, 2500, 72.30, 72, 48.65, 1, 726
3459, 2501, 72.30, 72, 48.65, 1, 726
3460, 2502, 72.31, 72, 48.65, 1, 726
3461, 2503, 72.32, 72, 48.65, 1, 726
3462, 2504, 72.33, 72, 48.65, 1, 726
3463, 2504, 72.31, 72, 48.65, 1, 727
3464, 2505, 72.32, 72, 48.65, 1, 727
3465, 2506, 72.32, 72, 48.65, 1, 727
3466, 2507, 72.33, 72, 48.65, 1, 727
3467, 2508, 72.34, 72, 48.65, 1, 727
3468, 2508, 72.32, 72, 48.65, 1, 727
3469, 2509, 72.33, 72, 48.65, 1, 727
3470, 2510, 72.33, 72, 48.65, 1, 727
3471, 2511, 72.34, 72, 48.65, 1, 727
3472, 2512, 72.35, 72, 48.65, 1, 727
3473, 2513, 72.36, 72, 48.65, 1, 727
3474, 2513, 72.34, 72, 48.65, 1, 728
3475, 2514, 72.35, 72, 48.65, 1, 728
3476, 2514, 72.32, 72, 48.65, 1, 729
3477, 2514, 72.30, 72, 48.65, 1, 730
3478, 2514, 72.28, 72, 48.65, 1, 730
3479, 2515, 72.29, 72, 48.65, 1, 730
3480, 2515, 72.27, 72, 48.65, 1, 731
3481, 2516, 72.28, 72, 48.65, 1, 731
3482, 2517, 72.29, 72, 48.65, 1, 731
3483, 2518, 72.29, 72, 48.65, 1, 731
3484, 2519, 72.30, 72, 48.65, 1, 731
3485, 2520, 72.31, 72, 48.65, 1, 731
3486, 2521, 72.32, 72, 48.65, 1, 731
3487, 2522, 72.33, 72, 48.65, 1, 731
3488, 2523, 72.33, 72, 48.65, 1, 731
3489, 2523, 72.31, 72, 48.65, 1, 732
3490, 2524, 72.32, 72, 48.65, 1, 732
3491, 2524, 72.30, 72, 48.65, 1, 733
3492, 2525, 72.31, 72, 48.65, 1, 733
3493, 2526, 72.32, 72, 48.65, 1, 733
3494, 2527, 72.32, 72, 48.65, 1, 733
3495, 2527, 72.30, 72, 48.65, 1, 733
3496, 2528, 72.31, 72, 48.65, 1, 733
3497, 2529, 72.32, 72, 48.65, 1, 733
3498, 2530, 72.33, 72, 48.65, 1, 733
3499, 2530, 72.31, 72, 48.65, 1, 733
3500, 2531, 72.31, 72, 48.65, 1, 733
3501, 2531, 72.29, 72, 48.65, 1, 734
3502, 2532, 72.30, 72, 48.65, 1, 734
3503, 2533, 72.31, 72, 48.65, 1, 734
3504, 2533, 72.29, 72, 48.65, 1, 735
3505, 2534, 72.30, 72, 48.65, 1, 735
3506, 2535, 72.30, 72, 48.65, 1, 735
3507, 2536, 72.31, 72, 48.65, 1, 735
3508, 2537, 72.32, 72, 48.65, 1, 735
3509, 2537, 72.30, 72, 48.65, 1, 736
3510, 2538, 72.31, 72, 48.65, 1, 736
3511, 2539, 72.32, 72, 48.65, 1, 736
3512, 2540, 72.32, 72, 48.65, 1, 736
3513, 2541, 72.33, 72, 48.65, 1, 736
3514, 2542, 72.34, 72, 48.65, 1, 736
3515, 2543, 72.35, 72, 48.65, 1, 736
3516, 2543, 72.33, 72, 48.65, 1, 737
3517, 2543, 72.31, 72, 48.65, 1, 737
3518, 2544, 72.31, 72, 48.65, 1, 737
3519, 2545, 72.32, 72, 48.65, 1, 737
3520, 2546, 72.33, 72, 48.65, 1, 737
3521, 2547, 72.34, 72, 48.65, 1, 737
3522, 2548, 72.35, 72, 48.65, 1, 737
3523, 2549, 72.35, 72, 48.65, 1, 737
3524, 2549, 72.33, 72, 48.65, 1, 737
3525, 2550, 72.34, 72, 48.65, 1, 737
3526, 2551, 72.35, 72, 48.65, 1, 737
3527, 2551, 72.33, 72, 48.65, 1, 737
3528, 2552, 72.34, 72, 48.65, 1, 737
3529, 2553, 72.34, 72, 48.65, 1, 737
3530, 2553, 72.32, 72, 48.65, 1, 737
3531, 2554, 72.33, 72, 48.65, 1, 737
3532, 2555, 72.34, 72, 48.65, 1, 737
3533, 2556, 72.35, 72, 48.65, 1, 737
3534, 2557, 72.35, 72, 48.65, 1, 737
3535, 2557, 72.33, 72, 48.65, 1, 738
3536, 2557, 72.31, 72, 48.65, 1, 739
3537, 2558, 72.32, 72, 48.65, 1, 739
3538, 2559, 72.33, 72, 48.65, 1, 739
3539, 2559, 72.31, 72, 48.65, 1, 740
3540, 2560, 72.32, 72, 48.65, 1, 740
3541, 2561, 72.32, 72, 48.65, 1, 740
3542, 2562, 72.33, 72, 48.65, 1, 740
3543, 2562, 72.31, 72, 48.65, 1, 741
3544, 2563, 72.32, 72, 48.65, 1, 741
3545, 2563, 72.30, 72, 48.65, 1, 742
3546, 2564, 72.31, 72, 48.65, 1, 742
3547, 2565, 72.31, 72, 48.65, 1, 742
3548, 2566, 72.32, 72, 48.65, 1, 742
3549, 2567, 72.33, 72, 48.65, 1, 742
3550, 2567, 72.31, 72, 48.65, 1, 742
3551, 2567, 72.29, 72, 48.65, 1, 743
3552, 2567, 72.27, 72, 48.65, 1, 744
3553, 2568, 72.28, 72, 48.65, 1, 744
3554, 2569, 72.28, 72, 48.65, 1, 744
3555, 2570, 72.29, 72, 48.65, 1, 744
3556, 2571, 72.30, 72, 48.65, 1, 744
3557, 2572, 72.31, 72, 48.65, 1, 744
3558, 2572, 72.29, 72, 48.65, 1, 745
3559, 2573, 72.30, 72, 48.65, 1, 745
3560, 2574, 72.30, 72, 48.65, 1, 745
3561, 2574, 72.28, 72, 48.65, 1, 746
3562, 2575, 72.29, 72, 48.65, 1, 746
3563, 2576, 72.30, 72, 48.65, 1, 746
3564, 2577, 72.31, 72, 48.65, 1, 746
3565, 2578, 72.31, 72, 48.65, 1, 746
3566, 2579, 72.32, 72, 48.65, 1, 746
3567, 2579, 72.30, 72, 48.65, 1, 747
3568, 2580, 72.31, 72, 48.65, 1, 747
3569, 2581, 72.32, 72, 48.65, 1, 747
3570, 2581, 72.30, 72, 48.65, 1, 748
3571, 2582, 72.30, 72, 48.65, 1, 748
3572, 2583, 72.31, 72, 48.65, 1, 748
3573, 2583, 72.29, 72, 48.65, 1, 748
3574, 2584, 72.30, 72, 48.65, 1, 748
3575, 2585, 72.31, 72, 48.65, 1, 748
3576, 2586, 72.32, 72, 48.65, 1, 748
3577, 2587, 72.32, 72, 48.65, 1, 748
3578, 2587, 72.30, 72, 48.65, 1, 749
3579, 2588, 72.31, 72, 48.65, 1, 749
3580, 2588, 72.29, 72, 48.65, 1, 750
3581, 2588, 72.27, 72, 48.65, 1, 751
3582, 2588, 72.25, 72, 48.65, 1, 752
3583, 2589, 72.26, 72, 48.65, 1, 752
3584, 2589, 72.24, 72, 48.65, 1, 752
3585, 2589, 72.22, 72, 48.65, 1, 753
3586, 2589, 72.20, 72, 48.65, 1, 754
3587, 2590, 72.21, 72, 48.65, 1, 754
3588, 2591, 72.21, 72, 48.65, 1, 754
3589, 2592, 72.22, 72, 48.65, 1, 754
3590, 2592, 72.20, 72, 48.65, 1, 755
3591, 2593, 72.21, 72, 48.65, 1, 755
3592, 2594, 72.22, 72, 48.65, 1, 755
3593, 2594, 72.20, 72, 48.65, 1, 756
3594, 2595, 72.20, 72, 48.65, 1, 756
3595, 2596, 72.21, 72, 48.65, 1, 756
3596, 2597, 72.22, 72, 48.65, 1, 756
3597, 2597, 72.20, 72, 48.65, 1, 757
3598, 2598, 72.21, 72, 48.65, 1, 757
3599, 2599, 72.21, 72, 48.65, 1, 757
3600, 2600, 72.22, 72, 48.65, 1, 757
3601, 2601, 72.23, 72, 48.65, 1, 757
3602, 2602, 72.24, 72, 48.65, 1, 757
3603, 2602, 72.22, 72, 48.65, 1, 758
3604, 2603, 72.23, 72, 48.65, 1, 758
3605, 2603, 72.21, 72, 48.65, 1, 759
3606, 2603, 72.19, 72, 48.65, 1, 759
3607, 2603, 72.17, 72, 48.65, 1, 759
3608, 2604, 72.17, 72, 48.65, 1, 759
3609, 2604, 72.15, 72, 48.65, 1, 760
3610, 2605, 72.16, 72, 48.65, 1, 760
3611, 2606, 72.17, 72, 48.65, 1, 760
3612, 2607, 72.18, 72, 48.65, 1, 760
3613, 2608, 72.18, 72, 48.65, 1, 760
3614, 2609, 72.19, 72, 48.65, 1, 760
3615, 2609, 72.17, 72, 48.65, 1, 761
3616, 2610, 72.18, 72, 48.65, 1, 761
3617, 2611, 72.19, 72, 48.65, 1, 761
3618, 2611, 72.17, 72, 48.65, 1, 762
3619, 2612, 72.17, 72, 48.65, 1, 762
3620, 2613, 72.18, 72, 48.65, 1, 762
3621, 2614, 72.19, 72, 48.65, 1, 762
3622, 2614, 72.17, 72, 48.65, 1, 763
3623, 2615, 72.18, 72, 48.65, 1, 763
3624, 2616, 72.19, 72, 48.65, 1, 763
3625, 2617, 72.19, 72, 48.65, 1, 763
3626, 2618, 72.20, 72, 48.65, 1, 763
3627, 2618, 72.18, 72, 48.65, 1, 764
3628, 2619, 72.19, 72, 48.65, 1, 764
3629, 2620, 72.20, 72, 48.65, 1, 764
3630, 2621, 72.20, 72, 48.65, 1, 764
3631, 2622, 72.21, 72, 48.65, 1, 764
3632, 2623, 72.22, 72, 48.65, 1, 764
3633, 2624, 72.23, 72, 48.65, 1, 764
3634, 2625, 72.23, 72, 48.65, 1, 764
3635, 2626, 72.24, 72, 48.65, 1, 764
3636, 2626, 72.22, 72, 48.65, 1, 765
3637, 2627, 72.23, 72, 48.65, 1, 765
3638, 2628, 72.24, 72, 48.65, 1, 765
3639, 2629, 72.25, 72, 48.65, 1, 765
3640, 2629, 72.23, 72, 48.65, 1, 766
3641, 2629, 72.21, 72, 48.65, 1, 767
3642, 2629, 72.19, 72, 48.65, 1, 768
3643, 2630, 72.19, 72, 48.65, 1, 768
3644, 2630, 72.17, 72, 48.65, 1, 769
3645, 2631, 72.18, 72, 48.65, 1, 769
3646, 2632, 72.19, 72, 48.65, 1, 769
3647, 2633, 72.20, 72, 48.65, 1, 769
3648, 2634, 72.20, 72, 48.65, 1, 769
3649, 2634, 72.18, 72, 48.65, 1, 770
3650, 2634, 72.16, 72, 48.65, 1, 771
3651, 2635, 72.17, 72, 48.65, 1, 771
3652, 2636, 72.18, 72, 48.65, 1, 771
3653, 2637, 72.19, 72, 48.65, 1, 771
3654, 2637, 72.17, 72, 48.65, 1, 771
3655, 2637, 72.15, 72, 48.65, 1, 772
3656, 2637, 72.13, 72, 48.65, 1, 773
3657, 2638, 72.14, 72, 48.65, 1, 773
3658, 2638, 72.12, 72, 48.65, 1, 774
3659, 2638, 72.10, 72, 48.65, 1, 774
3660, 2639, 72.10, 72, 48.65, 1, 774
3661, 2640, 72.11, 72, 48.65, 1, 774
3662, 2641, 72.12, 72, 48.65, 1, 774
3663, 2641, 72.10, 72, 48.65, 1, 775
3664, 2641, 72.08, 72, 48.65, 1, 776
3665, 2642, 72.09, 72, 48.65, 1, 776
3666, 2642, 72.07, 72, 48.65, 1, 777
3667, 2642, 72.05, 72, 48.65, 1, 778
3668, 2643, 72.06, 72, 48.65, 1, 778
3669, 2644, 72.06, 72, 48.65, 1, 778
3670, 2645, 72.07, 72, 48.65, 1, 778
3671, 2646, 72.08, 72, 48.65, 1, 778
3672, 2646, 72.06, 72, 48.65, 1, 779
3673, 2647, 72.07, 72, 48.65, 1, 779
3674, 2648, 72.07, 72, 48.65, 1, 779
3675, 2649, 72.08, 72, 48.65, 1, 779
3676, 2650, 72.09, 72, 48.65, 1, 779
3677, 2651, 72.10, 72, 48.65, 1, 779
3678, 2652, 72.10, 72, 48.65, 1, 779
3679, 2653, 72.11, 72, 48.65, 1, 779
3680, 2654, 72.12, 72, 48.65, 1, 779
3681, 2655, 72.13, 72, 48.65, 1, 779
3682, 2655, 72.11, 72, 48.65, 1, 780
3683, 2656, 72.12, 72, 48.65, 1, 780
3684, 2656, 72.10, 72, 48.65, 1, 781
3685, 2656, 72.08, 72, 48.65, 1, 782
3686, 2656, 72.06, 72, 48.65, 1, 783
3687, 2657, 72.06, 72, 48.65, 1, 783
3688, 2657, 72.04, 72, 48.65, 1, 784
3689, 2657, 72.02, 72, 48.65, 1, 785
3690, 2657, 72.01, 72, 48.65, 1, 786
3691, 2657, 71.99, 72, 48.65, 1, 787
3692, 2657, 71.97, 72, 48.65, 1, 788
3693, 2658, 71.97, 72, 48.65, 1, 788
3694, 2659, 71.98, 72, 48.65, 1, 788
3695, 2659, 71.96, 72, 48.65, 1, 789
3696, 2660, 71.97, 72, 48.65, 1, 789
3697, 2661, 71.98, 72, 48.65, 1, 789
3698, 2662, 71.98, 72, 48.65, 1, 789
3699, 2663, 71.99, 72, 48.65, 1, 789
3700, 2664, 72.00, 72, 48.65, 1, 789
3701, 2664, 71.98, 72, 48.65, 1, 790
3702, 2665, 71.99, 72, 48.65, 1, 790
3703, 2665, 71.97, 72, 48.65, 1, 791
3704, 2665, 71.95, 72, 48.65, 1, 792
3705, 2666, 71.96, 72, 48.65, 1, 792
3706, 2667, 71.96, 72, 48.65, 1, 792
3707, 2668, 71.97, 72, 48.65, 1, 792
3708, 2668, 71.95, 72, 48.65, 1, 793
3709, 2669, 71.96, 72, 48.65, 1, 793
3710, 2670, 71.97, 72, 48.65, 1, 793
3711, 2670, 71.95, 72, 48.65, 1, 794
3712, 2671, 71.96, 72, 48.65, 1, 794
3713, 2672, 71.96, 72, 48.65, 1, 794
3714, 2672, 71.94, 72, 48.65, 1, 795
3715, 2673, 71.95, 72, 48.65, 1, 795
3716, 2674, 71.96, 72, 48.65, 1, 795
3717, 2675, 71.97, 72, 48.65, 1, 795
3718, 2676, 71.97, 72, 48.65, 1, 795
3719, 2677, 71.98, 72, 48.65, 1, 795
3720, 2677, 71.96, 72, 48.65, 1, 795
3721, 2678, 71.97, 72, 48.65, 1, 795
3722, 2678, 71.95, 72, 48.65, 1, 796
3723, 2679, 71.96, 72, 48.65, 1, 796
3724, 2679, 71.94, 72, 48.65, 1, 797
3725, 2680, 71.95, 72, 48.65, 1, 797
3726, 2680, 71.93, 72, 48.65, 1, 797
3727, 2681, 71.93, 72, 48.65, 1, 797
3728, 2682, 71.94, 72, 48.65, 1, 797
3729, 2683, 71.95, 72, 48.65, 1, 797
3730, 2683, 71.93, 72, 48.65, 1, 797
3731, 2684, 71.94, 72, 48.65, 1, 797
3732, 2684, 71.92, 72, 48.65, 1, 798
3733, 2685, 71.93, 72, 48.65, 1, 798
3734, 2685, 71.91, 72, 48.65, 1, 798
3735, 2686, 71.91, 72, 48.65, 1, 798
3736, 2687, 71.92, 72, 48.65, 1, 798
3737, 2688, 71.93, 72, 48.65, 1, 798
3738, 2688, 71.91, 72, 48.65, 1, 799
3739, 2688, 71.89, 72, 48.65, 1, 800
3740, 2688, 71.87, 72, 48.65, 1, 800
3741, 2689, 71.88, 72, 48.65, 1, 800
3742, 2690, 71.89, 72, 48.65, 1, 800
3743, 2691, 71.89, 72, 48.65, 1, 800
3744, 2692, 71.90, 72, 48.65, 1, 800
3745, 2693, 71.91, 72, 48.65, 1, 800
3746, 2694, 71.92, 72, 48.65, 1, 800
3747, 2695, 71.92, 72, 48.65, 1, 800
3748, 2696, 71.93, 72, 48.65, 1, 800
3749, 2696, 71.91, 72, 48.65, 1, 801
3750, 2696, 71.89, 72, 48.65, 1, 802
3751, 2697, 71.90, 72, 48.65, 1, 802
3752, 2697, 71.88, 72, 48.65, 1, 803
3753, 2698, 71.89, 72, 48.65, 1, 803
3754, 2699, 71.90, 72, 48.65, 1, 803
3755, 2700, 71.90, 72, 48.65, 1, 803
3756, 2701, 71.91, 72, 48.65, 1, 803
3757, 2702, 71.92, 72, 48.65, 1, 803
3758, 2703, 71.93, 72, 48.65, 1, 803
3759, 2703, 71.91, 72, 48.65, 1, 804
3760, 2704, 71.91, 72, 48.65, 1, 804
3761, 2704, 71.90, 72, 48.65, 1, 805
3762, 2705, 71.90, 72, 48.65, 1, 805
3763, 2705, 71.88, 72, 48.65, 1, 806
3764, 2706, 71.89, 72, 48.65, 1, 806
3765, 2707, 71.90, 72, 48.65, 1, 806
3766, 2707, 71.88, 72, 48.65, 1, 807
3767, 2708, 71.89, 72, 48.65, 1, 807
3768, 2709, 71.89, 72, 48.65, 1, 807
3769, 2710, 71.90, 72, 48.65, 1, 807
3770, 2711, 71.91, 72, 48.65, 1, 807
3771, 2712, 71.92, 72, 48.65, 1, 807
3772, 2713, 71.92, 72, 48.65, 1, 807
3773, 2714, 71.93, 72, 48.65, 1, 807
3774, 2714, 71.91, 72, 48.65, 1, 808
3775, 2715, 71.92, 72, 48.65, 1, 808
3776, 2715, 71.90, 72, 48.65, 1, 809
3777, 2716, 71.91, 72, 48.65, 1, 809
3778, 2716, 71.89, 72, 48.65, 1, 809
3779, 2717, 71.90, 72, 48.65, 1, 809
3780, 2718, 71.90, 72, 48.65, 1, 809
3781, 2718, 71.89, 72, 48.65, 1, 810
3782, 2719, 71.89, 72, 48.65, 1, 810
3783, 2720, 71.90, 72, 48.65, 1, 810
3784, 2721, 71.91, 72, 48.65, 1, 810
3785, 2721, 71.89, 72, 48.65, 1, 811
3786, 2722, 71.90, 72, 48.65, 1, 811
3787, 2723, 71.90, 72, 48.65, 1, 811
3788, 2724, 71.91, 72, 48.65, 1, 811
3789, 2725, 71.92, 72, 48.65, 1, 811
3790, 2725, 71.90, 72, 48.65, 1, 812
3791, 2725, 71.88, 72, 48.65, 1, 813
3792, 2726, 71.89, 72, 48.65, 1, 813
3793, 2727, 71.90, 72, 48.65, 1, 813
3794, 2727, 71.88, 72, 48.65, 1, 814
3795, 2727, 71.86, 72, 48.65, 1, 815
3796, 2728, 71.87, 72, 48.65, 1, 815
3797, 2729, 71.87, 72, 48.65, 1, 815
3798, 2729, 71.85, 72, 48.65, 1, 816
3799, 2730, 71.86, 72, 48.65, 1, 816
3800, 2730, 71.84, 72, 48.65, 1, 817
3801, 2731, 71.85, 72, 48.65, 1, 817
3802, 2732, 71.86, 72, 48.65, 1, 817
3803, 2733, 71.86, 72, 48.65, 1, 817
3804, 2734, 71.87, 72, 48.65, 1, 817
3805, 2735, 71.88, 72, 48.65, 1, 817
3806, 2735, 71.86, 72, 48.65, 1, 818
3807, 2736, 71.87, 72, 48.65, 1, 818
3808, 2737, 71.88, 72, 48.65, 1, 818
3809, 2738, 71.88, 72, 48.65, 1, 818
3810, 2739, 71.89, 72, 48.65, 1, 818
3811, 2740, 71.90, 72, 48.65, 1, 818
3812, 2741, 71.90, 72, 48.65, 1, 818
3813, 2741, 71.89, 72, 48.65, 1, 818
3814, 2741, 71.87, 72, 48.65, 1, 818
3815, 2742, 71.87, 72, 48.65, 1, 818
3816, 2743, 71.88, 72, 48.65, 1, 818
3817, 2743, 71.86, 72, 48.65, 1, 818
3818, 2744, 71.87, 72, 48.65, 1, 818
3819, 2745, 71.88, 72, 48.65, 1, 818
3820, 2746, 71.88, 72, 48.65, 1, 818
3821, 2747, 71.89, 72, 48.65, 1, 818
3822, 2748, 71.90, 72, 48.65, 1, 818
3823, 2749, 71.91, 72, 48.65, 1, 818
3824, 2749, 71.89, 72, 48.65, 1, 818
3825, 2750, 71.90, 72, 48.65, 1, 818
3826, 2750, 71.88, 72, 48.65, 1, 818
3827, 2751, 71.88, 72, 48.65, 1, 818
3828, 2752, 71.89, 72, 48.65, 1, 818
3829, 2753, 71.90, 72, 48.65, 1, 818
3830, 2754, 71.91, 72, 48.65, 1, 818
3831, 2755, 71.91, 72, 48.65, 1, 818
3832, 2756, 71.92, 72, 48.65, 1, 818
3833, 2756, 71.90, 72, 48.65, 1, 818
3834, 2757, 71.91, 72, 48.65, 1, 818
3835, 2758, 71.92, 72, 48.65, 1, 818
3836, 2759, 71.92, 72, 48.65, 1, 818
3837, 2759, 71.91, 72, 48.65, 1, 819
3838, 2759, 71.89, 72, 48.65, 1, 820
3839, 2760, 71.89, 72, 48.65, 1, 820
3840, 2761, 71.90, 72, 48.65, 1, 820
3841, 2761, 71.88, 72, 48.65, 1, 821
3842, 2762, 71.89, 72, 48.65, 1, 821
3843, 2763, 71.90, 72, 48.65, 1, 821
3844, 2764, 71.90, 72, 48.65, 1, 821
3845, 2764, 71.89, 72, 48.65, 1, 822
3846, 2765, 71.89, 72, 48.65, 1, 822
3847, 2765, 71.87, 72, 48.65, 1, 823
3848, 2765, 71.86, 72, 48.65, 1, 823
3849, 2766, 71.86, 72, 48.65, 1, 823
3850, 2767, 71.87, 72, 48.65, 1, 823
3851, 2768, 71.88, 72, 48.65, 1, 823
3852, 2769, 71.88, 72, 48.65, 1, 823
3853, 2770, 71.89, 72, 48.65, 1, 823
3854, 2771, 71.90, 72, 48.65, 1, 823
3855, 2771, 71.88, 72, 48.65, 1, 823
3856, 2771, 71.86, 72, 48.65, 1, 823
3857, 2772, 71.87, 72, 48.65, 1, 823
3858, 2773, 71.88, 72, 48.65, 1, 823
3859, 2774, 71.88, 72, 48.65, 1, 823
3860, 2775, 71.89, 72, 48.65, 1, 823
3861, 2775, 71.87, 72, 48.65, 1, 824
3862, 2776, 71.88, 72, 48.65, 1, 824
3863, 2777, 71.89, 72, 48.65, 1, 824
3864, 2777, 71.87, 72, 48.65, 1, 825
3865, 2778, 71.88, 72, 48.65, 1, 825
3866, 2779, 71.88, 72, 48.65, 1, 825
3867, 2779, 71.86, 72, 48.65, 1, 826
3868, 2780, 71.87, 72, 48.65, 1, 826
3869, 2781, 71.88, 72, 48.65, 1, 826
3870, 2782, 71.89, 72, 48.65, 1, 826
3871, 2783, 71.89, 72, 48.65, 1, 826
3872, 2784, 71.90, 72, 48.65, 1, 826
3873, 2784, 71.88, 72, 48.65, 1, 827
3874, 2785, 71.89, 72, 48.65, 1, 827
3875, 2786, 71.90, 72, 48.65, 1, 827
3876, 2786, 71.88, 72, 48.65, 1, 828
3877, 2787, 71.89, 72, 48.65, 1, 828
3878, 2788, 71.89, 72, 48.65, 1, 828
3879, 2789, 71.90, 72, 48.65, 1, 828
3880, 2790, 71.91, 72, 48.65, 1, 828
3881, 2791, 71.91, 72, 48.65, 1, 828
3882, 2791, 71.90, 72, 48.65, 1, 829
3883, 2791, 71.88, 72, 48.65, 1, 830
3884, 2792, 71.88, 72, 48.65, 1, 830
3885, 2793, 71.89, 72, 48.65, 1, 830
3886, 2794, 71.90, 72, 48.65, 1, 830
3887, 2794, 71.88, 72, 48.65, 1, 831
3888, 2794, 71.86, 72, 48.65, 1, 832
3889, 2795, 71.87, 72, 48.65, 1, 832
3890, 2796, 71.88, 72, 48.65, 1, 832
3891, 2796, 71.86, 72, 48.65, 1, 833
3892, 2797, 71.87, 72, 48.65, 1, 833
3893, 2798, 71.87, 72, 48.65, 1, 833
3894, 2798, 71.85, 72, 48.65, 1, 834
3895, 2799, 71.86, 72, 48.65, 1, 834
3896, 2800, 71.87, 72, 48.65, 1, 834
3897, 2801, 71.88, 72, 48.65, 1, 834
3898, 2802, 71.88, 72, 48.65, 1, 834
3899, 2803, 71.89, 72, 48.65, 1, 834
3900, 2804, 71.90, 72, 48.65, 1, 834
3901, 2805, 71.90, 72, 48.65, 1, 834
3902, 2806, 71.91, 72, 48.65, 1, 834
3903, 2807, 71.92, 72, 48.65, 1, 834
3904, 2807, 71.90, 72, 48.65, 1, 835
3905, 2808, 71.91, 72, 48.65, 1, 835
3906, 2809, 71.92, 72, 48.65, 1, 835
3907, 2809, 71.90, 72, 48.65, 1, 836
3908, 2810, 71.90, 72, 48.65, 1, 836
3909, 2811, 71.91, 72, 48.65, 1, 836
3910, 2812, 71.92, 72, 48.65, 1, 836
3911, 2813, 71.93, 72, 48.65, 1, 836
3912, 2813, 71.91, 72, 48.65, 1, 837
3913, 2814, 71.91, 72, 48.65, 1, 837
3914, 2815, 71.92, 72, 48.65, 1, 837
3915, 2816, 71.93, 72, 48.65, 1, 837
3916, 2817, 71.94, 72, 48.65, 1, 837
3917, 2818, 71.94, 72, 48.65, 1, 837
3918, 2819, 71.95, 72, 48.65, 1, 837
3919, 2820, 71.96, 72, 48.65, 1, 837
3920, 2821, 71.96, 72, 48.65, 1, 837
3921, 2822, 71.97, 72, 48.65, 1, 837
3922, 2822, 71.95, 72, 48.65, 1, 838
3923, 2823, 71.96, 72, 48.65, 1, 838
3924, 2824, 71.97, 72, 48.65, 1, 838
3925, 2825, 71.97, 72, 48.65, 1, 838
3926, 2825, 71.96, 72, 48.65, 1, 839
3927, 2826, 71.96, 72, 48.65, 1, 839
3928, 2826, 71.95, 72, 48.65, 1, 840
3929, 2826, 71.93, 72, 48.65, 1, 841
3930, 2827, 71.93, 72, 48.65, 1, 841
3931, 2828, 71.94, 72, 48.65, 1, 841
3932, 2829, 71.95, 72, 48.65, 1, 841
3933, 2830, 71.96, 72, 48.65, 1, 841
3934, 2830, 71.94, 72, 48.65, 1, 842
3935, 2830, 71.92, 72, 48.65, 1, 843
3936, 2831, 71.93, 72, 48.65, 1, 843
3937, 2832, 71.93, 72, 48.65, 1, 843
3938, 2833, 71.94, 72, 48.65, 1, 843
3939, 2833, 71.92, 72, 48.65, 1, 844
3940, 2833, 71.90, 72, 48.65, 1, 844
3941, 2834, 71.91, 72, 48.65, 1, 844
3942, 2835, 71.92, 72, 48.65, 1, 844
3943, 2836, 71.92, 72, 48.65, 1, 844
3944, 2837, 71.93, 72, 48.65, 1, 844
3945, 2837, 71.91, 72, 48.65, 1, 845
3946, 2837, 71.90, 72, 48.65, 1, 846
3947, 2837, 71.88, 72, 48.65, 1, 847
3948, 2838, 71.88, 72, 48.65, 1, 847
3949, 2838, 71.87, 72, 48.65, 1, 848
3950, 2839, 71.87, 72, 48.65, 1, 848
3951, 2840, 71.88, 72, 48.65, 1, 848
3952, 2841, 71.89, 72, 48.65, 1, 848
3953, 2842, 71.89, 72, 48.65, 1, 848
3954, 2843, 71.90, 72, 48.65, 1, 848
3955, 2844, 71.91, 72, 48.65, 1, 848
3956, 2844, 71.89, 72, 48.65, 1, 849
3957, 2845, 71.90, 72, 48.65, 1, 849
3958, 2846, 71.91, 72, 48.65, 1, 849
3959, 2846, 71.89, 72, 48.65, 1, 850
3960, 2847, 71.89, 72, 48.65, 1, 850
3961, 2847, 71.88, 72, 48.65, 1, 851
3962, 2847, 71.86, 72, 48.65, 1, 851
3963, 2847, 71.84, 72, 48.65, 1, 852
3964, 2848, 71.85, 72, 48.65, 1, 852
3965, 2849, 71.85, 72, 48.65, 1, 852
3966, 2850, 71.86, 72, 48.65, 1, 852
3967, 2851, 71.87, 72, 48.65, 1, 852
3968, 2852, 71.88, 72, 48.65, 1, 852
3969, 2853, 71.88, 72, 48.65, 1, 852
3970, 2854, 71.89, 72, 48.65, 1, 852
3971, 2854, 71.87, 72, 48.65, 1, 853
3972, 2855, 71.88, 72, 48.65, 1, 853
3973, 2855, 71.86, 72, 48.65, 1, 854
3974, 2855, 71.84, 72, 48.65, 1, 855
3975, 2856, 71.85, 72, 48.65, 1, 855
3976, 2857, 71.86, 72, 48.65, 1, 855
3977, 2857, 71.84, 72, 48.65, 1, 856
3978, 2858, 71.85, 72, 48.65, 1, 856
3979, 2859, 71.85, 72, 48.65, 1, 856
3980, 2859, 71.83, 72, 48.65, 1, 857
3981, 2860, 71.84, 72, 48.65, 1, 857
3982, 2861, 71.85, 72, 48.65, 1, 857
3983, 2862, 71.86, 72, 48.65, 1, 857
3984, 2863, 71.86, 72, 48.65, 1, 857
3985, 2864, 71.87, 72, 48.65, 1, 857
3986, 2864, 71.85, 72, 48.65, 1, 858
3987, 2864, 71.83, 72, 48.65, 1, 858
3988, 2865, 71.84, 72, 48.65, 1, 858
3989, 2865, 71.82, 72, 48.65, 1, 858
3990, 2866, 71.83, 72, 48.65, 1, 858
3991, 2867, 71.84, 72, 48.65, 1, 858
3992, 2867, 71.82, 72, 48.65, 1, 858
3993, 2868, 71.83, 72, 48.65, 1, 858
3994, 2869, 71.83, 72, 48.65, 1, 858
3995, 2870, 71.84, 72, 48.65, 1, 858
3996, 2871, 71.85, 72, 48.65, 1, 858
3997, 2872, 71.85, 72, 48.65, 1, 858
3998, 2872, 71.84, 72, 48.65, 1, 859
3999, 2873, 71.84, 72, 48.65, 1, 859
4000, 2873, 71.83, 72, 48.65, 1, 860
4001, 2873, 71.81, 72, 48.65, 1, 861
4002, 2873, 71.79, 72, 48.65, 1, 862
4003, 2874, 71.80, 72, 48.65, 1, 862
4004, 2874, 71.78, 72, 48.65, 1, 863
4005, 2875, 71.79, 72, 48.65, 1, 863
4006, 2875, 71.77, 72, 48.65, 1, 864
4007, 2875, 71.75, 72, 48.65, 1, 865
4008, 2876, 71.76, 72, 48.65, 1, 865
4009, 2877, 71.76, 72, 48.65, 1, 865
4010, 2878, 71.77, 72, 48.65, 1, 865
4011, 2878, 71.75, 72, 48.65, 1, 866
4012, 2879, 71.76, 72, 48.65, 1, 866
4013, 2879, 71.74, 72, 48.65, 1, 867
4014, 2880, 71.75, 72, 48.65, 1, 867
4015, 2880, 71.73, 72, 48.65, 1, 868
4016, 2881, 71.74, 72, 48.65, 1, 868
4017, 2882, 71.75, 72, 48.65, 1, 868
4018, 2883, 71.75, 72, 48.65, 1, 868
4019, 2884, 71.76, 72, 48.65, 1, 868
4020, 2884, 71.74, 72, 48.65, 1, 869
4021, 2885, 71.75, 72, 48.65, 1, 869
4022, 2886, 71.76, 72, 48.65, 1, 869
4023, 2886, 71.74, 72, 48.65, 1, 870
4024, 2887, 71.74, 72, 48.65, 1, 870
4025, 2887, 71.73, 72, 48.65, 1, 871
4026, 2888, 71.73, 72, 48.65, 1, 871
4027, 2888, 71.72, 72, 48.65, 1, 872
4028, 2889, 71.72, 72, 48.65, 1, 872
4029, 2890, 71.73, 72, 48.65, 1, 872
4030, 2890, 71.71, 72, 48.65, 1, 872
4031, 2891, 71.72, 72, 48.65, 1, 872
4032, 2892, 71.73, 72, 48.65, 1, 872
4033, 2892, 71.71, 72, 48.65, 1, 872
4034, 2893, 71.72, 72, 48.65, 1, 872
4035, 2893, 71.70, 72, 48.65, 1, 872
4036, 2893, 71.68, 72, 48.65, 1, 872
4037, 2893, 71.66, 72, 48.65, 1, 872
4038, 2894, 71.67, 72, 48.65, 1, 872
4039, 2894, 71.65, 72, 48.65, 1, 872
4040, 2895, 71.66, 72, 48.65, 1, 872
4041, 2895, 71.64, 72, 48.65, 1, 872
4042, 2896, 71.65, 72, 48.65, 1, 872
4043, 2896, 71.63, 72, 48.65, 1, 873
4044, 2897, 71.64, 72, 48.65, 1, 873
4045, 2898, 71.64, 72, 48.65, 1, 873
4046, 2898, 71.63, 72, 48.65, 1, 874
4047, 2899, 71.63, 72, 48.65, 1, 874
4048, 2900, 71.64, 72, 48.65, 1, 874
4049, 2900, 71.62, 72, 48.65, 1, 875
4050, 2901, 71.63, 72, 48.65, 1, 875
4051, 2901, 71.61, 72, 48.65, 1, 876
4052, 2901, 71.59, 72, 48.65, 1, 877
4053, 2902, 71.60, 72, 48.65, 1, 877
4054, 2903, 71.61, 72, 48.65, 1, 877
4055, 2904, 71.62, 72, 48.65, 1, 877
4056, 2905, 71.62, 72, 48.65, 1, 877
4057, 2906, 71.63, 72, 48.65, 1, 877
4058, 2907, 71.64, 72, 48.65, 1, 877
4059, 2908, 71.64, 72, 48.65, 1, 877
4060, 2909, 71.65, 72, 48.65, 1, 877
4061, 2910, 71.66, 72, 48.65, 1, 877
4062, 2911, 71.66, 72, 48.65, 1, 877
4063, 2912, 71.67, 72, 48.65, 1, 877
4064, 2912, 71.65, 72, 48.65, 1, 878
4065, 2913, 71.66, 72, 48.65, 1, 878
4066, 2914, 71.67, 72, 48.65, 1, 878
4067, 2914, 71.65, 72, 48.65, 1, 879
4068, 2914, 71.63, 72, 48.65, 1, 879
4069, 2915, 71.64, 72, 48.65, 1, 879
4070, 2915, 71.62, 72, 48.65, 1, 879
4071, 2916, 71.63, 72, 48.65, 1, 879
4072, 2917, 71.64, 72, 48.65, 1, 879
4073, 2917, 71.62, 72, 48.65, 1, 879
4074, 2918, 71.62, 72, 48.65, 1, 879
4075, 2919, 71.63, 72, 48.65, 1, 879
4076, 2920, 71.64, 72, 48.65, 1, 879
4077, 2921, 71.65, 72, 48.65, 1, 879
4078, 2922, 71.65, 72, 48.65, 1, 879
4079, 2923, 71.66, 72, 48.65, 1, 879
4080, 2923, 71.64, 72, 48.65, 1, 880
4081, 2924, 71.65, 72, 48.65, 1, 880
4082, 2925, 71.66, 72, 48.65, 1, 880
4083, 2925, 71.64, 72, 48.65, 1, 881
4084, 2926, 71.65, 72, 48.65, 1, 881
4085, 2926, 71.63, 72, 48.65, 1, 882
4086, 2926, 71.61, 72, 48.65, 1, 883
4087, 2926, 71.59, 72, 48.65, 1, 884
4088, 2927, 71.60, 72, 48.65, 1, 884
4089, 2927, 71.58, 72, 48.65, 1, 885
4090, 2927, 71.56, 72, 48.65, 1, 886
4091, 2928, 71.57, 72, 48.65, 1, 886
4092, 2929, 71.58, 72, 48.65, 1, 886
4093, 2930, 71.59, 72, 48.65, 1, 886
4094, 2931, 71.59, 72, 48.65, 1, 886
4095, 2932, 71.60, 72, 48.65, 1, 886
4096, 2933, 71.61, 72, 48.65, 1, 886
4097, 2933, 71.59, 72, 48.65, 1, 887
4098, 2934, 71.60, 72, 48.65, 1, 887
4099, 2934, 71.58, 72, 48.65, 1, 887
4100, 2935, 71.59, 72, 48.65, 1, 887
4101, 2936, 71.59, 72, 48.65, 1, 887
4102, 2937, 71.60, 72, 48.65, 1, 887
4103, 2938, 71.61, 72, 48.65, 1, 887
4104, 2939, 71.61, 72, 48.65, 1, 887
4105, 2939, 71.60, 72, 48.65, 1, 888
4106, 2940, 71.60, 72, 48.65, 1, 888
4107, 2940, 71.59, 72, 48.65, 1, 889
4108, 2941, 71.59, 72, 48.65, 1, 889
4109, 2942, 71.60, 72, 48.65, 1, 889
4110, 2943, 71.61, 72, 48.65, 1, 889
4111, 2943, 71.59, 72, 48.65, 1, 890
4112, 2944, 71.60, 72, 48.65, 1, 890
4113, 2944, 71.58, 72, 48.65, 1, 890
4114, 2944, 71.56, 72, 48.65, 1, 891
4115, 2945, 71.57, 72, 48.65, 1, 891
4116, 2946, 71.57, 72, 48.65, 1, 891
4117, 2947, 71.58, 72, 48.65, 1, 891
4118, 2948, 71.59, 72, 48.65, 1, 891
4119, 2948, 71.57, 72, 48.65, 1, 892
4120, 2949, 71.58, 72, 48.65, 1, 892
4121, 2950, 71.58, 72, 48.65, 1, 892
4122, 2951, 71.59, 72, 48.65, 1, 892
4123, 2951, 71.57, 72, 48.65, 1, 892
4124, 2952, 71.58, 72, 48.65, 1, 892
4125, 2953, 71.59, 72, 48.65, 1, 892
4126, 2954, 71.59, 72, 48.65, 1, 892
4127, 2955, 71.60, 72, 48.65, 1, 892
4128, 2955, 71.58, 72, 48.65, 1, 892
4129, 2956, 71.59, 72, 48.65, 1, 892
4130, 2957, 71.60, 72, 48.65, 1, 892
4131, 2958, 71.60, 72, 48.65, 1, 892
4132, 2959, 71.61, 72, 48.65, 1, 892
4133, 2960, 71.62, 72, 48.65, 1, 892
4134, 2961, 71.63, 72, 48.65, 1, 892
4135, 2961, 71.61, 72, 48.65, 1, 893
4136, 2962, 71.62, 72, 48.65, 1, 893
4137, 2963, 71.62, 72, 48.65, 1, 893
4138, 2964, 71.63, 72, 48.65, 1, 893
4139, 2965, 71.64, 72, 48.65, 1, 893
4140, 2966, 71.64, 72, 48.65, 1, 893
4141, 2966, 71.63, 72, 48.65, 1, 894
4142, 2967, 71.63, 72, 48.65, 1, 894
4143, 2967, 71.61, 72, 48.65, 1, 894
4144, 2968, 71.62, 72, 48.65, 1, 894
4145, 2968, 71.60, 72, 48.65, 1, 895
4146, 2969, 71.61, 72, 48.65, 1, 895
4147, 2970, 71.62, 72, 48.65, 1, 895
4148, 2971, 71.62, 72, 48.65, 1, 895
4149, 2971, 71.61, 72, 48.65, 1, 896
4150, 2972, 71.61, 72, 48.65, 1, 896
4151, 2973, 71.62, 72, 48.65, 1, 896
4152, 2974, 71.63, 72, 48.65, 1, 896
4153, 2975, 71.63, 72, 48.65, 1, 896
4154, 2975, 71.62, 72, 48.65, 1, 897
4155, 2975, 71.60, 72, 48.65, 1, 898
4156, 2976, 71.61, 72, 48.65, 1, 898
4157, 2977, 71.61, 72, 48.65, 1, 898
4158, 2978, 71.62, 72, 48.65, 1, 898
4159, 2978, 71.60, 72, 48.65, 1, 899
4160, 2979, 71.61, 72, 48.65, 1, 899
4161, 2980, 71.62, 72, 48.65, 1, 899
4162, 2980, 71.60, 72, 48.65, 1, 900
4163, 2981, 71.61, 72, 48.65, 1, 900
4164, 2982, 71.61, 72, 48.65, 1, 900
4165, 2983, 71.62, 72, 48.65, 1, 900
4166, 2984, 71.63, 72, 48.65, 1, 900
4167, 2985, 71.63, 72, 48.65, 1, 900
4168, 2986, 71.64, 72, 48.65, 1, 900
4169, 2987, 71.65, 72, 48.65, 1, 900
4170, 2988, 71.65, 72, 48.65, 1, 900
4171, 2989, 71.66, 72, 48.65, 1, 900
4172, 2990, 71.67, 72, 48.65, 1, 900
4173, 2991, 71.68, 72, 48.65, 1, 900
4174, 2991, 71.66, 72, 48.65, 1, 901
4175, 2992, 71.66, 72, 48.65, 1, 901
4176, 2992, 71.65, 72, 48.65, 1, 902
4177, 2992, 71.63, 72, 48.65, 1, 903
4178, 2993, 71.64, 72, 48.65, 1, 903
4179, 2993, 71.62, 72, 48.65, 1, 904
4180, 2994, 71.63, 72, 48.65, 1, 904
4181, 2995, 71.63, 72, 48.65, 1, 904
4182, 2996, 71.64, 72, 48.65, 1, 904
4183, 2997, 71.65, 72, 48.65, 1, 904
4184, 2997, 71.63, 72, 48.65, 1, 904
4185, 2998, 71.64, 72, 48.65, 1, 904
4186, 2998, 71.62, 72, 48.65, 1, 904
4187, 2999, 71.63, 72, 48.65, 1, 904
4188, 3000, 71.63, 72, 48.65, 1, 904
4189, 3000, 71.62, 72, 48.65, 1, 905
4190, 3001, 71.62, 72, 48.65, 1, 905
4191, 3002, 71.63, 72, 48.65, 1, 905
4192, 3003, 71.64, 72, 48.65, 1, 905
4193, 3004, 71.64, 72, 48.65, 1, 905
4194, 3004, 71.63, 72, 48.65, 1, 906
4195, 3004, 71.61, 72, 48.65, 1, 907
4196, 3004, 71.59, 72, 48.65, 1, 908
4197, 3005, 71.60, 72, 48.65, 1, 908
4198, 3005, 71.58, 72, 48.65, 1, 909
4199, 3006, 71.59, 72, 48.65, 1, 909
4200, 3007, 71.60, 72, 48.65, 1, 909
4201, 3008, 71.60, 72, 48.65, 1, 909
4202, 3009, 71.61, 72, 48.65, 1, 909
4203, 3010, 71.62, 72, 48.65, 1, 909
4204, 3011, 71.62, 72, 48.65, 1, 909
4205, 3011, 71.61, 72, 48.65, 1, 910
4206, 3012, 71.61, 72, 48.65, 1, 910
4207, 3013, 71.62, 72, 48.65, 1, 910
4208, 3013, 71.60, 72, 48.65, 1, 910
4209, 3014, 71.61, 72, 48.65, 1, 910
4210, 3014, 71.59, 72, 48.65, 1, 911
4211, 3015, 71.60, 72, 48.65, 1, 911
4212, 3016, 71.60, 72, 48.65, 1, 911
4213, 3016, 71.59, 72, 48.65, 1, 912
4214, 3017, 71.59, 72, 48.65, 1, 912
4215, 3018, 71.60, 72, 48.65, 1, 912
4216, 3019, 71.61, 72, 48.65, 1, 912
4217, 3020, 71.61, 72, 48.65, 1, 912
4218, 3020, 71.60, 72, 48.65, 1, 913
4219, 3021, 71.60, 72, 48.65, 1, 913
4220, 3022, 71.61, 72, 48.65, 1, 913
4221, 3023, 71.62, 72, 48.65, 1, 913
4222, 3024, 71.62, 72, 48.65, 1, 913
4223, 3024, 71.61, 72, 48.65, 1, 914
4224, 3025, 71.61, 72, 48.65, 1, 914
4225, 3026, 71.62, 72, 48.65, 1, 914
4226, 3027, 71.63, 72, 48.65, 1, 914
4227, 3028, 71.63, 72, 48.65, 1, 914
4228, 3028, 71.62, 72, 48.65, 1, 915
4229, 3028, 71.60, 72, 48.65, 1, 916
4230, 3029, 71.61, 72, 48.65, 1, 916
4231, 3030, 71.61, 72, 48.65, 1, 916
4232, 3030, 71.60, 72, 48.65, 1, 916
4233, 3030, 71.58, 72, 48.65, 1, 917
4234, 3031, 71.59, 72, 48.65, 1, 917
4235, 3032, 71.59, 72, 48.65, 1, 917
4236, 3033, 71.60, 72, 48.65, 1, 917
4237, 3033, 71.58, 72, 48.65, 1, 918
4238, 3034, 71.59, 72, 48.65, 1, 918
4239, 3034, 71.57, 72, 48.65, 1, 919
4240, 3034, 71.56, 72, 48.65, 1, 920
4241, 3035, 71.56, 72, 48.65, 1, 920
4242, 3036, 71.57, 72, 48.65, 1, 920
4243, 3037, 71.58, 72, 48.65, 1, 920
4244, 3037, 71.56, 72, 48.65, 1, 921
4245, 3038, 71.57, 72, 48.65, 1, 921
4246, 3038, 71.55, 72, 48.65, 1, 921
4247, 3039, 71.56, 72, 48.65, 1, 921
4248, 3040, 71.56, 72, 48.65, 1, 921
4249, 3041, 71.57, 72, 48.65, 1, 921
4250, 3042, 71.58, 72, 48.65, 1, 921
4251, 3042, 71.56, 72, 48.65, 1, 922
4252, 3043, 71.57, 72, 48.65, 1, 922
4253, 3044, 71.57, 72, 48.65, 1, 922
4254, 3045, 71.58, 72, 48.65, 1, 922
4255, 3046, 71.59, 72, 48.65, 1, 922
4256, 3047, 71.59, 72, 48.65, 1, 922
4257, 3047, 71.58, 72, 48.65, 1, 923
4258, 3048, 71.58, 72, 48.65, 1, 923
4259, 3048, 71.57, 72, 48.65, 1, 924
4260, 3049, 71.57, 72, 48.65, 1, 924
4261, 3049, 71.56, 72, 48.65, 1, 925
4262, 3049, 71.54, 72, 48.65, 1, 926
4263, 3050, 71.55, 72, 48.65, 1, 926
4264, 3050, 71.53, 72, 48.65, 1, 927
4265, 3051, 71.54, 72, 48.65, 1, 927
4266, 3052, 71.54, 72, 48.65, 1, 927
4267, 3053, 71.55, 72, 48.65, 1, 927
4268, 3054, 71.56, 72, 48.65, 1, 927
4269, 3054, 71.54, 72, 48.65, 1, 928
4270, 3055, 71.55, 72, 48.65, 1, 928
4271, 3056, 71.55, 72, 48.65, 1, 928
4272, 3057, 71.56, 72, 48.65, 1, 928
4273, 3058, 71.57, 72, 48.65, 1, 928
4274, 3059, 71.57, 72, 48.65, 1, 928
4275, 3060, 71.58, 72, 48.65, 1, 928
4276, 3060, 71.56, 72, 48.65, 1, 929
4277, 3061, 71.57, 72, 48.65, 1, 929
4278, 3061, 71.55, 72, 48.65, 1, 930
4279, 3062, 71.56, 72, 48.65, 1, 930
4280, 3062, 71.54, 72, 48.65, 1, 931
4281, 3063, 71.55, 72, 48.65, 1, 931
4282, 3063, 71.53, 72, 48.65, 1, 932
4283, 3064, 71.54, 72, 48.65, 1, 932
4284, 3065, 71.55, 72, 48.65, 1, 932
4285, 3066, 71.55, 72, 48.65, 1, 932
4286, 3067, 71.56, 72, 48.65, 1, 932
4287, 3067, 71.54, 72, 48.65, 1, 932
4288, 3067, 71.53, 72, 48.65, 1, 932
4289, 3068, 71.53, 72, 48.65, 1, 932
4290, 3069, 71.54, 72, 48.65, 1, 932
4291, 3070, 71.55, 72, 48.65, 1, 932
4292, 3071, 71.55, 72, 48.65, 1, 932
4293, 3071, 71.54, 72, 48.65, 1, 932
4294, 3072, 71.54, 72, 48.65, 1, 932
4295, 3073, 71.55, 72, 48.65, 1, 932
4296, 3073, 71.53, 72, 48.65, 1, 932
4297, 3074, 71.54, 72, 48.65, 1, 932
4298, 3074, 71.52, 72, 48.65, 1, 933
4299, 3075, 71.53, 72, 48.65, 1, 933
4300, 3076, 71.53, 72, 48.65, 1, 933
4301, 3077, 71.54, 72, 48.65, 1, 933
4302, 3077, 71.52, 72, 48.65, 1, 934
4303, 3078, 71.53, 72, 48.65, 1, 934
4304, 3079, 71.54, 72, 48.65, 1, 934
4305, 3080, 71.54, 72, 48.65, 1, 934
4306, 3081, 71.55, 72, 48.65, 1, 934
4307, 3082, 71.56, 72, 48.65, 1, 934
4308, 3083, 71.56, 72, 48.65, 1, 934
4309, 3084, 71.57, 72, 48.65, 1, 934
4310, 3085, 71.58, 72, 48.65, 1, 934
4311, 3085, 71.56, 72, 48.65, 1, 934
4312, 3085, 71.54, 72, 48.65, 1, 935
4313, 3086, 71.55, 72, 48.65, 1, 935
4314, 3087, 71.56, 72, 48.65, 1, 935
4315, 3088, 71.56, 72, 48.65, 1, 935
4316, 3089, 71.57, 72, 48.65, 1, 935
4317, 3090, 71.58, 72, 48.65, 1, 935
4318, 3091, 71.58, 72, 48.65, 1, 935
4319, 3092, 71.59, 72, 48.65, 1, 935
4320, 3092, 71.57, 72, 48.65, 1, 936
4321, 3093, 71.58, 72, 48.65, 1, 936
4322, 3094, 71.59, 72, 48.65, 1, 936
4323, 3094, 71.57, 72, 48.65, 1, 936
4324, 3095, 71.58, 72, 48.65, 1, 936
4325, 3096, 71.58, 72, 48.65, 1, 936
4326, 3096, 71.57, 72, 48.65, 1, 937
4327, 3097, 71.57, 72, 48.65, 1, 937
4328, 3098, 71.58, 72, 48.65, 1, 937
4329, 3099, 71.59, 72, 48.65, 1, 937
4330, 3100, 71.59, 72, 48.65, 1, 937
4331, 3100, 71.58, 72, 48.65, 1, 938
4332, 3100, 71.56, 72, 48.65, 1, 939
4333, 3100, 71.54, 72, 48.65, 1, 940
4334, 3100, 71.53, 72, 48.65, 1, 941
4335, 3101, 71.53, 72, 48.65, 1, 941
4336, 3102, 71.54, 72, 48.65, 1, 941
4337, 3103, 71.55, 72, 48.65, 1, 941
4338, 3104, 71.55, 72, 48.65, 1, 941
4339, 3105, 71.56, 72, 48.65, 1, 941
4340, 3106, 71.57, 72, 48.65, 1, 941
4341, 3106, 71.55, 72, 48.65, 1, 942
4342, 3107, 71.56, 72, 48.65, 1, 942
4343, 3108, 71.56, 72, 48.65, 1, 942
4344, 3108, 71.55, 72, 48.65, 1, 943
4345, 3109, 71.55, 72, 48.65, 1, 943
4346, 3110, 71.56, 72, 48.65, 1, 943
4347, 3111, 71.57, 72, 48.65, 1, 943
4348, 3112, 71.57, 72, 48.65, 1, 943
4349, 3112, 71.56, 72, 48.65, 1, 944
4350, 3113, 71.56, 72, 48.65, 1, 944
4351, 3113, 71.55, 72, 48.65, 1, 945
4352, 3114, 71.55, 72, 48.65, 1, 945
4353, 3115, 71.56, 72, 48.65, 1, 945
4354, 3115, 71.54, 72, 48.65, 1, 946
4355, 3116, 71.55, 72, 48.65, 1, 946
4356, 3117, 71.56, 72, 48.65, 1, 946
4357, 3118, 71.56, 72, 48.65, 1, 946
4358, 3119, 71.57, 72, 48.65, 1, 946
4359, 3119, 71.55, 72, 48.65, 1, 947
4360, 3120, 71.56, 72, 48.65, 1, 947
4361, 3121, 71.57, 72, 48.65, 1, 947
4362, 3122, 71.57, 72, 48.65, 1, 947
4363, 3123, 71.58, 72, 48.65, 1, 947
4364, 3123, 71.56, 72, 48.65, 1, 947
4365, 3124, 71.57, 72, 48.65, 1, 947
4366, 3125, 71.58, 72, 48.65, 1, 947
4367, 3126, 71.58, 72, 48.65, 1, 947
4368, 3127, 71.59, 72, 48.65, 1, 947
4369, 3128, 71.60, 72, 48.65, 1, 947
4370, 3129, 71.60, 72, 48.65, 1, 947
4371, 3129, 71.59, 72, 48.65, 1, 947
4372, 3130, 71.59, 72, 48.65, 1, 947
4373, 3130, 71.58, 72, 48.65, 1, 947
4374, 3130, 71.56, 72, 48.65, 1, 947
4375, 3131, 71.57, 72, 48.65, 1, 947
4376, 3132, 71.57, 72, 48.65, 1, 947
4377, 3132, 71.56, 72, 48.65, 1, 947
4378, 3133, 71.56, 72, 48.65, 1, 947
4379, 3134, 71.57, 72, 48.65, 1, 947
4380, 3134, 71.55, 72, 48.65, 1, 947
4381, 3135, 71.56, 72, 48.65, 1, 947
4382, 3136, 71.57, 72, 48.65, 1, 947
4383, 3136, 71.55, 72, 48.65, 1, 947
4384, 3137, 71.56, 72, 48.65, 1, 947
4385, 3137, 71.54, 72, 48.65, 1, 947
4386, 3138, 71.55, 72, 48.65, 1, 947
4387, 3139, 71.55, 72, 48.65, 1, 947
4388, 3140, 71.56, 72, 48.65, 1, 947
4389, 3140, 71.54, 72, 48.65, 1, 947
4390, 3141, 71.55, 72, 48.65, 1, 947
4391, 3141, 71.53, 72, 48.65, 1, 947
4392, 3142, 71.54, 72, 48.65, 1, 947
4393, 3143, 71.55, 72, 48.65, 1, 947
4394, 3144, 71.55, 72, 48.65, 1, 947
4395, 3145, 71.56, 72, 48.65, 1, 947
4396, 3146, 71.57, 72, 48.65, 1, 947
4397, 3146, 71.55, 72, 48.65, 1, 947
4398, 3147, 71.56, 72, 48.65, 1, 947
4399, 3148, 71.56, 72, 48.65, 1, 947
4400, 3148, 71.55, 72, 48.65, 1, 948
4401, 3149, 71.55, 72, 48.65, 1, 948
4402, 3150, 71.56, 72, 48.65, 1, 948
4403, 3151, 71.56, 72, 48.65, 1, 948
4404, 3152, 71.57, 72, 48.65, 1, 948
4405, 3152, 71.56, 72, 48.65, 1, 949
4406, 3153, 71.56, 72, 48.65, 1, 949
4407, 3154, 71.57, 72, 48.65, 1, 949
4408, 3154, 71.55, 72, 48.65, 1, 950
4409, 3155, 71.56, 72, 48.65, 1, 950
4410, 3156, 71.56, 72, 48.65, 1, 950
4411, 3156, 71.55, 72, 48.65, 1, 951
4412, 3157, 71.55, 72, 48.65, 1, 951
4413, 3158, 71.56, 72, 48.65, 1, 951
4414, 3159, 71.57, 72, 48.65, 1, 951
4415, 3160, 71.57, 72, 48.65, 1, 951
4416, 3161, 71.58, 72, 48.65, 1, 951
4417, 3162, 71.59, 72, 48.65, 1, 951
4418, 3163, 71.59, 72, 48.65, 1, 951
4419, 3164, 71.60, 72, 48.65, 1, 951
4420, 3164, 71.58, 72, 48.65, 1, 952
4421, 3165, 71.59, 72, 48.65, 1, 952
4422, 3166, 71.60, 72, 48.65, 1, 952
4423, 3167, 71.60, 72, 48.65, 1, 952
4424, 3168, 71.61, 72, 48.65, 1, 952
4425, 3168, 71.59, 72, 48.65, 1, 952
4426, 3169, 71.60, 72, 48.65, 1, 952
4427, 3169, 71.58, 72, 48.65, 1, 953
4428, 3170, 71.59, 72, 48.65, 1, 953
4429, 3171, 71.60, 72, 48.65, 1, 953
4430, 3172, 71.60, 72, 48.65, 1, 953
4431, 3172, 71.59, 72, 48.65, 1, 954
4432, 3172, 71.57, 72, 48.65, 1, 955
4433, 3173, 71.58, 72, 48.65, 1, 955
4434, 3173, 71.56, 72, 48.65, 1, 956
4435, 3174, 71.57, 72, 48.65, 1, 956
4436, 3175, 71.57, 72, 48.65, 1, 956
4437, 3175, 71.56, 72, 48.65, 1, 957
4438, 3176, 71.56, 72, 48.65, 1, 957
4439, 3177, 71.57, 72, 48.65, 1, 957
4440, 3178, 71.58, 72, 48.65, 1, 957
4441, 3179, 71.58, 72, 48.65, 1, 957
4442, 3180, 71.59, 72, 48.65, 1, 957
4443, 3181, 71.60, 72, 48.65, 1, 957
4444, 3182, 71.60, 72, 48.65, 1, 957
4445, 3182, 71.59, 72, 48.65, 1, 958
4446, 3182, 71.57, 72, 48.65, 1, 959
4447, 3183, 71.58, 72, 48.65, 1, 959
4448, 3184, 71.58, 72, 48.65, 1, 959
4449, 3185, 71.59, 72, 48.65, 1, 959
4450, 3186, 71.60, 72, 48.65, 1, 959
4451, 3186, 71.58, 72, 48.65, 1, 960
4452, 3186, 71.56, 72, 48.65, 1, 961
4453, 3187, 71.57, 72, 48.65, 1, 961
4454, 3187, 71.55, 72, 48.65, 1, 962
4455, 3188, 71.56, 72, 48.65, 1, 962
4456, 3189, 71.57, 72, 48.65, 1, 962
4457, 3190, 71.57, 72, 48.65, 1, 962
4458, 3191, 71.58, 72, 48.65, 1, 962
4459, 3191, 71.56, 72, 48.65, 1, 963
4460, 3192, 71.57, 72, 48.65, 1, 963
4461, 3192, 71.55, 72, 48.65, 1, 964
4462, 3193, 71.56, 72, 48.65, 1, 964
4463, 3194, 71.57, 72, 48.65, 1, 964
4464, 3195, 71.57, 72, 48.65, 1, 964
4465, 3196, 71.58, 72, 48.65, 1, 964
4466, 3196, 71.56, 72, 48.65, 1, 965
4467, 3197, 71.57, 72, 48.65, 1, 965
4468, 3198, 71.58, 72, 48.65, 1, 965
4469, 3198, 71.56, 72, 48.65, 1, 966
4470, 3199, 71.57, 72, 48.65, 1, 966
4471, 3200, 71.57, 72, 48.65, 1, 966
4472, 3201, 71.58, 72, 48.65, 1, 966
4473, 3201, 71.56, 72, 48.65, 1, 966
4474, 3202, 71.57, 72, 48.65, 1, 966
4475, 3202, 71.55, 72, 48.65, 1, 967
4476, 3202, 71.54, 72, 48.65, 1, 968
4477, 3202, 71.52, 72, 48.65, 1, 969
4478, 3203, 71.53, 72, 48.65, 1, 969
4479, 3204, 71.53, 72, 48.65, 1, 969
4480, 3205, 71.54, 72, 48.65, 1, 969
4481, 3205, 71.52, 72, 48.65, 1, 970
4482, 3206, 71.53, 72, 48.65, 1, 970
4483, 3207, 71.54, 72, 48.65, 1, 970
4484, 3207, 71.52, 72, 48.65, 1, 971
4485, 3208, 71.53, 72, 48.65, 1, 971
4486, 3209, 71.53, 72, 48.65, 1, 971
4487, 3210, 71.54, 72, 48.65, 1, 971
4488, 3211, 71.55, 72, 48.65, 1, 971
4489, 3212, 71.55, 72, 48.65, 1, 971
4490, 3213, 71.56, 72, 48.65, 1, 971
4491, 3214, 71.57, 72, 48.65, 1, 971
4492, 3215, 71.57, 72, 48.65, 1, 971
4493, 3216, 71.58, 72, 48.65, 1, 971
4494, 3217, 71.58, 72, 48.65, 1, 971
4495, 3218, 71.59, 72, 48.65, 1, 971
4496, 3219, 71.60, 72, 48.65, 1, 971
4497, 3220, 71.60, 72, 48.65, 1, 971
4498, 3220, 71.59, 72, 48.65, 1, 972
4499, 3220, 71.57, 72, 48.65, 1, 973
4500, 3221, 71.58, 72, 48.65, 1, 973
4501, 3222, 71.58, 72, 48.65, 1, 973
4502, 3223, 71.59, 72, 48.65, 1, 973
4503, 3224, 71.60, 72, 48.65, 1, 973
4504, 3224, 71.58, 72, 48.65, 1, 974
4505, 3225, 71.59, 72, 48.65, 1, 974
4506, 3225, 71.57, 72, 48.65, 1, 975
4507, 3225, 71.56, 72, 48.65, 1, 976
4508, 3226, 71.56, 72, 48.65, 1, 976
4509, 3227, 71.57, 72, 48.65, 1, 976
4510, 3228, 71.57, 72, 48.65, 1, 976
4511, 3228, 71.56, 72, 48.65, 1, 977
4512, 3229, 71.56, 72, 48.65, 1, 977
4513, 3230, 71.57, 72, 48.65, 1, 977
4514, 3231, 71.58, 72, 48.65, 1, 977
4515, 3231, 71.56, 72, 48.65, 1, 978
4516, 3232, 71.57, 72, 48.65, 1, 978
4517, 3233, 71.57, 72, 48.65, 1, 978
4518, 3234, 71.58, 72, 48.65, 1, 978
4519, 3234, 71.56, 72, 48.65, 1, 979
4520, 3234, 71.55, 72, 48.65, 1, 980
4521, 3235, 71.55, 72, 48.65, 1, 980
4522, 3236, 71.56, 72, 48.65, 1, 980
4523, 3237, 71.57, 72, 48.65, 1, 980
4524, 3237, 71.55, 72, 48.65, 1, 981
4525, 3238, 71.56, 72, 48.65, 1, 981
4526, 3239, 71.56, 72, 48.65, 1, 981
4527, 3240, 71.57, 72, 48.65, 1, 981
4528, 3240, 71.55, 72, 48.65, 1, 982
4529, 3241, 71.56, 72, 48.65, 1, 982
4530, 3242, 71.57, 72, 48.65, 1, 982
4531, 3243, 71.57, 72, 48.65, 1, 982
4532, 3244, 71.58, 72, 48.65, 1, 982
4533, 3245, 71.59, 72, 48.65, 1, 982
4534, 3246, 71.59, 72, 48.65, 1, 982
4535, 3246, 71.58, 72, 48.65, 1, 983
4536, 3246, 71.56, 72, 48.65, 1, 984
4537, 3246, 71.55, 72, 48.65, 1, 985
4538, 3247, 71.55, 72, 48.65, 1, 985
4539, 3248, 71.56, 72, 48.65, 1, 985
4540, 3249, 71.56, 72, 48.65, 1, 985
4541, 3250, 71.57, 72, 48.65, 1, 985
4542, 3250, 71.55, 72, 48.65, 1, 986
4543, 3251, 71.56, 72, 48.65, 1, 986
4544, 3252, 71.57, 72, 48.65, 1, 986
4545, 3252, 71.55, 72, 48.65, 1, 987
4546, 3253, 71.56, 72, 48.65, 1, 987
4547, 3253, 71.54, 72, 48.65, 1, 988
4548, 3253, 71.53, 72, 48.65, 1, 988
4549, 3254, 71.53, 72, 48.65, 1, 988
4550, 3254, 71.52, 72, 48.65, 1, 988
4551, 3255, 71.52, 72, 48.65, 1, 988
4552, 3256, 71.53, 72, 48.65, 1, 988
4553, 3257, 71.54, 72, 48.65, 1, 988
4554, 3257, 71.52, 72, 48.65, 1, 988
4555, 3257, 71.50, 72, 48.65, 1, 989
4556, 3257, 71.49, 72, 48.65, 1, 990
4557, 3258, 71.49, 72, 48.65, 1, 990
4558, 3259, 71.50, 72, 48.65, 1, 990
4559, 3260, 71.51, 72, 48.65, 1, 990
4560, 3260, 71.49, 72, 48.65, 1, 991
4561, 3261, 71.50, 72, 48.65, 1, 991
4562, 3262, 71.50, 72, 48.65, 1, 991
4563, 3263, 71.51, 72, 48.65, 1, 991
4564, 3264, 71.52, 72, 48.65, 1, 991
4565, 3265, 71.52, 72, 48.65, 1, 991
4566, 3265, 71.51, 72, 48.65, 1, 992
4567, 3266, 71.51, 72, 48.65, 1, 992
4568, 3267, 71.52, 72, 48.65, 1, 992
4569, 3268, 71.53, 72, 48.65, 1, 992
4570, 3269, 71.53, 72, 48.65, 1, 992
4571, 3270, 71.54, 72, 48.65, 1, 992
4572, 3270, 71.52, 72, 48.65, 1, 993
4573, 3271, 71.53, 72, 48.65, 1, 993
4574, 3272, 71.53, 72, 48.65, 1, 993
4575, 3273, 71.54, 72, 48.65, 1, 993
4576, 3274, 71.55, 72, 48.65, 1, 993
4577, 3274, 71.53, 72, 48.65, 1, 994
4578, 3275, 71.54, 72, 48.65, 1, 994
4579, 3275, 71.52, 72, 48.65, 1, 995
4580, 3275, 71.51, 72, 48.65, 1, 995
4581, 3275, 71.49, 72, 48.65, 1, 996
4582, 3276, 71.50, 72, 48.65, 1, 996
4583, 3277, 71.50, 72, 48.65, 1, 996
4584, 3278, 71.51, 72, 48.65, 1, 996
4585, 3279, 71.52, 72, 48.65, 1, 996
4586, 3279, 71.50, 72, 48.65, 1, 997
4587, 3279, 71.48, 72, 48.65, 1, 998
4588, 3280, 71.49, 72, 48.65, 1, 998
4589, 3281, 71.50, 72, 48.65, 1, 998
4590, 3282, 71.50, 72, 48.65, 1, 998
4591, 3283, 71.51, 72, 48.65, 1, 998
4592, 3284, 71.52, 72, 48.65, 1, 998
4593, 3285, 71.52, 72, 48.65, 1, 998
4594, 3286, 71.53, 72, 48.65, 1, 998
4595, 3287, 71.53, 72, 48.65, 1, 998
4596, 3288, 71.54, 72, 48.65, 1, 998
4597, 3289, 71.55, 72, 48.65, 1, 998
4598, 3290, 71.55, 72, 48.65, 1, 998
4599, 3290, 71.54, 72, 48.65, 1, 999
4600, 3290, 71.52, 72, 48.65, 1, 1000
4601, 3290, 71.51, 72, 48.65, 1, 1001
4602, 3291, 71.51, 72, 48.65, 1, 1001
4603, 3292, 71.52, 72, 48.65, 1, 1001
4604, 3293, 71.52, 72, 48.65, 1, 1001
4605, 3294, 71.53, 72, 48.65, 1, 1001
4606, 3294, 71.52, 72, 48.65, 1, 1002
4607, 3295, 71.52, 72, 48.65, 1, 1002
4608, 3295, 71.51, 72, 48.65, 1, 1003
4609, 3295, 71.49, 72, 48.65, 1, 1004
4610, 3296, 71.50, 72, 48.65, 1, 1004
4611, 3297, 71.50, 72, 48.65, 1, 1004
4612, 3298, 71.51, 72, 48.65, 1, 1004
4613, 3298, 71.49, 72, 48.65, 1, 1005
4614, 3299, 71.50, 72, 48.65, 1, 1005
4615, 3300, 71.51, 72, 48.65, 1, 1005
4616, 3301, 71.51, 72, 48.65, 1, 1005
4617, 3302, 71.52, 72, 48.65, 1, 1005
4618, 3303, 71.52, 72, 48.65, 1, 1005
4619, 3304, 71.53, 72, 48.65, 1, 1005
4620, 3305, 71.54, 72, 48.65, 1, 1005
4621, 3306, 71.54, 72, 48.65, 1, 1005
4622, 3306, 71.53, 72, 48.65, 1, 1006
4623, 3307, 71.53, 72, 48.65, 1, 1006
4624, 3308, 71.54, 72, 48.65, 1, 1006
4625, 3309, 71.55, 72, 48.65, 1, 1006
4626, 3310, 71.55, 72, 48.65, 1, 1006
4627, 3311, 71.56, 72, 48.65, 1, 1006
4628, 3312, 71.56, 72, 48.65, 1, 1006
4629, 3313, 71.57, 72, 48.65, 1, 1006
4630, 3313, 71.56, 72, 48.65, 1, 1007
4631, 3313, 71.54, 72, 48.65, 1, 1007
4632, 3314, 71.55, 72, 48.65, 1, 1007
4633, 3315, 71.55, 72, 48.65, 1, 1007
4634, 3316, 71.56, 72, 48.65, 1, 1007
4635, 3317, 71.56, 72, 48.65, 1, 1007
4636, 3318, 71.57, 72, 48.65, 1, 1007
4637, 3318, 71.55, 72, 48.65, 1, 1007
4638, 3319, 71.56, 72, 48.65, 1, 1007
4639, 3320, 71.57, 72, 48.65, 1, 1007
4640, 3321, 71.57, 72, 48.65, 1, 1007
4641, 3321, 71.56, 72, 48.65, 1, 1007
4642, 3321, 71.54, 72, 48.65, 1, 1008
4643, 3322, 71.55, 72, 48.65, 1, 1008
4644, 3323, 71.55, 72, 48.65, 1, 1008
4645, 3324, 71.56, 72, 48.65, 1, 1008
4646, 3324, 71.55, 72, 48.65, 1, 1009
4647, 3325, 71.55, 72, 48.65, 1, 1009
4648, 3326, 71.56, 72, 48.65, 1, 1009
4649, 3327, 71.56, 72, 48.65, 1, 1009
4650, 3328, 71.57, 72, 48.65, 1, 1009
4651, 3329, 71.58, 72, 48.65, 1, 1009
4652, 3329, 71.56, 72, 48.65, 1, 1010
4653, 3330, 71.57, 72, 48.65, 1, 1010
4654, 3330, 71.55, 72, 48.65, 1, 1011
4655, 3331, 71.56, 72, 48.65, 1, 1011
4656, 3332, 71.56, 72, 48.65, 1, 1011
4657, 3333, 71.57, 72, 48.65, 1, 1011
4658, 3333, 71.55, 72, 48.65, 1, 1012
4659, 3334, 71.56, 72, 48.65, 1, 1012
4660, 3335, 71.57, 72, 48.65, 1, 1012
4661, 3335, 71.55, 72, 48.65, 1, 1013
4662, 3336, 71.56, 72, 48.65, 1, 1013
4663, 3337, 71.56, 72, 48.65, 1, 1013
4664, 3337, 71.55, 72, 48.65, 1, 1014
4665, 3338, 71.55, 72, 48.65, 1, 1014
4666, 3339, 71.56, 72, 48.65, 1, 1014
4667, 3340, 71.57, 72, 48.65, 1, 1014
4668, 3341, 71.57, 72, 48.65, 1, 1014
4669, 3342, 71.58, 72, 48.65, 1, 1014
4670, 3342, 71.56, 72, 48.65, 1, 1014
4671, 3342, 71.55, 72, 48.65, 1, 1015
4672, 3342, 71.53, 72, 48.65, 1, 1016
4673, 3343, 71.54, 72, 48.65, 1, 1016
4674, 3343, 71.52, 72, 48.65, 1, 1017
4675, 3344, 71.53, 72, 48.65, 1, 1017
4676, 3344, 71.51, 72, 48.65, 1, 1018
4677, 3345, 71.52, 72, 48.65, 1, 1018
4678, 3345, 71.50, 72, 48.65, 1, 1019
4679, 3346, 71.51, 72, 48.65, 1, 1019
4680, 3347, 71.52, 72, 48.65, 1, 1019
4681, 3348, 71.52, 72, 48.65, 1, 1019
4682, 3349, 71.53, 72, 48.65, 1, 1019
4683, 3349, 71.51, 72, 48.65, 1, 1019
4684, 3350, 71.52, 72, 48.65, 1, 1019
4685, 3350, 71.50, 72, 48.65, 1, 1020
4686, 3351, 71.51, 72, 48.65, 1, 1020
4687, 3352, 71.52, 72, 48.65, 1, 1020
4688, 3353, 71.52, 72, 48.65, 1, 1020
4689, 3354, 71.53, 72, 48.65, 1, 1020
4690, 3354, 71.51, 72, 48.65, 1, 1021
4691, 3355, 71.52, 72, 48.65, 1, 1021
4692, 3355, 71.50, 72, 48.65, 1, 1022
4693, 3355, 71.49, 72, 48.65, 1, 1023
4694, 3356, 71.50, 72, 48.65, 1, 1023
4695, 3357, 71.50, 72, 48.65, 1, 1023
4696, 3358, 71.51, 72, 48.65, 1, 1023
4697, 3359, 71.51, 72, 48.65, 1, 1023
4698, 3360, 71.52, 72, 48.65, 1, 1023
4699, 3361, 71.53, 72, 48.65, 1, 1023
4700, 3362, 71.53, 72, 48.65, 1, 1023
4701, 3363, 71.54, 72, 48.65, 1, 1023
4702, 3364, 71.54, 72, 48.65, 1, 1023
4703, 3365, 71.55, 72, 48.65, 1, 1023
4704, 3365, 71.53, 72, 48.65, 1, 1024
4705, 3366, 71.54, 72, 48.65, 1, 1024
4706, 3367, 71.55, 72, 48.65, 1, 1024
4707, 3367, 71.53, 72, 48.65, 1, 1025
4708, 3368, 71.54, 72, 48.65, 1, 1025
4709, 3369, 71.54, 72, 48.65, 1, 1025
4710, 3370, 71.55, 72, 48.65, 1, 1025
4711, 3371, 71.56, 72, 48.65, 1, 1025
4712, 3372, 71.56, 72, 48.65, 1, 1025
4713, 3372, 71.55, 72, 48.65, 1, 1025
4714, 3372, 71.53, 72, 48.65, 1, 1025
4715, 3373, 71.54, 72, 48.65, 1, 1025
4716, 3374, 71.54, 72, 48.65, 1, 1025
4717, 3375, 71.55, 72, 48.65, 1, 1025
4718, 3376, 71.56, 72, 48.65, 1, 1025
4719, 3377, 71.56, 72, 48.65, 1, 1025
4720, 3378, 71.57, 72, 48.65, 1, 1025
4721, 3378, 71.55, 72, 48.65, 1, 1025
4722, 3378, 71.54, 72, 48.65, 1, 1026
4723, 3379, 71.54, 72, 48.65, 1, 1026
4724, 3380, 71.55, 72, 48.65, 1, 1026
4725, 3381, 71.56, 72, 48.65, 1, 1026
4726, 3382, 71.56, 72, 48.65, 1, 1026
4727, 3383, 71.57, 72, 48.65, 1, 1026
4728, 3384, 71.57, 72, 48.65, 1, 1026
4729, 3384, 71.56, 72, 48.65, 1, 1027
4730, 3385, 71.56, 72, 48.65, 1, 1027
4731, 3386, 71.57, 72, 48.65, 1, 1027
4732, 3387, 71.58, 72, 48.65, 1, 1027
4733, 3388, 71.58, 72, 48.65, 1, 1027
4734, 3389, 71.59, 72, 48.65, 1, 1027
4735, 3390, 71.59, 72, 48.65, 1, 1027
4736, 3390, 71.58, 72, 48.65, 1, 1028
4737, 3391, 71.59, 72, 48.65, 1, 1028
4738, 3392, 71.59, 72, 48.65, 1, 1028
4739, 3392, 71.58, 72, 48.65, 1, 1029
4740, 3392, 71.56, 72, 48.65, 1, 1030
4741, 3393, 71.57, 72, 48.65, 1, 1030
4742, 3393, 71.55, 72, 48.65, 1, 1031
4743, 3394, 71.56, 72, 48.65, 1, 1031
4744, 3395, 71.56, 72, 48.65, 1, 1031
4745, 3396, 71.57, 72, 48.65, 1, 1031
4746, 3397, 71.58, 72, 48.65, 1, 1031
4747, 3398, 71.58, 72, 48.65, 1, 1031
4748, 3399, 71.59, 72, 48.65, 1, 1031
4749, 3400, 71.59, 72, 48.65, 1, 1031
4750, 3401, 71.60, 72, 48.65, 1, 1031
4751, 3402, 71.61, 72, 48.65, 1, 1031
4752, 3402, 71.59, 72, 48.65, 1, 1032
4753, 3403, 71.60, 72, 48.65, 1, 1032
4754, 3404, 71.60, 72, 48.65, 1, 1032
4755, 3405, 71.61, 72, 48.65, 1, 1032
4756, 3406, 71.61, 72, 48.65, 1, 1032
4757, 3407, 71.62, 72, 48.65, 1, 1032
4758, 3408, 71.63, 72, 48.65, 1, 1032
4759, 3409, 71.63, 72, 48.65, 1, 1032
4760, 3410, 71.64, 72, 48.65, 1, 1032
4761, 3411, 71.64, 72, 48.65, 1, 1032
4762, 3411, 71.63, 72, 48.65, 1, 1033
4763, 3412, 71.64, 72, 48.65, 1, 1033
4764, 3413, 71.64, 72, 48.65, 1, 1033
4765, 3414, 71.65, 72, 48.65, 1, 1033
4766, 3415, 71.65, 72, 48.65, 1, 1033
4767, 3416, 71.66, 72, 48.65, 1, 1033
4768, 3417, 71.67, 72, 48.65, 1, 1033
4769, 3418, 71.67, 72, 48.65, 1, 1033
4770, 3419, 71.68, 72, 48.65, 1, 1033
4771, 3419, 71.66, 72, 48.65, 1, 1034
4772, 3419, 71.65, 72, 48.65, 1, 1035
4773, 3420, 71.65, 72, 48.65, 1, 1035
4774, 3421, 71.66, 72, 48.65, 1, 1035
4775, 3421, 71.64, 72, 48.65, 1, 1036
4776, 3422, 71.65, 72, 48.65, 1, 1036
4777, 3422, 71.63, 72, 48.65, 1, 1037
4778, 3423, 71.64, 72, 48.65, 1, 1037
4779, 3424, 71.65, 72, 48.65, 1, 1037
4780, 3424, 71.63, 72, 48.65, 1, 1038
4781, 3425, 71.64, 72, 48.65, 1, 1038
4782, 3426, 71.64, 72, 48.65, 1, 1038
4783, 3426, 71.63, 72, 48.65, 1, 1039
4784, 3427, 71.63, 72, 48.65, 1, 1039
4785, 3428, 71.64, 72, 48.65, 1, 1039
4786, 3429, 71.65, 72, 48.65, 1, 1039
4787, 3430, 71.65, 72, 48.65, 1, 1039
4788, 3431, 71.66, 72, 48.65, 1, 1039
4789, 3432, 71.66, 72, 48.65, 1, 1039
4790, 3433, 71.67, 72, 48.65, 1, 1039
4791, 3433, 71.66, 72, 48.65, 1, 1040
4792, 3433, 71.64, 72, 48.65, 1, 1041
4793, 3434, 71.65, 72, 48.65, 1, 1041
4794, 3434, 71.63, 72, 48.65, 1, 1042
4795, 3434, 71.62, 72, 48.65, 1, 1043
4796, 3435, 71.62, 72, 48.65, 1, 1043
4797, 3436, 71.63, 72, 48.65, 1, 1043
4798, 3437, 71.63, 72, 48.65, 1, 1043
4799, 3437, 71.62, 72, 48.65, 1, 1043
4800, 3438, 71.62, 72, 48.65, 1, 1043
4801, 3438, 71.61, 72, 48.65, 1, 1044
4802, 3439, 71.62, 72, 48.65, 1, 1044
4803, 3439, 71.60, 72, 48.65, 1, 1045
4804, 3440, 71.61, 72, 48.65, 1, 1045
4805, 3440, 71.59, 72, 48.65, 1, 1045
4806, 3441, 71.60, 72, 48.65, 1, 1045
4807, 3441, 71.58, 72, 48.65, 1, 1046
4808, 3442, 71.59, 72, 48.65, 1, 1046
4809, 3443, 71.59, 72, 48.65, 1, 1046
4810, 3444, 71.60, 72, 48.65, 1, 1046
4811, 3444, 71.59, 72, 48.65, 1, 1047
4812, 3444, 71.57, 72, 48.65, 1, 1047
4813, 3445, 71.58, 72, 48.65, 1, 1047
4814, 3446, 71.58, 72, 48.65, 1, 1047
4815, 3447, 71.59, 72, 48.65, 1, 1047
4816, 3448, 71.59, 72, 48.65, 1, 1047
4817, 3449, 71.60, 72, 48.65, 1, 1047
4818, 3450, 71.61, 72, 48.65, 1, 1047
4819, 3451, 71.61, 72, 48.65, 1, 1047
4820, 3452, 71.62, 72, 48.65, 1, 1047
4821, 3453, 71.62, 72, 48.65, 1, 1047
4822, 3453, 71.61, 72, 48.65, 1, 1048
4823, 3454, 71.62, 72, 48.65, 1, 1048
4824, 3454, 71.60, 72, 48.65, 1, 1049
4825, 3455, 71.61, 72, 48.65, 1, 1049
4826, 3455, 71.59, 72, 48.65, 1, 1050
4827, 3456, 71.60, 72, 48.65, 1, 1050
4828, 3457, 71.60, 72, 48.65, 1, 1050
4829, 3458, 71.61, 72, 48.65, 1, 1050
4830, 3459, 71.61, 72, 48.65, 1, 1050
4831, 3459, 71.60, 72, 48.65, 1, 1051
4832, 3460, 71.61, 72, 48.65, 1, 1051
4833, 3460, 71.59, 72, 48.65, 1, 1052
4834, 3461, 71.60, 72, 48.65, 1, 1052
4835, 3462, 71.60, 72, 48.65, 1, 1052
4836, 3462, 71.59, 72, 48.65, 1, 1053
4837, 3463, 71.59, 72, 48.65, 1, 1053
4838, 3464, 71.60, 72, 48.65, 1, 1053
4839, 3465, 71.61, 72, 48.65, 1, 1053
4840, 3466, 71.61, 72, 48.65, 1, 1053
4841, 3467, 71.62, 72, 48.65, 1, 1053
4842, 3468, 71.62, 72, 48.65, 1, 1053
4843, 3468, 71.61, 72, 48.65, 1, 1054
4844, 3468, 71.59, 72, 48.65, 1, 1055
4845, 3468, 71.58, 72, 48.65, 1, 1056
4846, 3469, 71.58, 72, 48.65, 1, 1056
4847, 3470, 71.59, 72, 48.65, 1, 1056
4848, 3471, 71.60, 72, 48.65, 1, 1056
4849, 3471, 71.58, 72, 48.65, 1, 1056
4850, 3472, 71.59, 72, 48.65, 1, 1056
4851, 3473, 71.59, 72, 48.65, 1, 1056
4852, 3474, 71.60, 72, 48.65, 1, 1056
4853, 3475, 71.61, 72, 48.65, 1, 1056
4854, 3476, 71.61, 72, 48.65, 1, 1056
4855, 3477, 71.62, 72, 48.65, 1, 1056
4856, 3478, 71.62, 72, 48.65, 1, 1056
4857, 3478, 71.61, 72, 48.65, 1, 1057
4858, 3479, 71.61, 72, 48.65, 1, 1057
4859, 3479, 71.60, 72, 48.65, 1, 1058
4860, 3480, 71.60, 72, 48.65, 1, 1058
4861, 3481, 71.61, 72, 48.65, 1, 1058
4862, 3482, 71.62, 72, 48.65, 1, 1058
4863, 3483, 71.62, 72, 48.65, 1, 1058
4864, 3484, 71.63, 72, 48.65, 1, 1058
4865, 3485, 71.63, 72, 48.65, 1, 1058
4866, 3485, 71.62, 72, 48.65, 1, 1059
4867, 3486, 71.63, 72, 48.65, 1, 1059
4868, 3487, 71.63, 72, 48.65, 1, 1059
4869, 3488, 71.64, 72, 48.65, 1, 1059
4870, 3489, 71.64, 72, 48.65, 1, 1059
4871, 3489, 71.63, 72, 48.65, 1, 1060
4872, 3489, 71.61, 72, 48.65, 1, 1061
4873, 3490, 71.62, 72, 48.65, 1, 1061
4874, 3490, 71.60, 72, 48.65, 1, 1062
4875, 3491, 71.61, 72, 48.65, 1, 1062
4876, 3492, 71.62, 72, 48.65, 1, 1062
4877, 3493, 71.62, 72, 48.65, 1, 1062
4878, 3494, 71.63, 72, 48.65, 1, 1062
4879, 3494, 71.61, 72, 48.65, 1, 1063
4880, 3495, 71.62, 72, 48.65, 1, 1063
4881, 3496, 71.62, 72, 48.65, 1, 1063
4882, 3497, 71.63, 72, 48.65, 1, 1063
4883, 3498, 71.64, 72, 48.65, 1, 1063
4884, 3498, 71.62, 72, 48.65, 1, 1064
4885, 3499, 71.63, 72, 48.65, 1, 1064
4886, 3500, 71.63, 72, 48.65, 1, 1064
4887, 3501, 71.64, 72, 48.65, 1, 1064
4888, 3502, 71.64, 72, 48.65, 1, 1064
4889, 3502, 71.63, 72, 48.65, 1, 1065
4890, 3503, 71.64, 72, 48.65, 1, 1065
4891, 3503, 71.62, 72, 48.65, 1, 1066
4892, 3504, 71.63, 72, 48.65, 1, 1066
4893, 3505, 71.63, 72, 48.65, 1, 1066
4894, 3505, 71.62, 72, 48.65, 1, 1066
4895, 3506, 71.62, 72, 48.65, 1, 1066
4896, 3506, 71.61, 72, 48.65, 1, 1067
4897, 3507, 71.62, 72, 48.65, 1, 1067
4898, 3507, 71.60, 72, 48.65, 1, 1068
4899, 3507, 71.59, 72, 48.65, 1, 1069
4900, 3508, 71.59, 72, 48.65, 1, 1069
4901, 3509, 71.60, 72, 48.65, 1, 1069
4902, 3510, 71.60, 72, 48.65, 1, 1069
4903, 3511, 71.61, 72, 48.65, 1, 1069
4904, 3512, 71.62, 72, 48.65, 1, 1069
4905, 3513, 71.62, 72, 48.65, 1, 1069
4906, 3514, 71.63, 72, 48.65, 1, 1069
4907, 3515, 71.63, 72, 48.65, 1, 1069
4908, 3516, 71.64, 72, 48.65, 1, 1069
4909, 3516, 71.62, 72, 48.65, 1, 1070
4910, 3517, 71.63, 72, 48.65, 1, 1070
4911, 3518, 71.64, 72, 48.65, 1, 1070
4912, 3518, 71.62, 72, 48.65, 1, 1071
4913, 3519, 71.63, 72, 48.65, 1, 1071
4914, 3520, 71.63, 72, 48.65, 1, 1071
4915, 3521, 71.64, 72, 48.65, 1, 1071
4916, 3522, 71.64, 72, 48.65, 1, 1071
4917, 3522, 71.63, 72, 48.65, 1, 1072
4918, 3523, 71.63, 72, 48.65, 1, 1072
4919, 3523, 71.62, 72, 48.65, 1, 1073
4920, 3524, 71.63, 72, 48.65, 1, 1073
4921, 3524, 71.61, 72, 48.65, 1, 1073
4922, 3525, 71.62, 72, 48.65, 1, 1073
4923, 3526, 71.62, 72, 48.65, 1, 1073
4924, 3527, 71.63, 72, 48.65, 1, 1073
4925, 3528, 71.63, 72, 48.65, 1, 1073
4926, 3528, 71.62, 72, 48.65, 1, 1074
4927, 3529, 71.63, 72, 48.65, 1, 1074
4928, 3530, 71.63, 72, 48.65, 1, 1074
4929, 3531, 71.64, 72, 48.65, 1, 1074
4930, 3532, 71.64, 72, 48.65, 1, 1074
4931, 3533, 71.65, 72, 48.65, 1, 1074
4932, 3534, 71.65, 72, 48.65, 1, 1074
4933, 3535, 71.66, 72, 48.65, 1, 1074
4934, 3536, 71.67, 72, 48.65, 1, 1074
4935, 3537, 71.67, 72, 48.65, 1, 1074
4936, 3537, 71.66, 72, 48.65, 1, 1075
4937, 3538, 71.66, 72, 48.65, 1, 1075
4938, 3539, 71.67, 72, 48.65, 1, 1075
4939, 3540, 71.67, 72, 48.65, 1, 1075
4940, 3541, 71.68, 72, 48.65, 1, 1075
4941, 3542, 71.69, 72, 48.65, 1, 1075
4942, 3543, 71.69, 72, 48.65, 1, 1075
4943, 3544, 71.70, 72, 48.65, 1, 1075
4944, 3545, 71.70, 72, 48.65, 1, 1075
4945, 3546, 71.71, 72, 48.65, 1, 1075
4946, 3546, 71.69, 72, 48.65, 1, 1076
4947, 3547, 71.70, 72, 48.65, 1, 1076
4948, 3548, 71.71, 72, 48.65, 1, 1076
4949, 3549, 71.71, 72, 48.65, 1, 1076
4950, 3550, 71.72, 72, 48.65, 1, 1076
4951, 3550, 71.70, 72, 48.65, 1, 1076
4952, 3551, 71.71, 72, 48.65, 1, 1076
4953, 3552, 71.71, 72, 48.65, 1, 1076
4954, 3553, 71.72, 72, 48.65, 1, 1076
4955, 3554, 71.73, 72, 48.65, 1, 1076
4956, 3555, 71.73, 72, 48.65, 1, 1076
4957, 3556, 71.74, 72, 48.65, 1, 1076
4958, 3557, 71.74, 72, 48.65, 1, 1076
4959, 3558, 71.75, 72, 48.65, 1, 1076
4960, 3558, 71.73, 72, 48.65, 1, 1077
4961, 3559, 71.74, 72, 48.65, 1, 1077
4962, 3559, 71.73, 72, 48.65, 1, 1078
4963, 3560, 71.73, 72, 48.65, 1, 1078
4964, 3561, 71.74, 72, 48.65, 1, 1078
4965, 3562, 71.74, 72, 48.65, 1, 1078
4966, 3563, 71.75, 72, 48.65, 1, 1078
4967, 3563, 71.73, 72, 48.65, 1, 1079
4968, 3563, 71.72, 72, 48.65, 1, 1080
4969, 3563, 71.70, 72, 48.65, 1, 1081
4970, 3564, 71.71, 72, 48.65, 1, 1081
4971, 3565, 71.72, 72, 48.65, 1, 1081
4972, 3566, 71.72, 72, 48.65, 1, 1081
4973, 3567, 71.73, 72, 48.65, 1, 1081
4974, 3567, 71.71, 72, 48.65, 1, 1082
4975, 3568, 71.72, 72, 48.65, 1, 1082
4976, 3569, 71.72, 72, 48.65, 1, 1082
4977, 3570, 71.73, 72, 48.65, 1, 1082
4978, 3571, 71.74, 72, 48.65, 1, 1082
4979, 3572, 71.74, 72, 48.65, 1, 1082
4980, 3573, 71.75, 72, 48.65, 1, 1082
4981, 3574, 71.75, 72, 48.65, 1, 1082
4982, 3575, 71.76, 72, 48.65, 1, 1082
4983, 3576, 71.76, 72, 48.65, 1, 1082
4984, 3576, 71.75, 72, 48.65, 1, 1083
4985, 3576, 71.74, 72, 48.65, 1, 1084
4986, 3577, 71.74, 72, 48.65, 1, 1084
4987, 3577, 71.73, 72, 48.65, 1, 1085
4988, 3577, 71.71, 72, 48.65, 1, 1086
4989, 3578, 71.72, 72, 48.65, 1, 1086
4990, 3579, 71.72, 72, 48.65, 1, 1086
4991, 3579, 71.71, 72, 48.65, 1, 1087
4992, 3580, 71.71, 72, 48.65, 1, 1087
4993, 3581, 71.72, 72, 48.65, 1, 1087
4994, 3582, 71.73, 72, 48.65, 1, 1087
4995, 3583, 71.73, 72, 48.65, 1, 1087
4996, 3583, 71.72, 72, 48.65, 1, 1088
4997, 3584, 71.72, 72, 48.65, 1, 1088
4998, 3585, 71.73, 72, 48.65, 1, 1088
4999, 3586, 71.73, 72, 48.65, 1, 1088
5000, 3586, 71.72, 72, 48.65, 1, 1089
5001, 3587, 71.73, 72, 48.65, 1, 1089
5002, 3588, 71.73, 72, 48.65, 1, 1089
5003, 3589, 71.74, 72, 48.65, 1, 1089
5004, 3590, 71.74, 72, 48.65, 1, 1089
5005, 3590, 71.73, 72, 48.65, 1, 1090
5006, 3591, 71.73, 72, 48.65, 1, 1090
5007, 3592, 71.74, 72, 48.65, 1, 1090
5008, 3593, 71.75, 72, 48.65, 1, 1090
5009, 3594, 71.75, 72, 48.65, 1, 1090
5010, 3595, 71.76, 72, 48.65, 1, 1090
5011, 3596, 71.76, 72, 48.65, 1, 1090
5012, 3597, 71.77, 72, 48.65, 1, 1090
5013, 3598, 71.77, 72, 48.65, 1, 1090
5014, 3599, 71.78, 72, 48.65, 1, 1090
5015, 3600, 71.78, 72, 48.65, 1, 1090
5016, 3601, 71.79, 72, 48.65, 1, 1090
5017, 3601, 71.78, 72, 48.65, 1, 1090
5018, 3602, 71.78, 72, 48.65, 1, 1090
5019, 3603, 71.79, 72, 48.65, 1, 1090
5020, 3603, 71.77, 72, 48.65, 1, 1091
5021, 3604, 71.78, 72, 48.65, 1, 1091
5022, 3605, 71.78, 72, 48.65, 1, 1091
5023, 3605, 71.77, 72, 48.65, 1, 1092
5024, 3606, 71.78, 72, 48.65, 1, 1092
5025, 3607, 71.78, 72, 48.65, 1, 1092
5026, 3607, 71.77, 72, 48.65, 1, 1093
5027, 3607, 71.75, 72, 48.65, 1, 1094
5028, 3608, 71.76, 72, 48.65, 1, 1094
5029, 3608, 71.74, 72, 48.65, 1, 1095
5030, 3608, 71.73, 72, 48.65, 1, 1096
5031, 3608, 71.72, 72, 48.65, 1, 1096
5032, 3609, 71.72, 72, 48.65, 1, 1096
5033, 3610, 71.73, 72, 48.65, 1, 1096
5034, 3610, 71.71, 72, 48.65, 1, 1097
5035, 3611, 71.72, 72, 48.65, 1, 1097
5036, 3612, 71.72, 72, 48.65, 1, 1097
5037, 3613, 71.73, 72, 48.65, 1, 1097
5038, 3614, 71.73, 72, 48.65, 1, 1097
5039, 3615, 71.74, 72, 48.65, 1, 1097
5040, 3615, 71.73, 72, 48.65, 1, 1098
5041, 3616, 71.73, 72, 48.65, 1, 1098
5042, 3616, 71.72, 72, 48.65, 1, 1099
5043, 3617, 71.72, 72, 48.65, 1, 1099
5044, 3617, 71.71, 72, 48.65, 1, 1100
5045, 3618, 71.71, 72, 48.65, 1, 1100
5046, 3619, 71.72, 72, 48.65, 1, 1100
5047, 3620, 71.73, 72, 48.65, 1, 1100
5048, 3621, 71.73, 72, 48.65, 1, 1100
5049, 3621, 71.72, 72, 48.65, 1, 1101
5050, 3622, 71.72, 72, 48.65, 1, 1101
5051, 3623, 71.73, 72, 48.65, 1, 1101
5052, 3624, 71.73, 72, 48.65, 1, 1101
5053, 3625, 71.74, 72, 48.65, 1, 1101
5054, 3626, 71.75, 72, 48.65, 1, 1101
5055, 3627, 71.75, 72, 48.65, 1, 1101
5056, 3628, 71.76, 72, 48.65, 1, 1101
5057, 3628, 71.74, 72, 48.65, 1, 1102
5058, 3628, 71.73, 72, 48.65, 1, 1103
5059, 3629, 71.73, 72, 48.65, 1, 1103
5060, 3630, 71.74, 72, 48.65, 1, 1103
5061, 3631, 71.74, 72, 48.65, 1, 1103
5062, 3632, 71.75, 72, 48.65, 1, 1103
5063, 3633, 71.76, 72, 48.65, 1, 1103
5064, 3633, 71.74, 72, 48.65, 1, 1104
5065, 3634, 71.75, 72, 48.65, 1, 1104
5066, 3635, 71.75, 72, 48.65, 1, 1104
5067, 3636, 71.76, 72, 48.65, 1, 1104
5068, 3637, 71.76, 72, 48.65, 1, 1104
5069, 3637, 71.75, 72, 48.65, 1, 1105
5070, 3637, 71.74, 72, 48.65, 1, 1106
5071, 3638, 71.74, 72, 48.65, 1, 1106
5072, 3638, 71.73, 72, 48.65, 1, 1106
5073, 3639, 71.73, 72, 48.65, 1, 1106
5074, 3640, 71.74, 72, 48.65, 1, 1106
5075, 3641, 71.74, 72, 48.65, 1, 1106
5076, 3641, 71.73, 72, 48.65, 1, 1106
5077, 3641, 71.72, 72, 48.65, 1, 1107
5078, 3642, 71.72, 72, 48.65, 1, 1107
5079, 3643, 71.73, 72, 48.65, 1, 1107
5080, 3644, 71.73, 72, 48.65, 1, 1107
5081, 3645, 71.74, 72, 48.65, 1, 1107
5082, 3646, 71.74, 72, 48.65, 1, 1107
5083, 3647, 71.75, 72, 48.65, 1, 1107
5084, 3648, 71.75, 72, 48.65, 1, 1107
5085, 3649, 71.76, 72, 48.65, 1, 1107
5086, 3650, 71.77, 72, 48.65, 1, 1107
5087, 3651, 71.77, 72, 48.65, 1, 1107
5088, 3652, 71.78, 72, 48.65, 1, 1107
5089, 3653, 71.78, 72, 48.65, 1, 1107
5090, 3653, 71.77, 72, 48.65, 1, 1108
5091, 3654, 71.77, 72, 48.65, 1, 1108
5092, 3655, 71.78, 72, 48.65, 1, 1108
5093, 3656, 71.78, 72, 48.65, 1, 1108
5094, 3656, 71.77, 72, 48.65, 1, 1109
5095, 3657, 71.78, 72, 48.65, 1, 1109
5096, 3658, 71.78, 72, 48.65, 1, 1109
5097, 3659, 71.79, 72, 48.65, 1, 1109
5098, 3659, 71.77, 72, 48.65, 1, 1110
5099, 3660, 71.78, 72, 48.65, 1, 1110
5100, 3660, 71.76, 72, 48.65, 1, 1111
5101, 3661, 71.77, 72, 48.65, 1, 1111
5102, 3662, 71.78, 72, 48.65, 1, 1111
5103, 3663, 71.78, 72, 48.65, 1, 1111
5104, 3664, 71.79, 72, 48.65, 1, 1111
5105, 3664, 71.77, 72, 48.65, 1, 1112
5106, 3664, 71.76, 72, 48.65, 1, 1113
5107, 3665, 71.76, 72, 48.65, 1, 1113
5108, 3665, 71.75, 72, 48.65, 1, 1114
5109, 3666, 71.76, 72, 48.65, 1, 1114
5110, 3667, 71.76, 72, 48.65, 1, 1114
5111, 3668, 71.77, 72, 48.65, 1, 1114
5112, 3669, 71.77, 72, 48.65, 1, 1114
5113, 3669, 71.76, 72, 48.65, 1, 1115
5114, 3669, 71.74, 72, 48.65, 1, 1116
5115, 3669, 71.73, 72, 48.65, 1, 1116
5116, 3669, 71.72, 72, 48.65, 1, 1117
5117, 3670, 71.72, 72, 48.65, 1, 1117
5118, 3671, 71.73, 72, 48.65, 1, 1117
5119, 3672, 71.73, 72, 48.65, 1, 1117
5120, 3672, 71.72, 72, 48.65, 1, 1118
5121, 3673, 71.72, 72, 48.65, 1, 1118
5122, 3673, 71.71, 72, 48.65, 1, 1119
5123, 3674, 71.72, 72, 48.65, 1, 1119
5124, 3674, 71.70, 72, 48.65, 1, 1120
5125, 3675, 71.71, 72, 48.65, 1, 1120
5126, 3675, 71.69, 72, 48.65, 1, 1121
5127, 3675, 71.68, 72, 48.65, 1, 1122
5128, 3676, 71.68, 72, 48.65, 1, 1122
5129, 3676, 71.67, 72, 48.65, 1, 1122
5130, 3677, 71.68, 72, 48.65, 1, 1122
5131, 3677, 71.66, 72, 48.65, 1, 1123
5132, 3678, 71.67, 72, 48.65, 1, 1123
5133, 3679, 71.67, 72, 48.65, 1, 1123
5134, 3679, 71.66, 72, 48.65, 1, 1124
5135, 3679, 71.65, 72, 48.65, 1, 1124
5136, 3680, 71.65, 72, 48.65, 1, 1124
5137, 3681, 71.66, 72, 48.65, 1, 1124
5138, 3682, 71.66, 72, 48.65, 1, 1124
5139, 3683, 71.67, 72, 48.65, 1, 1124
5140, 3684, 71.67, 72, 48.65, 1, 1124
5141, 3684, 71.66, 72, 48.65, 1, 1125
5142, 3685, 71.66, 72, 48.65, 1, 1125
5143, 3685, 71.65, 72, 48.65, 1, 1126
5144, 3686, 71.66, 72, 48.65, 1, 1126
5145, 3687, 71.66, 72, 48.65, 1, 1126
5146, 3687, 71.65, 72, 48.65, 1, 1127
5147, 3688, 71.65, 72, 48.65, 1, 1127
5148, 3689, 71.66, 72, 48.65, 1, 1127
5149, 3690, 71.66, 72, 48.65, 1, 1127
5150, 3691, 71.67, 72, 48.65, 1, 1127
5151, 3692, 71.68, 72, 48.65, 1, 1127
5152, 3693, 71.68, 72, 48.65, 1, 1127
5153, 3694, 71.69, 72, 48.65, 1, 1127
5154, 3695, 71.69, 72, 48.65, 1, 1127
5155, 3696, 71.70, 72, 48.65, 1, 1127
5156, 3697, 71.70, 72, 48.65, 1, 1127
5157, 3698, 71.71, 72, 48.65, 1, 1127
5158, 3699, 71.71, 72, 48.65, 1, 1127
5159, 3700, 71.72, 72, 48.65, 1, 1127
5160, 3701, 71.72, 72, 48.65, 1, 1127
5161, 3702, 71.73, 72, 48.65, 1, 1127
5162, 3703, 71.74, 72, 48.65, 1, 1127
5163, 3704, 71.74, 72, 48.65, 1, 1127
5164, 3705, 71.75, 72, 48.65, 1, 1127
5165, 3706, 71.75, 72, 48.65, 1, 1127
5166, 3707, 71.76, 72, 48.65, 1, 1127
5167, 3708, 71.76, 72, 48.65, 1, 1127
5168, 3709, 71.77, 72, 48.65, 1, 1127
5169, 3709, 71.75, 72, 48.65, 1, 1128
5170, 3710, 71.76, 72, 48.65, 1, 1128
5171, 3711, 71.77, 72, 48.65, 1, 1128
5172, 3711, 71.75, 72, 48.65, 1, 1129
5173, 3712, 71.76, 72, 48.65, 1, 1129
5174, 3712, 71.74, 72, 48.65, 1, 1130
5175, 3713, 71.75, 72, 48.65, 1, 1130
5176, 3714, 71.75, 72, 48.65, 1, 1130
5177, 3715, 71.76, 72, 48.65, 1, 1130
5178, 3716, 71.77, 72, 48.65, 1, 1130
5179, 3716, 71.75, 72, 48.65, 1, 1131
5180, 3717, 71.76, 72, 48.65, 1, 1131
5181, 3718, 71.76, 72, 48.65, 1, 1131
5182, 3719, 71.77, 72, 48.65, 1, 1131
5183, 3720, 71.77, 72, 48.65, 1, 1131
5184, 3721, 71.78, 72, 48.65, 1, 1131
5185, 3721, 71.76, 72, 48.65, 1, 1132
5186, 3721, 71.75, 72, 48.65, 1, 1133
5187, 3722, 71.76, 72, 48.65, 1, 1133
5188, 3723, 71.76, 72, 48.65, 1, 1133
5189, 3724, 71.77, 72, 48.65, 1, 1133
5190, 3725, 71.77, 72, 48.65, 1, 1133
5191, 3725, 71.76, 72, 48.65, 1, 1134
5192, 3725, 71.74, 72, 48.65, 1, 1135
5193, 3726, 71.75, 72, 48.65, 1, 1135
5194, 3726, 71.74, 72, 48.65, 1, 1136
5195, 3726, 71.72, 72, 48.65, 1, 1137
5196, 3726, 71.71, 72, 48.65, 1, 1138
5197, 3727, 71.71, 72, 48.65, 1, 1138
5198, 3727, 71.70, 72, 48.65, 1, 1139
5199, 3728, 71.71, 72, 48.65, 1, 1139
5200, 3729, 71.71, 72, 48.65, 1, 1139
5201, 3730, 71.72, 72, 48.65, 1, 1139
5202, 3731, 71.72, 72, 48.65, 1, 1139
5203, 3731, 71.71, 72, 48.65, 1, 1139
5204, 3731, 71.69, 72, 48.65, 1, 1139
5205, 3732, 71.70, 72, 48.65, 1, 1139
5206, 3733, 71.71, 72, 48.65, 1, 1139
5207, 3734, 71.71, 72, 48.65, 1, 1139
5208, 3734, 71.70, 72, 48.65, 1, 1140
5209, 3734, 71.68, 72, 48.65, 1, 1141
5210, 3735, 71.69, 72, 48.65, 1, 1141
5211, 3736, 71.69, 72, 48.65, 1, 1141
5212, 3737, 71.70, 72, 48.65, 1, 1141
5213, 3738, 71.71, 72, 48.65, 1, 1141
5214, 3738, 71.69, 72, 48.65, 1, 1141
5215, 3739, 71.70, 72, 48.65, 1, 1141
5216, 3740, 71.70, 72, 48.65, 1, 1141
5217, 3740, 71.69, 72, 48.65, 1, 1141
5218, 3741, 71.69, 72, 48.65, 1, 1141
5219, 3742, 71.70, 72, 48.65, 1, 1141
5220, 3743, 71.70, 72, 48.65, 1, 1141
5221, 3743, 71.69, 72, 48.65, 1, 1142
5222, 3744, 71.70, 72, 48.65, 1, 1142
5223, 3744, 71.68, 72, 48.65, 1, 1143
5224, 3745, 71.69, 72, 48.65, 1, 1143
5225, 3746, 71.69, 72, 48.65, 1, 1143
5226, 3747, 71.70, 72, 48.65, 1, 1143
5227, 3748, 71.70, 72, 48.65, 1, 1143
5228, 3748, 71.69, 72, 48.65, 1, 1144
5229, 3749, 71.70, 72, 48.65, 1, 1144
5230, 3750, 71.70, 72, 48.65, 1, 1144
5231, 3750, 71.69, 72, 48.65, 1, 1145
5232, 3750, 71.67, 72, 48.65, 1, 1146
5233, 3751, 71.68, 72, 48.65, 1, 1146
5234, 3752, 71.69, 72, 48.65, 1, 1146
5235, 3753, 71.69, 72, 48.65, 1, 1146
5236, 3754, 71.70, 72, 48.65, 1, 1146
5237, 3755, 71.70, 72, 48.65, 1, 1146
5238, 3755, 71.69, 72, 48.65, 1, 1147
5239, 3756, 71.69, 72, 48.65, 1, 1147
5240, 3757, 71.70, 72, 48.65, 1, 1147
5241, 3758, 71.70, 72, 48.65, 1, 1147
5242, 3759, 71.71, 72, 48.65, 1, 1147
5243, 3759, 71.70, 72, 48.65, 1, 1148
5244, 3759, 71.68, 72, 48.65, 1, 1148
5245, 3760, 71.69, 72, 48.65, 1, 1148
5246, 3760, 71.67, 72, 48.65, 1, 1149
5247, 3761, 71.68, 72, 48.65, 1, 1149
5248, 3762, 71.68, 72, 48.65, 1, 1149
5249, 3763, 71.69, 72, 48.65, 1, 1149
5250, 3764, 71.70, 72, 48.65, 1, 1149
5251, 3765, 71.70, 72, 48.65, 1, 1149
5252, 3765, 71.69, 72, 48.65, 1, 1150
5253, 3766, 71.69, 72, 48.65, 1, 1150
5254, 3767, 71.70, 72, 48.65, 1, 1150
5255, 3767, 71.68, 72, 48.65, 1, 1150
5256, 3768, 71.69, 72, 48.65, 1, 1150
5257, 3769, 71.69, 72, 48.65, 1, 1150
5258, 3770, 71.70, 72, 48.65, 1, 1150
5259, 3771, 71.71, 72, 48.65, 1, 1150
5260, 3772, 71.71, 72, 48.65, 1, 1150
5261, 3773, 71.72, 72, 48.65, 1, 1150
5262, 3774, 71.72, 72, 48.65, 1, 1150
5263, 3774, 71.71, 72, 48.65, 1, 1150
5264, 3774, 71.69, 72, 48.65, 1, 1150
5265, 3775, 71.70, 72, 48.65, 1, 1150
5266, 3776, 71.71, 72, 48.65, 1, 1150
5267, 3777, 71.71, 72, 48.65, 1, 1150
5268, 3778, 71.72, 72, 48.65, 1, 1150
5269, 3779, 71.72, 72, 48.65, 1, 1150
5270, 3780, 71.73, 72, 48.65, 1, 1150
5271, 3780, 71.71, 72, 48.65, 1, 1150
5272, 3780, 71.70, 72, 48.65, 1, 1150
5273, 3781, 71.70, 72, 48.65, 1, 1150
5274, 3782, 71.71, 72, 48.65, 1, 1150
5275, 3783, 71.72, 72, 48.65, 1, 1150
5276, 3784, 71.72, 72, 48.65, 1, 1150
5277, 3784, 71.71, 72, 48.65, 1, 1151
5278, 3784, 71.69, 72, 48.65, 1, 1152
5279, 3785, 71.70, 72, 48.65, 1, 1152
5280, 3786, 71.70, 72, 48.65, 1, 1152
5281, 3786, 71.69, 72, 48.65, 1, 1153
5282, 3787, 71.70, 72, 48.65, 1, 1153
5283, 3788, 71.70, 72, 48.65, 1, 1153
5284, 3788, 71.69, 72, 48.65, 1, 1154
5285, 3788, 71.67, 72, 48.65, 1, 1155
5286, 3788, 71.66, 72, 48.65, 1, 1156
5287, 3788, 71.65, 72, 48.65, 1, 1156
5288, 3788, 71.63, 72, 48.65, 1, 1157
5289, 3789, 71.64, 72, 48.65, 1, 1157
5290, 3790, 71.64, 72, 48.65, 1, 1157
5291, 3791, 71.65, 72, 48.65, 1, 1157
5292, 3791, 71.64, 72, 48.65, 1, 1158
5293, 3792, 71.64, 72, 48.65, 1, 1158
5294, 3793, 71.65, 72, 48.65, 1, 1158
5295, 3794, 71.65, 72, 48.65, 1, 1158
5296, 3795, 71.66, 72, 48.65, 1, 1158
5297, 3795, 71.64, 72, 48.65, 1, 1159
5298, 3796, 71.65, 72, 48.65, 1, 1159
5299, 3796, 71.64, 72, 48.65, 1, 1160
5300, 3796, 71.62, 72, 48.65, 1, 1161
5301, 3797, 71.63, 72, 48.65, 1, 1161
5302, 3797, 71.61, 72, 48.65, 1, 1162
5303, 3798, 71.62, 72, 48.65, 1, 1162
5304, 3798, 71.61, 72, 48.65, 1, 1163
5305, 3799, 71.61, 72, 48.65, 1, 1163
5306, 3800, 71.62, 72, 48.65, 1, 1163
5307, 3801, 71.62, 72, 48.65, 1, 1163
5308, 3802, 71.63, 72, 48.65, 1, 1163
5309, 3802, 71.61, 72, 48.65, 1, 1164
5310, 3803, 71.62, 72, 48.65, 1, 1164
5311, 3803, 71.61, 72, 48.65, 1, 1164
5312, 3804, 71.61, 72, 48.65, 1, 1164
5313, 3805, 71.62, 72, 48.65, 1, 1164
5314, 3806, 71.62, 72, 48.65, 1, 1164
5315, 3807, 71.63, 72, 48.65, 1, 1164
5316, 3808, 71.63, 72, 48.65, 1, 1164
5317, 3809, 71.64, 72, 48.65, 1, 1164
5318, 3810, 71.64, 72, 48.65, 1, 1164
5319, 3811, 71.65, 72, 48.65, 1, 1164
5320, 3812, 71.65, 72, 48.65, 1, 1164
5321, 3812, 71.64, 72, 48.65, 1, 1165
5322, 3812, 71.63, 72, 48.65, 1, 1166
5323, 3813, 71.63, 72, 48.65, 1, 1166
5324, 3814, 71.64, 72, 48.65, 1, 1166
5325, 3814, 71.62, 72, 48.65, 1, 1167
5326, 3815, 71.63, 72, 48.65, 1, 1167
5327, 3815, 71.62, 72, 48.65, 1, 1168
5328, 3816, 71.62, 72, 48.65, 1, 1168
5329, 3817, 71.63, 72, 48.65, 1, 1168
5330, 3818, 71.63, 72, 48.65, 1, 1168
5331, 3818, 71.62, 72, 48.65, 1, 1169
5332, 3819, 71.62, 72, 48.65, 1, 1169
5333, 3820, 71.63, 72, 48.65, 1, 1169
5334, 3821, 71.63, 72, 48.65, 1, 1169
5335, 3822, 71.64, 72, 48.65, 1, 1169
5336, 3823, 71.65, 72, 48.65, 1, 1169
5337, 3824, 71.65, 72, 48.65, 1, 1169
5338, 3825, 71.66, 72, 48.65, 1, 1169
5339, 3826, 71.66, 72, 48.65, 1, 1169
5340, 3826, 71.65, 72, 48.65, 1, 1170
5341, 3827, 71.65, 72, 48.65, 1, 1170
5342, 3828, 71.66, 72, 48.65, 1, 1170
5343, 3828, 71.65, 72, 48.65, 1, 1170
5344, 3828, 71.63, 72, 48.65, 1, 1170
5345, 3829, 71.64, 72, 48.65, 1, 1170
5346, 3829, 71.62, 72, 48.65, 1, 1170
5347, 3830, 71.63, 72, 48.65, 1, 1170
5348, 3831, 71.63, 72, 48.65, 1, 1170
5349, 3832, 71.64, 72, 48.65, 1, 1170
5350, 3833, 71.64, 72, 48.65, 1, 1170
5351, 3833, 71.63, 72, 48.65, 1, 1170
5352, 3833, 71.62, 72, 48.65, 1, 1171
5353, 3833, 71.60, 72, 48.65, 1, 1172
5354, 3834, 71.61, 72, 48.65, 1, 1172
5355, 3835, 71.62, 72, 48.65, 1, 1172
5356, 3836, 71.62, 72, 48.65, 1, 1172
5357, 3836, 71.61, 72, 48.65, 1, 1172
5358, 3836, 71.59, 72, 48.65, 1, 1172
5359, 3837, 71.60, 72, 48.65, 1, 1172
5360, 3838, 71.60, 72, 48.65, 1, 1172
5361, 3839, 71.61, 72, 48.65, 1, 1172
5362, 3840, 71.62, 72, 48.65, 1, 1172
5363, 3841, 71.62, 72, 48.65, 1, 1172
5364, 3841, 71.61, 72, 48.65, 1, 1173
5365, 3842, 71.61, 72, 48.65, 1, 1173
5366, 3843, 71.62, 72, 48.65, 1, 1173
5367, 3844, 71.62, 72, 48.65, 1, 1173
5368, 3845, 71.63, 72, 48.65, 1, 1173
5369, 3846, 71.63, 72, 48.65, 1, 1173
5370, 3847, 71.64, 72, 48.65, 1, 1173
5371, 3848, 71.64, 72, 48.65, 1, 1173
5372, 3849, 71.65, 72, 48.65, 1, 1173
5373, 3850, 71.65, 72, 48.65, 1, 1173
5374, 3850, 71.64, 72, 48.65, 1, 1174
5375, 3851, 71.65, 72, 48.65, 1, 1174
5376, 3852, 71.65, 72, 48.65, 1, 1174
5377, 3853, 71.66, 72, 48.65, 1, 1174
5378, 3853, 71.64, 72, 48.65, 1, 1175
5379, 3854, 71.65, 72, 48.65, 1, 1175
5380, 3854, 71.64, 72, 48.65, 1, 1175
5381, 3855, 71.64, 72, 48.65, 1, 1175
5382, 3856, 71.65, 72, 48.65, 1, 1175
5383, 3856, 71.63, 72, 48.65, 1, 1175
5384, 3857, 71.64, 72, 48.65, 1, 1175
5385, 3857, 71.62, 72, 48.65, 1, 1175
5386, 3857, 71.61, 72, 48.65, 1, 1176
5387, 3858, 71.62, 72, 48.65, 1, 1176
5388, 3859, 71.62, 72, 48.65, 1, 1176
5389, 3860, 71.63, 72, 48.65, 1, 1176
5390, 3861, 71.63, 72, 48.65, 1, 1176
5391, 3862, 71.64, 72, 48.65, 1, 1176
5392, 3862, 71.62, 72, 48.65, 1, 1177
5393, 3862, 71.61, 72, 48.65, 1, 1177
5394, 3862, 71.60, 72, 48.65, 1, 1178
5395, 3863, 71.60, 72, 48.65, 1, 1178
5396, 3864, 71.61, 72, 48.65, 1, 1178
5397, 3865, 71.61, 72, 48.65, 1, 1178
5398, 3866, 71.62, 72, 48.65, 1, 1178
5399, 3867, 71.62, 72, 48.65, 1, 1178
5400, 3868, 71.63, 72, 48.65, 1, 1178
5401, 3868, 71.62, 72, 48.65, 1, 1179
5402, 3869, 71.62, 72, 48.65, 1, 1179
5403, 3869, 71.61, 72, 48.65, 1, 1179
5404, 3870, 71.61, 72, 48.65, 1, 1179
5405, 3871, 71.62, 72, 48.65, 1, 1179
5406, 3871, 71.61, 72, 48.65, 1, 1180
5407, 3872, 71.61, 72, 48.65, 1, 1180
5408, 3873, 71.62, 72, 48.65, 1, 1180
5409, 3874, 71.62, 72, 48.65, 1, 1180
5410, 3874, 71.61, 72, 48.65, 1, 1181
5411, 3874, 71.59, 72, 48.65, 1, 1182
5412, 3874, 71.58, 72, 48.65, 1, 1183
5413, 3875, 71.59, 72, 48.65, 1, 1183
5414, 3876, 71.59, 72, 48.65, 1, 1183
5415, 3877, 71.60, 72, 48.65, 1, 1183
5416, 3878, 71.60, 72, 48.65, 1, 1183
5417, 3879, 71.61, 72, 48.65, 1, 1183
5418, 3880, 71.61, 72, 48.65, 1, 1183
5419, 3881, 71.62, 72, 48.65, 1, 1183
5420, 3882, 71.62, 72, 48.65, 1, 1183
5421, 3883, 71.63, 72, 48.65, 1, 1183
5422, 3884, 71.63, 72, 48.65, 1, 1183
5423, 3885, 71.64, 72, 48.65, 1, 1183
5424, 3886, 71.64, 72, 48.65, 1, 1183
5425, 3887, 71.65, 72, 48.65, 1, 1183
5426, 3887, 71.64, 72, 48.65, 1, 1184
5427, 3888, 71.64, 72, 48.65, 1, 1184
5428, 3889, 71.65, 72, 48.65, 1, 1184
5429, 3890, 71.65, 72, 48.65, 1, 1184
5430, 3891, 71.66, 72, 48.65, 1, 1184
5431, 3892, 71.66, 72, 48.65, 1, 1184
5432, 3893, 71.67, 72, 48.65, 1, 1184
5433, 3893, 71.65, 72, 48.65, 1, 1185
5434, 3893, 71.64, 72, 48.65, 1, 1186
5435, 3894, 71.65, 72, 48.65, 1, 1186
5436, 3895, 71.65, 72, 48.65, 1, 1186
5437, 3896, 71.66, 72, 48.65, 1, 1186
5438, 3897, 71.66, 72, 48.65, 1, 1186
5439, 3897, 71.65, 72, 48.65, 1, 1187
5440, 3898, 71.65, 72, 48.65, 1, 1187
5441, 3898, 71.64, 72, 48.65, 1, 1187
5442, 3899, 71.65, 72, 48.65, 1, 1187
5443, 3899, 71.63, 72, 48.65, 1, 1187
5444, 3900, 71.64, 72, 48.65, 1, 1187
5445, 3901, 71.64, 72, 48.65, 1, 1187
5446, 3902, 71.65, 72, 48.65, 1, 1187
5447, 3903, 71.65, 72, 48.65, 1, 1187
5448, 3903, 71.64, 72, 48.65, 1, 1188
5449, 3904, 71.65, 72, 48.65, 1, 1188
5450, 3905, 71.65, 72, 48.65, 1, 1188
5451, 3906, 71.66, 72, 48.65, 1, 1188
5452, 3907, 71.66, 72, 48.65, 1, 1188
5453, 3908, 71.67, 72, 48.65, 1, 1188
5454, 3909, 71.67, 72, 48.65, 1, 1188
5455, 3910, 71.68, 72, 48.65, 1, 1188
5456, 3911, 71.68, 72, 48.65, 1, 1188
5457, 3912, 71.69, 72, 48.65, 1, 1188
5458, 3912, 71.67, 72, 48.65, 1, 1189
5459, 3913, 71.68, 72, 48.65, 1, 1189
5460, 3914, 71.68, 72, 48.65, 1, 1189
5461, 3915, 71.69, 72, 48.65, 1, 1189
5462, 3916, 71.70, 72, 48.65, 1, 1189
5463, 3917, 71.70, 72, 48.65, 1, 1189
5464, 3918, 71.71, 72, 48.65, 1, 1189
5465, 3919, 71.71, 72, 48.65, 1, 1189
5466, 3920, 71.72, 72, 48.65, 1, 1189
5467, 3921, 71.72, 72, 48.65, 1, 1189
5468, 3922, 71.73, 72, 48.65, 1, 1189
5469, 3922, 71.71, 72, 48.65, 1, 1190
5470, 3923, 71.72, 72, 48.65, 1, 1190
5471, 3923, 71.71, 72, 48.65, 1, 1191
5472, 3924, 71.71, 72, 48.65, 1, 1191
5473, 3924, 71.70, 72, 48.65, 1, 1192
5474, 3925, 71.70, 72, 48.65, 1, 1192
5475, 3926, 71.71, 72, 48.65, 1, 1192
5476, 3927, 71.71, 72, 48.65, 1, 1192
5477, 3928, 71.72, 72, 48.65, 1, 1192
5478, 3929, 71.72, 72, 48.65, 1, 1192
5479, 3930, 71.73, 72, 48.65, 1, 1192
5480, 3931, 71.73, 72, 48.65, 1, 1192
5481, 3932, 71.74, 72, 48.65, 1, 1192
5482, 3933, 71.74, 72, 48.65, 1, 1192
5483, 3934, 71.75, 72, 48.65, 1, 1192
5484, 3935, 71.75, 72, 48.65, 1, 1192
5485, 3936, 71.76, 72, 48.65, 1, 1192
5486, 3937, 71.76, 72, 48.65, 1, 1192
5487, 3938, 71.77, 72, 48.65, 1, 1192
5488, 3939, 71.77, 72, 48.65, 1, 1192
5489, 3939, 71.76, 72, 48.65, 1, 1193
5490, 3940, 71.77, 72, 48.65, 1, 1193
5491, 3941, 71.77, 72, 48.65, 1, 1193
5492, 3942, 71.78, 72, 48.65, 1, 1193
5493, 3943, 71.78, 72, 48.65, 1, 1193
5494, 3943, 71.77, 72, 48.65, 1, 1194
5495, 3944, 71.77, 72, 48.65, 1, 1194
5496, 3945, 71.78, 72, 48.65, 1, 1194
5497, 3945, 71.77, 72, 48.65, 1, 1194
5498, 3945, 71.75, 72, 48.65, 1, 1194
5499, 3946, 71.76, 72, 48.65, 1, 1194
5500, 3946, 71.75, 72, 48.65, 1, 1194
5501, 3947, 71.75, 72, 48.65, 1, 1194
5502, 3947, 71.74, 72, 48.65, 1, 1195
5503, 3948, 71.74, 72, 48.65, 1, 1195
5504, 3949, 71.75, 72, 48.65, 1, 1195
5505, 3950, 71.75, 72, 48.65, 1, 1195
5506, 3951, 71.76, 72, 48.65, 1, 1195
5507, 3952, 71.76, 72, 48.65, 1, 1195
5508, 3953, 71.77, 72, 48.65, 1, 1195
5509, 3954, 71.77, 72, 48.65, 1, 1195
5510, 3955, 71.78, 72, 48.65, 1, 1195
5511, 3956, 71.78, 72, 48.65, 1, 1195
5512, 3957, 71.79, 72, 48.65, 1, 1195
5513, 3957, 71.78, 72, 48.65, 1, 1196
5514, 3958, 71.78, 72, 48.65, 1, 1196
5515, 3958, 71.77, 72, 48.65, 1, 1197
5516, 3959, 71.77, 72, 48.65, 1, 1197
5517, 3960, 71.78, 72, 48.65, 1, 1197
5518, 3961, 71.78, 72, 48.65, 1, 1197
5519, 3962, 71.79, 72, 48.65, 1, 1197
5520, 3963, 71.79, 72, 48.65, 1, 1197
5521, 3964, 71.80, 72, 48.65, 1, 1197
5522, 3965, 71.80, 72, 48.65, 1, 1197
5523, 3966, 71.81, 72, 48.65, 1, 1197
5524, 3966, 71.80, 72, 48.65, 1, 1197
5525, 3966, 71.78, 72, 48.65, 1, 1198
5526, 3967, 71.79, 72, 48.65, 1, 1198
5527, 3967, 71.77, 72, 48.65, 1, 1199
5528, 3968, 71.78, 72, 48.65, 1, 1199
5529, 3968, 71.77, 72, 48.65, 1, 1199
5530, 3969, 71.77, 72, 48.65, 1, 1199
5531, 3969, 71.76, 72, 48.65, 1, 1199
5532, 3970, 71.76, 72, 48.65, 1, 1199
5533, 3970, 71.75, 72, 48.65, 1, 1199
5534, 3971, 71.76, 72, 48.65, 1, 1199
5535, 3972, 71.76, 72, 48.65, 1, 1199
5536, 3973, 71.77, 72, 48.65, 1, 1199
5537, 3974, 71.77, 72, 48.65, 1, 1199
5538, 3974, 71.76, 72, 48.65, 1, 1200
5539, 3974, 71.75, 72, 48.65, 1, 1201
5540, 3975, 71.75, 72, 48.65, 1, 1201
5541, 3975, 71.74, 72, 48.65, 1, 1202
5542, 3975, 71.73, 72, 48.65, 1, 1203
5543, 3975, 71.71, 72, 48.65, 1, 1204
5544, 3976, 71.72, 72, 48.65, 1, 1204
5545, 3977, 71.72, 72, 48.65, 1, 1204
5546, 3978, 71.73, 72, 48.65, 1, 1204
5547, 3979, 71.73, 72, 48.65, 1, 1204
5548, 3980, 71.74, 72, 48.65, 1, 1204
5549, 3980, 71.72, 72, 48.65, 1, 1205
5550, 3980, 71.71, 72, 48.65, 1, 1206
5551, 3980, 71.70, 72, 48.65, 1, 1207
5552, 3981, 71.70, 72, 48.65, 1, 1207
5553, 3981, 71.69, 72, 48.65, 1, 1208
5554, 3982, 71.70, 72, 48.65, 1, 1208
5555, 3983, 71.70, 72, 48.65, 1, 1208
5556, 3984, 71.71, 72, 48.65, 1, 1208
5557, 3984, 71.69, 72, 48.65, 1, 1208
5558, 3985, 71.70, 72, 48.65, 1, 1208
5559, 3986, 71.70, 72, 48.65, 1, 1208
5560, 3987, 71.71, 72, 48.65, 1, 1208
5561, 3988, 71.71, 72, 48.65, 1, 1208
5562, 3989, 71.72, 72, 48.65, 1, 1208
5563, 3990, 71.72, 72, 48.65, 1, 1208
5564, 3990, 71.71, 72, 48.65, 1, 1208
5565, 3990, 71.70, 72, 48.65, 1, 1208
5566, 3991, 71.70, 72, 48.65, 1, 1208
5567, 3991, 71.69, 72, 48.65, 1, 1208
5568, 3992, 71.70, 72, 48.65, 1, 1208
5569, 3992, 71.68, 72, 48.65, 1, 1209
5570, 3993, 71.69, 72, 48.65, 1, 1209
5571, 3994, 71.69, 72, 48.65, 1, 1209
5572, 3995, 71.70, 72, 48.65, 1, 1209
5573, 3996, 71.70, 72, 48.65, 1, 1209
5574, 3996, 71.69, 72, 48.65, 1, 1210
5575, 3996, 71.68, 72, 48.65, 1, 1211
5576, 3997, 71.68, 72, 48.65, 1, 1211
5577, 3998, 71.69, 72, 48.65, 1, 1211
5578, 3999, 71.69, 72, 48.65, 1, 1211
5579, 4000, 71.70, 72, 48.65, 1, 1211
5580, 4000, 71.68, 72, 48.65, 1, 1212
5581, 4001, 71.69, 72, 48.65, 1, 1212
5582, 4002, 71.69, 72, 48.65, 1, 1212
5583, 4002, 71.68, 72, 48.65, 1, 1213
5584, 4003, 71.69, 72, 48.65, 1, 1213
5585, 4004, 71.69, 72, 48.65, 1, 1213
5586, 4005, 71.70, 72, 48.65, 1, 1213
5587, 4006, 71.70, 72, 48.65, 1, 1213
5588, 4007, 71.71, 72, 48.65, 1, 1213
5589, 4007, 71.69, 72, 48.65, 1, 1214
5590, 4008, 71.70, 72, 48.65, 1, 1214
5591, 4008, 71.69, 72, 48.65, 1, 1215
5592, 4009, 71.69, 72, 48.65, 1, 1215
5593, 4009, 71.68, 72, 48.65, 1, 1216
5594, 4010, 71.68, 72, 48.65, 1, 1216
5595, 4011, 71.69, 72, 48.65, 1, 1216
5596, 4012, 71.69, 72, 48.65, 1, 1216
5597, 4013, 71.70, 72, 48.65, 1, 1216
5598, 4014, 71.70, 72, 48.65, 1, 1216
5599, 4015, 71.71, 72, 48.65, 1, 1216
5600, 4015, 71.70, 72, 48.65, 1, 1217
5601, 4016, 71.70, 72, 48.65, 1, 1217
5602, 4016, 71.69, 72, 48.65, 1, 1218
5603, 4017, 71.69, 72, 48.65, 1, 1218
5604, 4018, 71.70, 72, 48.65, 1, 1218
5605, 4019, 71.70, 72, 48.65, 1, 1218
5606, 4019, 71.69, 72, 48.65, 1, 1219
5607, 4020, 71.70, 72, 48.65, 1, 1219
5608, 4021, 71.70, 72, 48.65, 1, 1219
5609, 4021, 71.69, 72, 48.65, 1, 1220
5610, 4022, 71.69, 72, 48.65, 1, 1220
5611, 4022, 71.68, 72, 48.65, 1, 1221
5612, 4023, 71.69, 72, 48.65, 1, 1221
5613, 4023, 71.67, 72, 48.65, 1, 1222
5614, 4024, 71.68, 72, 48.65, 1, 1222
5615, 4024, 71.67, 72, 48.65, 1, 1223
5616, 4025, 71.67, 72, 48.65, 1, 1223
5617, 4026, 71.68, 72, 48.65, 1, 1223
5618, 4027, 71.68, 72, 48.65, 1, 1223
5619, 4027, 71.67, 72, 48.65, 1, 1224
5620, 4027, 71.65, 72, 48.65, 1, 1225
5621, 4028, 71.66, 72, 48.65, 1, 1225
5622, 4028, 71.65, 72, 48.65, 1, 1226
5623, 4029, 71.65, 72, 48.65, 1, 1226
5624, 4030, 71.66, 72, 48.65, 1, 1226
5625, 4031, 71.66, 72, 48.65, 1, 1226
5626, 4032, 71.67, 72, 48.65, 1, 1226
5627, 4032, 71.65, 72, 48.65, 1, 1227
5628, 4032, 71.64, 72, 48.65, 1, 1228
5629, 4032, 71.63, 72, 48.65, 1, 1229
5630, 4032, 71.62, 72, 48.65, 1, 1230
5631, 4033, 71.62, 72, 48.65, 1, 1230
5632, 4034, 71.63, 72, 48.65, 1, 1230
5633, 4034, 71.61, 72, 48.65, 1, 1231
5634, 4035, 71.62, 72, 48.65, 1, 1231
5635, 4036, 71.62, 72, 48.65, 1, 1231
5636, 4037, 71.63, 72, 48.65, 1, 1231
5637, 4038, 71.63, 72, 48.65, 1, 1231
5638, 4038, 71.62, 72, 48.65, 1, 1231
5639, 4039, 71.63, 72, 48.65, 1, 1231
5640, 4039, 71.61, 72, 48.65, 1, 1231
5641, 4040, 71.62, 72, 48.65, 1, 1231
5642, 4041, 71.62, 72, 48.65, 1, 1231
5643, 4042, 71.63, 72, 48.65, 1, 1231
5644, 4043, 71.63, 72, 48.65, 1, 1231
5645, 4044, 71.64, 72, 48.65, 1, 1231
5646, 4045, 71.64, 72, 48.65, 1, 1231
5647, 4046, 71.65, 72, 48.65, 1, 1231
5648, 4046, 71.64, 72, 48.65, 1, 1231
5649, 4047, 71.64, 72, 48.65, 1, 1231
5650, 4048, 71.65, 72, 48.65, 1, 1231
5651, 4048, 71.63, 72, 48.65, 1, 1231
5652, 4049, 71.64, 72, 48.65, 1, 1231
5653, 4050, 71.64, 72, 48.65, 1, 1231
5654, 4050, 71.63, 72, 48.65, 1, 1231
5655, 4051, 71.64, 72, 48.65, 1, 1231
5656, 4052, 71.64, 72, 48.65, 1, 1231
5657, 4053, 71.65, 72, 48.65, 1, 1231
5658, 4054, 71.65, 72, 48.65, 1, 1231
5659, 4055, 71.66, 72, 48.65, 1, 1231
5660, 4056, 71.66, 72, 48.65, 1, 1231
5661, 4057, 71.67, 72, 48.65, 1, 1231
5662, 4058, 71.67, 72, 48.65, 1, 1231
5663, 4058, 71.66, 72, 48.65, 1, 1231
5664, 4059, 71.66, 72, 48.65, 1, 1231
5665, 4060, 71.67, 72, 48.65, 1, 1231
5666, 4061, 71.67, 72, 48.65, 1, 1231
5667, 4062, 71.68, 72, 48.65, 1, 1231
5668, 4063, 71.68, 72, 48.65, 1, 1231
5669, 4063, 71.67, 72, 48.65, 1, 1232
5670, 4063, 71.66, 72, 48.65, 1, 1233
5671, 4064, 71.66, 72, 48.65, 1, 1233
5672, 4065, 71.67, 72, 48.65, 1, 1233
5673, 4066, 71.67, 72, 48.65, 1, 1233
5674, 4066, 71.66, 72, 48.65, 1, 1234
5675, 4067, 71.67, 72, 48.65, 1, 1234
5676, 4068, 71.67, 72, 48.65, 1, 1234
5677, 4069, 71.68, 72, 48.65, 1, 1234
5678, 4070, 71.68, 72, 48.65, 1, 1234
5679, 4071, 71.69, 72, 48.65, 1, 1234
5680, 4072, 71.69, 72, 48.65, 1, 1234
5681, 4073, 71.70, 72, 48.65, 1, 1234
5682, 4074, 71.70, 72, 48.65, 1, 1234
5683, 4075, 71.71, 72, 48.65, 1, 1234
5684, 4076, 71.71, 72, 48.65, 1, 1234
5685, 4077, 71.72, 72, 48.65, 1, 1234
5686, 4078, 71.72, 72, 48.65, 1, 1234
5687, 4079, 71.72, 72, 48.65, 1, 1234
5688, 4080, 71.73, 72, 48.65, 1, 1234
5689, 4081, 71.73, 72, 48.65, 1, 1234
5690, 4082, 71.74, 72, 48.65, 1, 1234
5691, 4083, 71.74, 72, 48.65, 1, 1234
5692, 4084, 71.75, 72, 48.65, 1, 1234
5693, 4085, 71.75, 72, 48.65, 1, 1234
5694, 4086, 71.76, 72, 48.65, 1, 1234
5695, 4087, 71.76, 72, 48.65, 1, 1234
5696, 4088, 71.77, 72, 48.65, 1, 1234
5697, 4089, 71.77, 72, 48.65, 1, 1234
5698, 4090, 71.78, 72, 48.65, 1, 1234
5699, 4090, 71.77, 72, 48.65, 1, 1235
5700, 4091, 71.77, 72, 48.65, 1, 1235
5701, 4092, 71.78, 72, 48.65, 1, 1235
5702, 4093, 71.78, 72, 48.65, 1, 1235
5703, 4093, 71.77, 72, 48.65, 1, 1236
5704, 4093, 71.76, 72, 48.65, 1, 1237
5705, 4094, 71.76, 72, 48.65, 1, 1237
5706, 4095, 71.77, 72, 48.65, 1, 1237
5707, 4095, 71.75, 72, 48.65, 1, 1237
5708, 4096, 71.76, 72, 48.65, 1, 1237
5709, 4097, 71.76, 72, 48.65, 1, 1237
5710, 4097, 71.75, 72, 48.65, 1, 1237
5711, 4098, 71.76, 72, 48.65, 1, 1237
5712, 4098, 71.74, 72, 48.65, 1, 1237
5713, 4099, 71.75, 72, 48.65, 1, 1237
5714, 4100, 71.75, 72, 48.65, 1, 1237
5715, 4100, 71.74, 72, 48.65, 1, 1238
5716, 4101, 71.75, 72, 48.65, 1, 1238
5717, 4101, 71.73, 72, 48.65, 1, 1239
5718, 4101, 71.72, 72, 48.65, 1, 1239
5719, 4102, 71.73, 72, 48.65, 1, 1239
5720, 4102, 71.71, 72, 48.65, 1, 1240
5721, 4103, 71.72, 72, 48.65, 1, 1240
5722, 4103, 71.71, 72, 48.65, 1, 1241
5723, 4104, 71.71, 72, 48.65, 1, 1241
5724, 4105, 71.72, 72, 48.65, 1, 1241
5725, 4106, 71.72, 72, 48.65, 1, 1241
5726, 4107, 71.73, 72, 48.65, 1, 1241
5727, 4108, 71.73, 72, 48.65, 1, 1241
5728, 4108, 71.72, 72, 48.65, 1, 1242
5729, 4109, 71.72, 72, 48.65, 1, 1242
5730, 4109, 71.71, 72, 48.65, 1, 1243
5731, 4109, 71.70, 72, 48.65, 1, 1244
5732, 4110, 71.70, 72, 48.65, 1, 1244
5733, 4111, 71.71, 72, 48.65, 1, 1244
5734, 4112, 71.71, 72, 48.65, 1, 1244
5735, 4113, 71.72, 72, 48.65, 1, 1244
5736, 4114, 71.72, 72, 48.65, 1, 1244
5737, 4115, 71.73, 72, 48.65, 1, 1244
5738, 4115, 71.71, 72, 48.65, 1, 1245
5739, 4116, 71.72, 72, 48.65, 1, 1245
5740, 4116, 71.71, 72, 48.65, 1, 1246
5741, 4116, 71.69, 72, 48.65, 1, 1247
5742, 4117, 71.70, 72, 48.65, 1, 1247
5743, 4118, 71.70, 72, 48.65, 1, 1247
5744, 4119, 71.71, 72, 48.65, 1, 1247
5745, 4119, 71.70, 72, 48.65, 1, 1248
5746, 4120, 71.70, 72, 48.65, 1, 1248
5747, 4120, 71.69, 72, 48.65, 1, 1249
5748, 4121, 71.69, 72, 48.65, 1, 1249
5749, 4121, 71.68, 72, 48.65, 1, 1250
5750, 4122, 71.69, 72, 48.65, 1, 1250
5751, 4122, 71.67, 72, 48.65, 1, 1250
5752, 4123, 71.68, 72, 48.65, 1, 1250
5753, 4124, 71.68, 72, 48.65, 1, 1250
5754, 4125, 71.69, 72, 48.65, 1, 1250
5755, 4126, 71.69, 72, 48.65, 1, 1250
5756, 4127, 71.70, 72, 48.65, 1, 1250
5757, 4127, 71.69, 72, 48.65, 1, 1251
5758, 4128, 71.69, 72, 48.65, 1, 1251
5759, 4128, 71.68, 72, 48.65, 1, 1252
5760, 4128, 71.67, 72, 48.65, 1, 1253
5761, 4128, 71.65, 72, 48.65, 1, 1253
5762, 4128, 71.64, 72, 48.65, 1, 1253
5763, 4129, 71.65, 72, 48.65, 1, 1253
5764, 4130, 71.65, 72, 48.65, 1, 1253
5765, 4131, 71.66, 72, 48.65, 1, 1253
5766, 4132, 71.66, 72, 48.65, 1, 1253
5767, 4133, 71.67, 72, 48.65, 1, 1253
5768, 4134, 71.67, 72, 48.65, 1, 1253
5769, 4135, 71.68, 72, 48.65, 1, 1253
5770, 4136, 71.68, 72, 48.65, 1, 1253
5771, 4136, 71.67, 72, 48.65, 1, 1253
5772, 4137, 71.67, 72, 48.65, 1, 1253
5773, 4138, 71.68, 72, 48.65, 1, 1253
5774, 4138, 71.67, 72, 48.65, 1, 1253
5775, 4139, 71.67, 72, 48.65, 1, 1253
5776, 4139, 71.66, 72, 48.65, 1, 1253
5777, 4139, 71.65, 72, 48.65, 1, 1253
5778, 4140, 71.65, 72, 48.65, 1, 1253
5779, 4141, 71.66, 72, 48.65, 1, 1253
5780, 4142, 71.66, 72, 48.65, 1, 1253
5781, 4142, 71.65, 72, 48.65, 1, 1254
5782, 4143, 71.65, 72, 48.65, 1, 1254
5783, 4144, 71.66, 72, 48.65, 1, 1254
5784, 4145, 71.66, 72, 48.65, 1, 1254
5785, 4146, 71.67, 72, 48.65, 1, 1254
5786, 4147, 71.67, 72, 48.65, 1, 1254
5787, 4148, 71.68, 72, 48.65, 1, 1254
5788, 4148, 71.67, 72, 48.65, 1, 1255
5789, 4148, 71.65, 72, 48.65, 1, 1256
5790, 4149, 71.66, 72, 48.65, 1, 1256
5791, 4149, 71.65, 72, 48.65, 1, 1257
5792, 4149, 71.63, 72, 48.65, 1, 1258
5793, 4150, 71.64, 72, 48.65, 1, 1258
5794, 4151, 71.64, 72, 48.65, 1, 1258
5795, 4152, 71.65, 72, 48.65, 1, 1258
5796, 4153, 71.65, 72, 48.65, 1, 1258
5797, 4153, 71.64, 72, 48.65, 1, 1259
5798, 4154, 71.65, 72, 48.65, 1, 1259
5799, 4155, 71.65, 72, 48.65, 1, 1259
5800, 4155, 71.64, 72, 48.65, 1, 1259
5801, 4156, 71.64, 72, 48.65, 1, 1259
5802, 4157, 71.65, 72, 48.65, 1, 1259
5803, 4158, 71.65, 72, 48.65, 1, 1259
5804, 4159, 71.66, 72, 48.65, 1, 1259
5805, 4160, 71.66, 72, 48.65, 1, 1259
5806, 4161, 71.67, 72, 48.65, 1, 1259
5807, 4162, 71.67, 72, 48.65, 1, 1259
5808, 4163, 71.68, 72, 48.65, 1, 1259
5809, 4164, 71.68, 72, 48.65, 1, 1259
5810, 4165, 71.69, 72, 48.65, 1, 1259
5811, 4166, 71.69, 72, 48.65, 1, 1259
5812, 4166, 71.68, 72, 48.65, 1, 1260
5813, 4166, 71.67, 72, 48.65, 1, 1261
5814, 4167, 71.67, 72, 48.65, 1, 1261
5815, 4168, 71.68, 72, 48.65, 1, 1261
5816, 4169, 71.68, 72, 48.65, 1, 1261
5817, 4169, 71.67, 72, 48.65, 1, 1262
5818, 4170, 71.67, 72, 48.65, 1, 1262
5819, 4170, 71.66, 72, 48.65, 1, 1263
5820, 4171, 71.67, 72, 48.65, 1, 1263
5821, 4172, 71.67, 72, 48.65, 1, 1263
5822, 4173, 71.68, 72, 48.65, 1, 1263
5823, 4173, 71.66, 72, 48.65, 1, 1263
5824, 4174, 71.67, 72, 48.65, 1, 1263
5825, 4175, 71.67, 72, 48.65, 1, 1263
5826, 4175, 71.66, 72, 48.65, 1, 1264
5827, 4175, 71.65, 72, 48.65, 1, 1265
5828, 4175, 71.64, 72, 48.65, 1, 1266
5829, 4176, 71.64, 72, 48.65, 1, 1266
5830, 4177, 71.65, 72, 48.65, 1, 1266
5831, 4178, 71.65, 72, 48.65, 1, 1266
5832, 4179, 71.66, 72, 48.65, 1, 1266
5833, 4180, 71.66, 72, 48.65, 1, 1266
5834, 4180, 71.65, 72, 48.65, 1, 1267
5835, 4181, 71.65, 72, 48.65, 1, 1267
5836, 4182, 71.66, 72, 48.65, 1, 1267
5837, 4182, 71.65, 72, 48.65, 1, 1268
5838, 4182, 71.63, 72, 48.65, 1, 1269
5839, 4183, 71.64, 72, 48.65, 1, 1269
5840, 4183, 71.63, 72, 48.65, 1, 1270
5841, 4183, 71.61, 72, 48.65, 1, 1271
5842, 4184, 71.62, 72, 48.65, 1, 1271
5843, 4184, 71.61, 72, 48.65, 1, 1272
5844, 4185, 71.61, 72, 48.65, 1, 1272
5845, 4185, 71.60, 72, 48.65, 1, 1273
5846, 4186, 71.60, 72, 48.65, 1, 1273
5847, 4187, 71.61, 72, 48.65, 1, 1273
5848, 4188, 71.61, 72, 48.65, 1, 1273
5849, 4188, 71.60, 72, 48.65, 1, 1274
5850, 4189, 71.61, 72, 48.65, 1, 1274
5851, 4190, 71.61, 72, 48.65, 1, 1274
5852, 4191, 71.62, 72, 48.65, 1, 1274
5853, 4191, 71.60, 72, 48.65, 1, 1275
5854, 4192, 71.61, 72, 48.65, 1, 1275
5855, 4193, 71.61, 72, 48.65, 1, 1275
5856, 4194, 71.62, 72, 48.65, 1, 1275
5857, 4195, 71.62, 72, 48.65, 1, 1275
5858, 4195, 71.61, 72, 48.65, 1, 1275
5859, 4196, 71.62, 72, 48.65, 1, 1275
5860, 4197, 71.62, 72, 48.65, 1, 1275
5861, 4198, 71.63, 72, 48.65, 1, 1275
5862, 4199, 71.63, 72, 48.65, 1, 1275
5863, 4200, 71.64, 72, 48.65, 1, 1275
5864, 4201, 71.64, 72, 48.65, 1, 1275
5865, 4202, 71.65, 72, 48.65, 1, 1275
5866, 4203, 71.65, 72, 48.65, 1, 1275
5867, 4204, 71.66, 72, 48.65, 1, 1275
5868, 4205, 71.66, 72, 48.65, 1, 1275
5869, 4206, 71.66, 72, 48.65, 1, 1275
5870, 4207, 71.67, 72, 48.65, 1, 1275
5871, 4208, 71.67, 72, 48.65, 1, 1275
5872, 4209, 71.68, 72, 48.65, 1, 1275
5873, 4209, 71.67, 72, 48.65, 1, 1276
5874, 4210, 71.67, 72, 48.65, 1, 1276
5875, 4210, 71.66, 72, 48.65, 1, 1277
5876, 4211, 71.66, 72, 48.65, 1, 1277
5877, 4211, 71.65, 72, 48.65, 1, 1278
5878, 4212, 71.66, 72, 48.65, 1, 1278
5879, 4213, 71.66, 72, 48.65, 1, 1278
5880, 4214, 71.67, 72, 48.65, 1, 1278
5881, 4214, 71.65, 72, 48.65, 1, 1279
5882, 4214, 71.64, 72, 48.65, 1, 1279
5883, 4215, 71.65, 72, 48.65, 1, 1279
5884, 4216, 71.65, 72, 48.65, 1, 1279
5885, 4217, 71.66, 72, 48.65, 1, 1279
5886, 4218, 71.66, 72, 48.65, 1, 1279
5887, 4219, 71.67, 72, 48.65, 1, 1279
5888, 4219, 71.65, 72, 48.65, 1, 1279
5889, 4219, 71.64, 72, 48.65, 1, 1279
5890, 4220, 71.65, 72, 48.65, 1, 1279
5891, 4220, 71.63, 72, 48.65, 1, 1280
5892, 4220, 71.62, 72, 48.65, 1, 1281
5893, 4221, 71.63, 72, 48.65, 1, 1281
5894, 4222, 71.63, 72, 48.65, 1, 1281
5895, 4223, 71.64, 72, 48.65, 1, 1281
5896, 4224, 71.64, 72, 48.65, 1, 1281
5897, 4225, 71.65, 72, 48.65, 1, 1281
5898, 4225, 71.63, 72, 48.65, 1, 1281
5899, 4225, 71.62, 72, 48.65, 1, 1282
5900, 4226, 71.63, 72, 48.65, 1, 1282
5901, 4227, 71.63, 72, 48.65, 1, 1282
5902, 4228, 71.64, 72, 48.65, 1, 1282
5903, 4228, 71.62, 72, 48.65, 1, 1283
5904, 4229, 71.63, 72, 48.65, 1, 1283
5905, 4230, 71.63, 72, 48.65, 1, 1283
5906, 4230, 71.62, 72, 48.65, 1, 1284
5907, 4231, 71.63, 72, 48.65, 1, 1284
5908, 4232, 71.63, 72, 48.65, 1, 1284
5909, 4233, 71.64, 72, 48.65, 1, 1284
5910, 4234, 71.64, 72, 48.65, 1, 1284
5911, 4235, 71.65, 72, 48.65, 1, 1284
5912, 4236, 71.65, 72, 48.65, 1, 1284
5913, 4236, 71.64, 72, 48.65, 1, 1285
5914, 4237, 71.64, 72, 48.65, 1, 1285
5915, 4237, 71.63, 72, 48.65, 1, 1286
5916, 4238, 71.64, 72, 48.65, 1, 1286
5917, 4239, 71.64, 72, 48.65, 1, 1286
5918, 4239, 71.63, 72, 48.65, 1, 1286
5919, 4240, 71.63, 72, 48.65, 1, 1286
5920, 4241, 71.64, 72, 48.65, 1, 1286
5921, 4241, 71.63, 72, 48.65, 1, 1287
5922, 4241, 71.61, 72, 48.65, 1, 1288
5923, 4242, 71.62, 72, 48.65, 1, 1288
5924, 4243, 71.62, 72, 48.65, 1, 1288
5925, 4244, 71.63, 72, 48.65, 1, 1288
5926, 4245, 71.63, 72, 48.65, 1, 1288
5927, 4246, 71.64, 72, 48.65, 1, 1288
5928, 4246, 71.63, 72, 48.65, 1, 1288
5929, 4247, 71.63, 72, 48.65, 1, 1288
5930, 4248, 71.64, 72, 48.65, 1, 1288
5931, 4249, 71.64, 72, 48.65, 1, 1288
5932, 4250, 71.65, 72, 48.65, 1, 1288
5933, 4251, 71.65, 72, 48.65, 1, 1288
5934, 4252, 71.65, 72, 48.65, 1, 1288
5935, 4252, 71.64, 72, 48.65, 1, 1288
5936, 4253, 71.65, 72, 48.65, 1, 1288
5937, 4254, 71.65, 72, 48.65, 1, 1288
5938, 4254, 71.64, 72, 48.65, 1, 1288
5939, 4255, 71.65, 72, 48.65, 1, 1288
5940, 4256, 71.65, 72, 48.65, 1, 1288
5941, 4257, 71.65, 72, 48.65, 1, 1288
5942, 4257, 71.64, 72, 48.65, 1, 1288
5943, 4258, 71.65, 72, 48.65, 1, 1288
5944, 4259, 71.65, 72, 48.65, 1, 1288
5945, 4259, 71.64, 72, 48.65, 1, 1289
5946, 4259, 71.63, 72, 48.65, 1, 1290
5947, 4259, 71.62, 72, 48.65, 1, 1291
5948, 4260, 71.62, 72, 48.65, 1, 1291
5949, 4261, 71.63, 72, 48.65, 1, 1291
5950, 4261, 71.61, 72, 48.65, 1, 1292
5951, 4261, 71.60, 72, 48.65, 1, 1293
5952, 4262, 71.61, 72, 48.65, 1, 1293
5953, 4263, 71.61, 72, 48.65, 1, 1293
5954, 4264, 71.62, 72, 48.65, 1, 1293
5955, 4264, 71.60, 72, 48.65, 1, 1294
5956, 4264, 71.59, 72, 48.65, 1, 1295
5957, 4265, 71.60, 72, 48.65, 1, 1295
5958, 4266, 71.60, 72, 48.65, 1, 1295
5959, 4267, 71.61, 72, 48.65, 1, 1295
5960, 4268, 71.61, 72, 48.65, 1, 1295
5961, 4268, 71.60, 72, 48.65, 1, 1295
5962, 4269, 71.60, 72, 48.65, 1, 1295
5963, 4269, 71.59, 72, 48.65, 1, 1296
5964, 4270, 71.60, 72, 48.65, 1, 1296
5965, 4271, 71.60, 72, 48.65, 1, 1296
5966, 4272, 71.61, 72, 48.65, 1, 1296
5967, 4273, 71.61, 72, 48.65, 1, 1296
5968, 4274, 71.62, 72, 48.65, 1, 1296
5969, 4275, 71.62, 72, 48.65, 1, 1296
5970, 4276, 71.62, 72, 48.65, 1, 1296
5971, 4276, 71.61, 72, 48.65, 1, 1297
5972, 4277, 71.62, 72, 48.65, 1, 1297
5973, 4278, 71.62, 72, 48.65, 1, 1297
5974, 4278, 71.61, 72, 48.65, 1, 1298
5975, 4279, 71.62, 72, 48.65, 1, 1298
5976, 4280, 71.62, 72, 48.65, 1, 1298
5977, 4281, 71.62, 72, 48.65, 1, 1298
5978, 4281, 71.61, 72, 48.65, 1, 1299
5979, 4282, 71.62, 72, 48.65, 1, 1299
5980, 4283, 71.62, 72, 48.65, 1, 1299
5981, 4284, 71.63, 72, 48.65, 1, 1299
5982, 4285, 71.63, 72, 48.65, 1, 1299
5983, 4286, 71.64, 72, 48.65, 1, 1299
5984, 4287, 71.64, 72, 48.65, 1, 1299
5985, 4287, 71.63, 72, 48.65, 1, 1299
5986, 4287, 71.62, 72, 48.65, 1, 1300
5987, 4288, 71.62, 72, 48.65, 1, 1300
5988, 4288, 71.61, 72, 48.65, 1, 1301
5989, 4289, 71.61, 72, 48.65, 1, 1301
5990, 4290, 71.62, 72, 48.65, 1, 1301
5991, 4291, 71.62, 72, 48.65, 1, 1301
5992, 4291, 71.61, 72, 48.65, 1, 1302
5993, 4292, 71.62, 72, 48.65, 1, 1302
5994, 4293, 71.62, 72, 48.65, 1, 1302
5995, 4294, 71.63, 72, 48.65, 1, 1302
5996, 4294, 71.61, 72, 48.65, 1, 1302
5997, 4294, 71.60, 72, 48.65, 1, 1303
5998, 4295, 71.61, 72, 48.65, 1, 1303
5999, 4296, 71.61, 72, 48.65, 1, 1303
6000, 4297, 71.62, 72, 48.65, 1, 1303
6001, 4298, 71.62, 72, 48.65, 1, 1303
6002, 4298, 71.61, 72, 48.65, 1, 1304
6003, 4298, 71.60, 72, 48.65, 1, 1305
6004, 4298, 71.59, 72, 48.65, 1, 1306
6005, 4299, 71.59, 72, 48.65, 1, 1306
6006, 4300, 71.60, 72, 48.65, 1, 1306
6007, 4301, 71.60, 72, 48.65, 1, 1306
6008, 4301, 71.59, 72, 48.65, 1, 1307
6009, 4302, 71.59, 72, 48.65, 1, 1307
6010, 4302, 71.58, 72, 48.65, 1, 1307
6011, 4303, 71.59, 72, 48.65, 1, 1307
6012, 4303, 71.57, 72, 48.65, 1, 1308
6013, 4304, 71.58, 72, 48.65, 1, 1308
6014, 4305, 71.58, 72, 48.65, 1, 1308
6015, 4306, 71.59, 72, 48.65, 1, 1308
6016, 4307, 71.59, 72, 48.65, 1, 1308
6017, 4308, 71.60, 72, 48.65, 1, 1308
6018, 4308, 71.59, 72, 48.65, 1, 1309
6019, 4309, 71.59, 72, 48.65, 1, 1309
6020, 4309, 71.58, 72, 48.65, 1, 1310
6021, 4309, 71.57, 72, 48.65, 1, 1311
6022, 4310, 71.57, 72, 48.65, 1, 1311
6023, 4311, 71.58, 72, 48.65, 1, 1311
6024, 4311, 71.56, 72, 48.65, 1, 1312
6025, 4312, 71.57, 72, 48.65, 1, 1312
6026, 4313, 71.57, 72, 48.65, 1, 1312
6027, 4314, 71.58, 72, 48.65, 1, 1312
6028, 4315, 71.58, 72, 48.65, 1, 1312
6029, 4316, 71.59, 72, 48.65, 1, 1312
6030, 4317, 71.59, 72, 48.65, 1, 1312
6031, 4318, 71.60, 72, 48.65, 1, 1312
6032, 4319, 71.60, 72, 48.65, 1, 1312
6033, 4320, 71.61, 72, 48.65, 1, 1312
6034, 4321, 71.61, 72, 48.65, 1, 1312
6035, 4322, 71.62, 72, 48.65, 1, 1312
6036, 4323, 71.62, 72, 48.65, 1, 1312
6037, 4323, 71.61, 72, 48.65, 1, 1313
6038, 4323, 71.60, 72, 48.65, 1, 1314
6039, 4324, 71.60, 72, 48.65, 1, 1314
6040, 4324, 71.59, 72, 48.65, 1, 1315
6041, 4325, 71.59, 72, 48.65, 1, 1315
6042, 4326, 71.60, 72, 48.65, 1, 1315
6043, 4326, 71.59, 72, 48.65, 1, 1315
6044, 4326, 71.58, 72, 48.65, 1, 1316
6045, 4326, 71.56, 72, 48.65, 1, 1317
6046, 4327, 71.57, 72, 48.65, 1, 1317
6047, 4328, 71.57, 72, 48.65, 1, 1317
6048, 4329, 71.58, 72, 48.65, 1, 1317
6049, 4329, 71.57, 72, 48.65, 1, 1318
6050, 4330, 71.57, 72, 48.65, 1, 1318
6051, 4331, 71.57, 72, 48.65, 1, 1318
6052, 4331, 71.56, 72, 48.65, 1, 1319
6053, 4332, 71.57, 72, 48.65, 1, 1319
6054, 4332, 71.56, 72, 48.65, 1, 1320
6055, 4332, 71.54, 72, 48.65, 1, 1321
6056, 4333, 71.55, 72, 48.65, 1, 1321
6057, 4333, 71.54, 72, 48.65, 1, 1322
6058, 4334, 71.54, 72, 48.65, 1, 1322
6059, 4334, 71.53, 72, 48.65, 1, 1323
6060, 4335, 71.53, 72, 48.65, 1, 1323
6061, 4336, 71.54, 72, 48.65, 1, 1323
6062, 4337, 71.54, 72, 48.65, 1, 1323
6063, 4337, 71.53, 72, 48.65, 1, 1324
6064, 4337, 71.52, 72, 48.65, 1, 1325
6065, 4337, 71.51, 72, 48.65, 1, 1326
6066, 4338, 71.51, 72, 48.65, 1, 1326
6067, 4339, 71.52, 72, 48.65, 1, 1326
6068, 4340, 71.52, 72, 48.65, 1, 1326
6069, 4341, 71.53, 72, 48.65, 1, 1326
6070, 4342, 71.53, 72, 48.65, 1, 1326
6071, 4342, 71.52, 72, 48.65, 1, 1327
6072, 4343, 71.53, 72, 48.65, 1, 1327
6073, 4344, 71.53, 72, 48.65, 1, 1327
6074, 4345, 71.53, 72, 48.65, 1, 1327
6075, 4346, 71.54, 72, 48.65, 1, 1327
6076, 4346, 71.53, 72, 48.65, 1, 1327
6077, 4346, 71.52, 72, 48.65, 1, 1327
6078, 4347, 71.52, 72, 48.65, 1, 1327
6079, 4348, 71.52, 72, 48.65, 1, 1327
6080, 4349, 71.53, 72, 48.65, 1, 1327
6081, 4350, 71.53, 72, 48.65, 1, 1327
6082, 4350, 71.52, 72, 48.65, 1, 1327
6083, 4351, 71.53, 72, 48.65, 1, 1327
6084, 4352, 71.53, 72, 48.65, 1, 1327
6085, 4353, 71.54, 72, 48.65, 1, 1327
6086, 4353, 71.52, 72, 48.65, 1, 1327
6087, 4353, 71.51, 72, 48.65, 1, 1327
6088, 4354, 71.52, 72, 48.65, 1, 1327
6089, 4355, 71.52, 72, 48.65, 1, 1327
6090, 4355, 71.51, 72, 48.65, 1, 1328
6091, 4355, 71.50, 72, 48.65, 1, 1329
6092, 4355, 71.49, 72, 48.65, 1, 1329
6093, 4356, 71.49, 72, 48.65, 1, 1329
6094, 4356, 71.48, 72, 48.65, 1, 1330
6095, 4357, 71.48, 72, 48.65, 1, 1330
6096, 4358, 71.49, 72, 48.65, 1, 1330
6097, 4359, 71.49, 72, 48.65, 1, 1330
6098, 4359, 71.48, 72, 48.65, 1, 1331
6099, 4360, 71.49, 72, 48.65, 1, 1331
6100, 4361, 71.49, 72, 48.65, 1, 1331
6101, 4362, 71.50, 72, 48.65, 1, 1331
6102, 4363, 71.50, 72, 48.65, 1, 1331
6103, 4363, 71.49, 72, 48.65, 1, 1332
6104, 4364, 71.49, 72, 48.65, 1, 1332
6105, 4365, 71.50, 72, 48.65, 1, 1332
6106, 4365, 71.49, 72, 48.65, 1, 1333
6107, 4366, 71.49, 72, 48.65, 1, 1333
6108, 4367, 71.50, 72, 48.65, 1, 1333
6109, 4368, 71.50, 72, 48.65, 1, 1333
6110, 4369, 71.51, 72, 48.65, 1, 1333
6111, 4370, 71.51, 72, 48.65, 1, 1333
6112, 4371, 71.52, 72, 48.65, 1, 1333
6113, 4371, 71.50, 72, 48.65, 1, 1334
6114, 4371, 71.49, 72, 48.65, 1, 1335
6115, 4372, 71.50, 72, 48.65, 1, 1335
6116, 4373, 71.50, 72, 48.65, 1, 1335
6117, 4374, 71.51, 72, 48.65, 1, 1335
6118, 4375, 71.51, 72, 48.65, 1, 1335
6119, 4375, 71.50, 72, 48.65, 1, 1336
6120, 4376, 71.50, 72, 48.65, 1, 1336
6121, 4377, 71.51, 72, 48.65, 1, 1336
6122, 4378, 71.51, 72, 48.65, 1, 1336
6123, 4378, 71.50, 72, 48.65, 1, 1337
6124, 4379, 71.51, 72, 48.65, 1, 1337
6125, 4380, 71.51, 72, 48.65, 1, 1337
6126, 4380, 71.50, 72, 48.65, 1, 1337
6127, 4380, 71.49, 72, 48.65, 1, 1338
6128, 4381, 71.49, 72, 48.65, 1, 1338
6129, 4381, 71.48, 72, 48.65, 1, 1339
6130, 4382, 71.48, 72, 48.65, 1, 1339
6131, 4383, 71.49, 72, 48.65, 1, 1339
6132, 4384, 71.49, 72, 48.65, 1, 1339
6133, 4385, 71.50, 72, 48.65, 1, 1339
6134, 4386, 71.50, 72, 48.65, 1, 1339
6135, 4387, 71.51, 72, 48.65, 1, 1339
6136, 4388, 71.51, 72, 48.65, 1, 1339
6137, 4388, 71.50, 72, 48.65, 1, 1340
6138, 4389, 71.51, 72, 48.65, 1, 1340
6139, 4390, 71.51, 72, 48.65, 1, 1340
6140, 4391, 71.51, 72, 48.65, 1, 1340
6141, 4392, 71.52, 72, 48.65, 1, 1340
6142, 4393, 71.52, 72, 48.65, 1, 1340
6143, 4394, 71.53, 72, 48.65, 1, 1340
6144, 4395, 71.53, 72, 48.65, 1, 1340
6145, 4396, 71.54, 72, 48.65, 1, 1340
6146, 4397, 71.54, 72, 48.65, 1, 1340
6147, 4398, 71.55, 72, 48.65, 1, 1340
6148, 4399, 71.55, 72, 48.65, 1, 1340
6149, 4400, 71.56, 72, 48.65, 1, 1340
6150, 4401, 71.56, 72, 48.65, 1, 1340
6151, 4402, 71.57, 72, 48.65, 1, 1340
6152, 4403, 71.57, 72, 48.65, 1, 1340
6153, 4404, 71.57, 72, 48.65, 1, 1340
6154, 4404, 71.56, 72, 48.65, 1, 1341
6155, 4405, 71.57, 72, 48.65, 1, 1341
6156, 4405, 71.56, 72, 48.65, 1, 1342
6157, 4405, 71.54, 72, 48.65, 1, 1343
6158, 4406, 71.55, 72, 48.65, 1, 1343
6159, 4407, 71.55, 72, 48.65, 1, 1343
6160, 4408, 71.56, 72, 48.65, 1, 1343
6161, 4409, 71.56, 72, 48.65, 1, 1343
6162, 4410, 71.57, 72, 48.65, 1, 1343
6163, 4411, 71.57, 72, 48.65, 1, 1343
6164, 4412, 71.58, 72, 48.65, 1, 1343
6165, 4412, 71.57, 72, 48.65, 1, 1344
6166, 4413, 71.57, 72, 48.65, 1, 1344
6167, 4413, 71.56, 72, 48.65, 1, 1345
6168, 4414, 71.56, 72, 48.65, 1, 1345
6169, 4415, 71.57, 72, 48.65, 1, 1345
6170, 4415, 71.56, 72, 48.65, 1, 1346
6171, 4416, 71.56, 72, 48.65, 1, 1346
6172, 4417, 71.57, 72, 48.65, 1, 1346
6173, 4418, 71.57, 72, 48.65, 1, 1346
6174, 4419, 71.57, 72, 48.65, 1, 1346
6175, 4420, 71.58, 72, 48.65, 1, 1346
6176, 4421, 71.58, 72, 48.65, 1, 1346
6177, 4422, 71.59, 72, 48.65, 1, 1346
6178, 4423, 71.59, 72, 48.65, 1, 1346
6179, 4424, 71.60, 72, 48.65, 1, 1346
6180, 4424, 71.59, 72, 48.65, 1, 1347
6181, 4424, 71.57, 72, 48.65, 1, 1347
6182, 4425, 71.58, 72, 48.65, 1, 1347
6183, 4425, 71.57, 72, 48.65, 1, 1347
6184, 4426, 71.57, 72, 48.65, 1, 1347
6185, 4426, 71.56, 72, 48.65, 1, 1348
6186, 4427, 71.56, 72, 48.65, 1, 1348
6187, 4428, 71.57, 72, 48.65, 1, 1348
6188, 4429, 71.57, 72, 48.65, 1, 1348
6189, 4430, 71.58, 72, 48.65, 1, 1348
6190, 4430, 71.57, 72, 48.65, 1, 1349
6191, 4430, 71.56, 72, 48.65, 1, 1350
6192, 4430, 71.54, 72, 48.65, 1, 1351
6193, 4431, 71.55, 72, 48.65, 1, 1351
6194, 4432, 71.55, 72, 48.65, 1, 1351
6195, 4433, 71.56, 72, 48.65, 1, 1351
6196, 4434, 71.56, 72, 48.65, 1, 1351
6197, 4435, 71.57, 72, 48.65, 1, 1351
6198, 4436, 71.57, 72, 48.65, 1, 1351
6199, 4437, 71.58, 72, 48.65, 1, 1351
6200, 4438, 71.58, 72, 48.65, 1, 1351
6201, 4438, 71.57, 72, 48.65, 1, 1351
6202, 4439, 71.57, 72, 48.65, 1, 1351
6203, 4440, 71.58, 72, 48.65, 1, 1351
6204, 4440, 71.57, 72, 48.65, 1, 1352
6205, 4440, 71.56, 72, 48.65, 1, 1353
6206, 4440, 71.54, 72, 48.65, 1, 1354
6207, 4440, 71.53, 72, 48.65, 1, 1355
6208, 4441, 71.54, 72, 48.65, 1, 1355
6209, 4442, 71.54, 72, 48.65, 1, 1355
6210, 4443, 71.55, 72, 48.65, 1, 1355
6211, 4444, 71.55, 72, 48.65, 1, 1355
6212, 4445, 71.56, 72, 48.65, 1, 1355
6213, 4445, 71.54, 72, 48.65, 1, 1356
6214, 4446, 71.55, 72, 48.65, 1, 1356
6215, 4447, 71.55, 72, 48.65, 1, 1356
6216, 4447, 71.54, 72, 48.65, 1, 1357
6217, 4448, 71.55, 72, 48.65, 1, 1357
6218, 4449, 71.55, 72, 48.65, 1, 1357
6219, 4450, 71.55, 72, 48.65, 1, 1357
6220, 4450, 71.54, 72, 48.65, 1, 1358
6221, 4451, 71.55, 72, 48.65, 1, 1358
6222, 4452, 71.55, 72, 48.65, 1, 1358
6223, 4453, 71.56, 72, 48.65, 1, 1358
6224, 4454, 71.56, 72, 48.65, 1, 1358
6225, 4455, 71.57, 72, 48.65, 1, 1358
6226, 4456, 71.57, 72, 48.65, 1, 1358
6227, 4457, 71.58, 72, 48.65, 1, 1358
6228, 4458, 71.58, 72, 48.65, 1, 1358
6229, 4458, 71.57, 72, 48.65, 1, 1358
6230, 4459, 71.57, 72, 48.65, 1, 1358
6231, 4459, 71.56, 72, 48.65, 1, 1358
6232, 4460, 71.57, 72, 48.65, 1, 1358
6233, 4461, 71.57, 72, 48.65, 1, 1358
6234, 4462, 71.58, 72, 48.65, 1, 1358
6235, 4463, 71.58, 72, 48.65, 1, 1358
6236, 4464, 71.58, 72, 48.65, 1, 1358
6237, 4464, 71.57, 72, 48.65, 1, 1359
6238, 4465, 71.58, 72, 48.65, 1, 1359
6239, 4466, 71.58, 72, 48.65, 1, 1359
6240, 4467, 71.59, 72, 48.65, 1, 1359
6241, 4467, 71.58, 72, 48.65, 1, 1360
6242, 4468, 71.58, 72, 48.65, 1, 1360
6243, 4469, 71.58, 72, 48.65, 1, 1360
6244, 4470, 71.59, 72, 48.65, 1, 1360
6245, 4471, 71.59, 72, 48.65, 1, 1360
6246, 4471, 71.58, 72, 48.65, 1, 1361
6247, 4472, 71.59, 72, 48.65, 1, 1361
6248, 4472, 71.57, 72, 48.65, 1, 1362
6249, 4473, 71.58, 72, 48.65, 1, 1362
6250, 4473, 71.57, 72, 48.65, 1, 1362
6251, 4473, 71.56, 72, 48.65, 1, 1363
6252, 4474, 71.56, 72, 48.65, 1, 1363
6253, 4474, 71.55, 72, 48.65, 1, 1364
6254, 4475, 71.55, 72, 48.65, 1, 1364
6255, 4476, 71.56, 72, 48.65, 1, 1364
6256, 4477, 71.56, 72, 48.65, 1, 1364
6257, 4477, 71.55, 72, 48.65, 1, 1364
6258, 4478, 71.56, 72, 48.65, 1, 1364
6259, 4479, 71.56, 72, 48.65, 1, 1364
6260, 4479, 71.55, 72, 48.65, 1, 1365
6261, 4480, 71.55, 72, 48.65, 1, 1365
6262, 4480, 71.54, 72, 48.65, 1, 1366
6263, 4481, 71.55, 72, 48.65, 1, 1366
6264, 4481, 71.54, 72, 48.65, 1, 1367
6265, 4482, 71.54, 72, 48.65, 1, 1367
6266, 4483, 71.54, 72, 48.65, 1, 1367
6267, 4483, 71.53, 72, 48.65, 1, 1368
6268, 4484, 71.54, 72, 48.65, 1, 1368
6269, 4485, 71.54, 72, 48.65, 1, 1368
6270, 4485, 71.53, 72, 48.65, 1, 1369
6271, 4486, 71.54, 72, 48.65, 1, 1369
6272, 4487, 71.54, 72, 48.65, 1, 1369
6273, 4488, 71.54, 72, 48.65, 1, 1369
6274, 4489, 71.55, 72, 48.65, 1, 1369
6275, 4490, 71.55, 72, 48.65, 1, 1369
6276, 4491, 71.56, 72, 48.65, 1, 1369
6277, 4492, 71.56, 72, 48.65, 1, 1369
6278, 4492, 71.55, 72, 48.65, 1, 1370
6279, 4493, 71.56, 72, 48.65, 1, 1370
6280, 4494, 71.56, 72, 48.65, 1, 1370
6281, 4495, 71.57, 72, 48.65, 1, 1370
6282, 4496, 71.57, 72, 48.65, 1, 1370
6283, 4497, 71.57, 72, 48.65, 1, 1370
6284, 4498, 71.58, 72, 48.65, 1, 1370
6285, 4499, 71.58, 72, 48.65, 1, 1370
6286, 4500, 71.59, 72, 48.65, 1, 1370
6287, 4501, 71.59, 72, 48.65, 1, 1370
6288, 4501, 71.58, 72, 48.65, 1, 1371
6289, 4502, 71.59, 72, 48.65, 1, 1371
6290, 4503, 71.59, 72, 48.65, 1, 1371
6291, 4503, 71.58, 72, 48.65, 1, 1372
6292, 4503, 71.57, 72, 48.65, 1, 1373
6293, 4504, 71.57, 72, 48.65, 1, 1373
6294, 4505, 71.58, 72, 48.65, 1, 1373
6295, 4505, 71.56, 72, 48.65, 1, 1374
6296, 4506, 71.57, 72, 48.65, 1, 1374
6297, 4507, 71.57, 72, 48.65, 1, 1374
6298, 4508, 71.58, 72, 48.65, 1, 1374
6299, 4509, 71.58, 72, 48.65, 1, 1374
6300, 4510, 71.59, 72, 48.65, 1, 1374
6301, 4511, 71.59, 72, 48.65, 1, 1374
6302, 4512, 71.60, 72, 48.65, 1, 1374
6303, 4512, 71.58, 72, 48.65, 1, 1374
6304, 4513, 71.59, 72, 48.65, 1, 1374
6305, 4514, 71.59, 72, 48.65, 1, 1374
6306, 4515, 71.60, 72, 48.65, 1, 1374
6307, 4515, 71.59, 72, 48.65, 1, 1374
6308, 4516, 71.59, 72, 48.65, 1, 1374
6309, 4517, 71.60, 72, 48.65, 1, 1374
6310, 4518, 71.60, 72, 48.65, 1, 1374
6311, 4519, 71.61, 72, 48.65, 1, 1374
6312, 4520, 71.61, 72, 48.65, 1, 1374
6313, 4521, 71.61, 72, 48.65, 1, 1374
6314, 4522, 71.62, 72, 48.65, 1, 1374
6315, 4523, 71.62, 72, 48.65, 1, 1374
6316, 4524, 71.63, 72, 48.65, 1, 1374
6317, 4524, 71.62, 72, 48.65, 1, 1375
6318, 4524, 71.60, 72, 48.65, 1, 1376
6319, 4525, 71.61, 72, 48.65, 1, 1376
6320, 4526, 71.61, 72, 48.65, 1, 1376
6321, 4527, 71.62, 72, 48.65, 1, 1376
6322, 4528, 71.62, 72, 48.65, 1, 1376
6323, 4528, 71.61, 72, 48.65, 1, 1377
6324, 4529, 71.62, 72, 48.65, 1, 1377
6325, 4529, 71.60, 72, 48.65, 1, 1378
6326, 4530, 71.61, 72, 48.65, 1, 1378
6327, 4530, 71.60, 72, 48.65, 1, 1379
6328, 4530, 71.59, 72, 48.65, 1, 1379
6329, 4531, 71.59, 72, 48.65, 1, 1379
6330, 4532, 71.60, 72, 48.65, 1, 1379
6331, 4533, 71.60, 72, 48.65, 1, 1379
6332, 4534, 71.60, 72, 48.65, 1, 1379
6333, 4535, 71.61, 72, 48.65, 1, 1379
6334, 4535, 71.60, 72, 48.65, 1, 1379
6335, 4536, 71.60, 72, 48.65, 1, 1379
6336, 4537, 71.61, 72, 48.65, 1, 1379
6337, 4538, 71.61, 72, 48.65, 1, 1379
6338, 4538, 71.60, 72, 48.65, 1, 1379
6339, 4539, 71.60, 72, 48.65, 1, 1379
6340, 4540, 71.61, 72, 48.65, 1, 1379
6341, 4541, 71.61, 72, 48.65, 1, 1379
6342, 4541, 71.60, 72, 48.65, 1, 1380
6343, 4541, 71.59, 72, 48.65, 1, 1381
6344, 4542, 71.60, 72, 48.65, 1, 1381
6345, 4543, 71.60, 72, 48.65, 1, 1381
6346, 4544, 71.60, 72, 48.65, 1, 1381
6347, 4544, 71.59, 72, 48.65, 1, 1381
6348, 4545, 71.60, 72, 48.65, 1, 1381
6349, 4545, 71.59, 72, 48.65, 1, 1381
6350, 4545, 71.57, 72, 48.65, 1, 1381
6351, 4546, 71.58, 72, 48.65, 1, 1381
6352, 4546, 71.57, 72, 48.65, 1, 1381
6353, 4547, 71.57, 72, 48.65, 1, 1381
6354, 4548, 71.58, 72, 48.65, 1, 1381
6355, 4549, 71.58, 72, 48.65, 1, 1381
6356, 4550, 71.59, 72, 48.65, 1, 1381
6357, 4551, 71.59, 72, 48.65, 1, 1381
6358, 4552, 71.59, 72, 48.65, 1, 1381
6359, 4553, 71.60, 72, 48.65, 1, 1381
6360, 4554, 71.60, 72, 48.65, 1, 1381
6361, 4554, 71.59, 72, 48.65, 1, 1382
6362, 4555, 71.60, 72, 48.65, 1, 1382
6363, 4556, 71.60, 72, 48.65, 1, 1382
6364, 4557, 71.61, 72, 48.65, 1, 1382
6365, 4558, 71.61, 72, 48.65, 1, 1382
6366, 4559, 71.61, 72, 48.65, 1, 1382
6367, 4560, 71.62, 72, 48.65, 1, 1382
6368, 4561, 71.62, 72, 48.65, 1, 1382
6369, 4561, 71.61, 72, 48.65, 1, 1383
6370, 4561, 71.60, 72, 48.65, 1, 1384
6371, 4561, 71.59, 72, 48.65, 1, 1385
6372, 4561, 71.58, 72, 48.65, 1, 1386
6373, 4561, 71.57, 72, 48.65, 1, 1387
6374, 4562, 71.57, 72, 48.65, 1, 1387
6375, 4563, 71.58, 72, 48.65, 1, 1387
6376, 4563, 71.57, 72, 48.65, 1, 1387
6377, 4563, 71.55, 72, 48.65, 1, 1388
6378, 4564, 71.56, 72, 48.65, 1, 1388
6379, 4564, 71.55, 72, 48.65, 1, 1389
6380, 4564, 71.54, 72, 48.65, 1, 1390
6381, 4565, 71.54, 72, 48.65, 1, 1390
6382, 4565, 71.53, 72, 48.65, 1, 1391
6383, 4566, 71.53, 72, 48.65, 1, 1391
6384, 4567, 71.54, 72, 48.65, 1, 1391
6385, 4568, 71.54, 72, 48.65, 1, 1391
6386, 4569, 71.55, 72, 48.65, 1, 1391
6387, 4569, 71.54, 72, 48.65, 1, 1392
6388, 4570, 71.54, 72, 48.65, 1, 1392
6389, 4571, 71.54, 72, 48.65, 1, 1392
6390, 4572, 71.55, 72, 48.65, 1, 1392
6391, 4572, 71.54, 72, 48.65, 1, 1393
6392, 4572, 71.53, 72, 48.65, 1, 1394
6393, 4573, 71.53, 72, 48.65, 1, 1394
6394, 4574, 71.54, 72, 48.65, 1, 1394
6395, 4575, 71.54, 72, 48.65, 1, 1394
6396, 4576, 71.54, 72, 48.65, 1, 1394
6397, 4576, 71.53, 72, 48.65, 1, 1395
6398, 4576, 71.52, 72, 48.65, 1, 1396
6399, 4577, 71.53, 72, 48.65, 1, 1396
6400, 4578, 71.53, 72, 48.65, 1, 1396
6401, 4578, 71.52, 72, 48.65, 1, 1397
6402, 4579, 71.52, 72, 48.65, 1, 1397
6403, 4580, 71.53, 72, 48.65, 1, 1397
6404, 4581, 71.53, 72, 48.65, 1, 1397
6405, 4581, 71.52, 72, 48.65, 1, 1398
6406, 4581, 71.51, 72, 48.65, 1, 1399
6407, 4582, 71.52, 72, 48.65, 1, 1399
6408, 4583, 71.52, 72, 48.65, 1, 1399
6409, 4584, 71.52, 72, 48.65, 1, 1399
6410, 4585, 71.53, 72, 48.65, 1, 1399
6411, 4586, 71.53, 72, 48.65, 1, 1399
6412, 4587, 71.54, 72, 48.65, 1, 1399
6413, 4588, 71.54, 72, 48.65, 1, 1399
6414, 4589, 71.55, 72, 48.65, 1, 1399
6415, 4590, 71.55, 72, 48.65, 1, 1399
6416, 4591, 71.56, 72, 48.65, 1, 1399
6417, 4592, 71.56, 72, 48.65, 1, 1399
6418, 4593, 71.56, 72, 48.65, 1, 1399
6419, 4594, 71.57, 72, 48.65, 1, 1399
6420, 4594, 71.56, 72, 48.65, 1, 1400
6421, 4595, 71.56, 72, 48.65, 1, 1400
6422, 4596, 71.57, 72, 48.65, 1, 1400
6423, 4597, 71.57, 72, 48.65, 1, 1400
6424, 4598, 71.58, 72, 48.65, 1, 1400
6425, 4599, 71.58, 72, 48.65, 1, 1400
6426, 4600, 71.58, 72, 48.65, 1, 1400
6427, 4601, 71.59, 72, 48.65, 1, 1400
6428, 4602, 71.59, 72, 48.65, 1, 1400
6429, 4603, 71.60, 72, 48.65, 1, 1400
6430, 4604, 71.60, 72, 48.65, 1, 1400
6431, 4604, 71.59, 72, 48.65, 1, 1401
6432, 4605, 71.60, 72, 48.65, 1, 1401
6433, 4606, 71.60, 72, 48.65, 1, 1401
6434, 4607, 71.60, 72, 48.65, 1, 1401
6435, 4608, 71.61, 72, 48.65, 1, 1401
6436, 4608, 71.60, 72, 48.65, 1, 1402
6437, 4609, 71.60, 72, 48.65, 1, 1402
6438, 4610, 71.61, 72, 48.65, 1, 1402
6439, 4611, 71.61, 72, 48.65, 1, 1402
6440, 4612, 71.61, 72, 48.65, 1, 1402
6441, 4613, 71.62, 72, 48.65, 1, 1402
6442, 4614, 71.62, 72, 48.65, 1, 1402
6443, 4614, 71.61, 72, 48.65, 1, 1403
6444, 4615, 71.62, 72, 48.65, 1, 1403
6445, 4615, 71.61, 72, 48.65, 1, 1404
6446, 4615, 71.59, 72, 48.65, 1, 1405
6447, 4616, 71.60, 72, 48.65, 1, 1405
6448, 4617, 71.60, 72, 48.65, 1, 1405
6449, 4618, 71.61, 72, 48.65, 1, 1405
6450, 4618, 71.60, 72, 48.65, 1, 1406
6451, 4619, 71.60, 72, 48.65, 1, 1406
6452, 4619, 71.59, 72, 48.65, 1, 1407
6453, 4619, 71.58, 72, 48.65, 1, 1408
6454, 4620, 71.58, 72, 48.65, 1, 1408
6455, 4621, 71.59, 72, 48.65, 1, 1408
6456, 4622, 71.59, 72, 48.65, 1, 1408
6457, 4623, 71.60, 72, 48.65, 1, 1408
6458, 4624, 71.60, 72, 48.65, 1, 1408
6459, 4625, 71.61, 72, 48.65, 1, 1408
6460, 4626, 71.61, 72, 48.65, 1, 1408
6461, 4627, 71.61, 72, 48.65, 1, 1408
6462, 4628, 71.62, 72, 48.65, 1, 1408
6463, 4629, 71.62, 72, 48.65, 1, 1408
6464, 4629, 71.61, 72, 48.65, 1, 1408
6465, 4629, 71.60, 72, 48.65, 1, 1409
6466, 4630, 71.61, 72, 48.65, 1, 1409
6467, 4631, 71.61, 72, 48.65, 1, 1409
6468, 4632, 71.61, 72, 48.65, 1, 1409
6469, 4633, 71.62, 72, 48.65, 1, 1409
6470, 4634, 71.62, 72, 48.65, 1, 1409
6471, 4635, 71.63, 72, 48.65, 1, 1409
6472, 4635, 71.62, 72, 48.65, 1, 1410
6473, 4636, 71.62, 72, 48.65, 1, 1410
6474, 4637, 71.62, 72, 48.65, 1, 1410
6475, 4638, 71.63, 72, 48.65, 1, 1410
6476, 4639, 71.63, 72, 48.65, 1, 1410
6477, 4640, 71.64, 72, 48.65, 1, 1410
6478, 4640, 71.63, 72, 48.65, 1, 1410
6479, 4640, 71.62, 72, 48.65, 1, 1411
6480, 4641, 71.62, 72, 48.65, 1, 1411
6481, 4642, 71.62, 72, 48.65, 1, 1411
6482, 4642, 71.61, 72, 48.65, 1, 1412
6483, 4643, 71.62, 72, 48.65, 1, 1412
6484, 4644, 71.62, 72, 48.65, 1, 1412
6485, 4644, 71.61, 72, 48.65, 1, 1413
6486, 4644, 71.60, 72, 48.65, 1, 1414
6487, 4645, 71.60, 72, 48.65, 1, 1414
6488, 4646, 71.61, 72, 48.65, 1, 1414
6489, 4647, 71.61, 72, 48.65, 1, 1414
6490, 4647, 71.60, 72, 48.65, 1, 1415
6491, 4648, 71.61, 72, 48.65, 1, 1415
6492, 4648, 71.60, 72, 48.65, 1, 1415
6493, 4649, 71.60, 72, 48.65, 1, 1415
6494, 4649, 71.59, 72, 48.65, 1, 1415
6495, 4650, 71.59, 72, 48.65, 1, 1415
6496, 4651, 71.60, 72, 48.65, 1, 1415
6497, 4652, 71.60, 72, 48.65, 1, 1415
6498, 4653, 71.61, 72, 48.65, 1, 1415
6499, 4653, 71.60, 72, 48.65, 1, 1415
6500, 4653, 71.58, 72, 48.65, 1, 1415
6501, 4654, 71.59, 72, 48.65, 1, 1415
6502, 4655, 71.59, 72, 48.65, 1, 1415
6503, 4656, 71.60, 72, 48.65, 1, 1415
6504, 4657, 71.60, 72, 48.65, 1, 1415
6505, 4658, 71.61, 72, 48.65, 1, 1415
6506, 4659, 71.61, 72, 48.65, 1, 1415
6507, 4660, 71.62, 72, 48.65, 1, 1415
6508, 4661, 71.62, 72, 48.65, 1, 1415
6509, 4662, 71.62, 72, 48.65, 1, 1415
6510, 4663, 71.63, 72, 48.65, 1, 1415
6511, 4664, 71.63, 72, 48.65, 1, 1415
6512, 4665, 71.64, 72, 48.65, 1, 1415
6513, 4666, 71.64, 72, 48.65, 1, 1415
6514, 4666, 71.63, 72, 48.65, 1, 1415
6515, 4667, 71.63, 72, 48.65, 1, 1415
6516, 4668, 71.64, 72, 48.65, 1, 1415
6517, 4668, 71.63, 72, 48.65, 1, 1415
6518, 4668, 71.62, 72, 48.65, 1, 1415
6519, 4669, 71.62, 72, 48.65, 1, 1415
6520, 4670, 71.63, 72, 48.65, 1, 1415
6521, 4671, 71.63, 72, 48.65, 1, 1415
6522, 4672, 71.63, 72, 48.65, 1, 1415
6523, 4672, 71.62, 72, 48.65, 1, 1415
6524, 4672, 71.61, 72, 48.65, 1, 1416
6525, 4673, 71.62, 72, 48.65, 1, 1416
6526, 4674, 71.62, 72, 48.65, 1, 1416
6527, 4675, 71.63, 72, 48.65, 1, 1416
6528, 4676, 71.63, 72, 48.65, 1, 1416
6529, 4677, 71.63, 72, 48.65, 1, 1416
6530, 4678, 71.64, 72, 48.65, 1, 1416
6531, 4679, 71.64, 72, 48.65, 1, 1416
6532, 4680, 71.65, 72, 48.65, 1, 1416
6533, 4681, 71.65, 72, 48.65, 1, 1416
6534, 4682, 71.66, 72, 48.65, 1, 1416
6535, 4682, 71.64, 72, 48.65, 1, 1417
6536, 4683, 71.65, 72, 48.65, 1, 1417
6537, 4684, 71.65, 72, 48.65, 1, 1417
6538, 4684, 71.64, 72, 48.65, 1, 1418
6539, 4685, 71.65, 72, 48.65, 1, 1418
6540, 4686, 71.65, 72, 48.65, 1, 1418
6541, 4686, 71.64, 72, 48.65, 1, 1419
6542, 4686, 71.63, 72, 48.65, 1, 1420
6543, 4687, 71.63, 72, 48.65, 1, 1420
6544, 4687, 71.62, 72, 48.65, 1, 1421
6545, 4688, 71.63, 72, 48.65, 1, 1421
6546, 4688, 71.62, 72, 48.65, 1, 1421
6547, 4689, 71.62, 72, 48.65, 1, 1421
6548, 4690, 71.62, 72, 48.65, 1, 1421
6549, 4690, 71.61, 72, 48.65, 1, 1422
6550, 4691, 71.62, 72, 48.65, 1, 1422
6551, 4692, 71.62, 72, 48.65, 1, 1422
6552, 4692, 71.61, 72, 48.65, 1, 1423
6553, 4693, 71.62, 72, 48.65, 1, 1423
6554, 4693, 71.61, 72, 48.65, 1, 1423
6555, 4693, 71.59, 72, 48.65, 1, 1423
6556, 4694, 71.60, 72, 48.65, 1, 1423
6557, 4695, 71.60, 72, 48.65, 1, 1423
6558, 4696, 71.61, 72, 48.65, 1, 1423
6559, 4697, 71.61, 72, 48.65, 1, 1423
6560, 4697, 71.60, 72, 48.65, 1, 1423
6561, 4698, 71.60, 72, 48.65, 1, 1423
6562, 4699, 71.61, 72, 48.65, 1, 1423
6563, 4700, 71.61, 72, 48.65, 1, 1423
6564, 4700, 71.60, 72, 48.65, 1, 1424
6565, 4701, 71.61, 72, 48.65, 1, 1424
6566, 4702, 71.61, 72, 48.65, 1, 1424
6567, 4703, 71.62, 72, 48.65, 1, 1424
6568, 4704, 71.62, 72, 48.65, 1, 1424
6569, 4705, 71.62, 72, 48.65, 1, 1424
6570, 4705, 71.61, 72, 48.65, 1, 1425
6571, 4706, 71.62, 72, 48.65, 1, 1425
6572, 4706, 71.61, 72, 48.65, 1, 1425
6573, 4707, 71.61, 72, 48.65, 1, 1425
6574, 4707, 71.60, 72, 48.65, 1, 1426
6575, 4707, 71.59, 72, 48.65, 1, 1427
6576, 4708, 71.59, 72, 48.65, 1, 1427
6577, 4709, 71.60, 72, 48.65, 1, 1427
6578, 4709, 71.59, 72, 48.65, 1, 1427
6579, 4709, 71.58, 72, 48.65, 1, 1428
6580, 4709, 71.57, 72, 48.65, 1, 1429
6581, 4710, 71.57, 72, 48.65, 1, 1429
6582, 4711, 71.57, 72, 48.65, 1, 1429
6583, 4712, 71.58, 72, 48.65, 1, 1429
6584, 4713, 71.58, 72, 48.65, 1, 1429
6585, 4714, 71.59, 72, 48.65, 1, 1429
6586, 4715, 71.59, 72, 48.65, 1, 1429
6587, 4715, 71.58, 72, 48.65, 1, 1430
6588, 4716, 71.58, 72, 48.65, 1, 1430
6589, 4717, 71.59, 72, 48.65, 1, 1430
6590, 4717, 71.58, 72, 48.65, 1, 1431
6591, 4717, 71.57, 72, 48.65, 1, 1432
6592, 4717, 71.56, 72, 48.65, 1, 1433
6593, 4718, 71.56, 72, 48.65, 1, 1433
6594, 4719, 71.57, 72, 48.65, 1, 1433
6595, 4720, 71.57, 72, 48.65, 1, 1433
6596, 4721, 71.57, 72, 48.65, 1, 1433
6597, 4722, 71.58, 72, 48.65, 1, 1433
6598, 4722, 71.57, 72, 48.65, 1, 1434
6599, 4722, 71.56, 72, 48.65, 1, 1435
6600, 4722, 71.55, 72, 48.65, 1, 1436
6601, 4723, 71.55, 72, 48.65, 1, 1436
6602, 4723, 71.54, 72, 48.65, 1, 1437
6603, 4724, 71.54, 72, 48.65, 1, 1437
6604, 4724, 71.53, 72, 48.65, 1, 1438
6605, 4724, 71.52, 72, 48.65, 1, 1439
6606, 4725, 71.53, 72, 48.65, 1, 1439
6607, 4726, 71.53, 72, 48.65, 1, 1439
6608, 4727, 71.53, 72, 48.65, 1, 1439
6609, 4728, 71.54, 72, 48.65, 1, 1439
6610, 4729, 71.54, 72, 48.65, 1, 1439
6611, 4730, 71.55, 72, 48.65, 1, 1439
6612, 4731, 71.55, 72, 48.65, 1, 1439
6613, 4731, 71.54, 72, 48.65, 1, 1439
6614, 4732, 71.55, 72, 48.65, 1, 1439
6615, 4733, 71.55, 72, 48.65, 1, 1439
6616, 4733, 71.54, 72, 48.65, 1, 1439
6617, 4734, 71.54, 72, 48.65, 1, 1439
6618, 4735, 71.55, 72, 48.65, 1, 1439
6619, 4736, 71.55, 72, 48.65, 1, 1439
6620, 4736, 71.54, 72, 48.65, 1, 1439
6621, 4737, 71.55, 72, 48.65, 1, 1439
6622, 4738, 71.55, 72, 48.65, 1, 1439
6623, 4739, 71.55, 72, 48.65, 1, 1439
6624, 4740, 71.56, 72, 48.65, 1, 1439
6625, 4741, 71.56, 72, 48.65, 1, 1439
6626, 4741, 71.55, 72, 48.65, 1, 1440
6627, 4742, 71.56, 72, 48.65, 1, 1440
6628, 4743, 71.56, 72, 48.65, 1, 1440
6629, 4744, 71.56, 72, 48.65, 1, 1440
6630, 4744, 71.55, 72, 48.65, 1, 1441
6631, 4745, 71.56, 72, 48.65, 1, 1441
6632, 4746, 71.56, 72, 48.65, 1, 1441
6633, 4747, 71.57, 72, 48.65, 1, 1441
6634, 4747, 71.56, 72, 48.65, 1, 1442
6635, 4748, 71.56, 72, 48.65, 1, 1442
6636, 4749, 71.56, 72, 48.65, 1, 1442
6637, 4750, 71.57, 72, 48.65, 1, 1442
6638, 4751, 71.57, 72, 48.65, 1, 1442
6639, 4751, 71.56, 72, 48.65, 1, 1442
6640, 4752, 71.57, 72, 48.65, 1, 1442
6641, 4752, 71.56, 72, 48.65, 1, 1442
6642, 4752, 71.54, 72, 48.65, 1, 1443
6643, 4753, 71.55, 72, 48.65, 1, 1443
6644, 4754, 71.55, 72, 48.65, 1, 1443
6645, 4755, 71.56, 72, 48.65, 1, 1443
6646, 4756, 71.56, 72, 48.65, 1, 1443
6647, 4756, 71.55, 72, 48.65, 1, 1444
6648, 4757, 71.56, 72, 48.65, 1, 1444
6649, 4758, 71.56, 72, 48.65, 1, 1444
6650, 4758, 71.55, 72, 48.65, 1, 1445
6651, 4759, 71.55, 72, 48.65, 1, 1445
6652, 4760, 71.56, 72, 48.65, 1, 1445
6653, 4761, 71.56, 72, 48.65, 1, 1445
6654, 4762, 71.57, 72, 48.65, 1, 1445
6655, 4763, 71.57, 72, 48.65, 1, 1445
6656, 4763, 71.56, 72, 48.65, 1, 1446
6657, 4764, 71.56, 72, 48.65, 1, 1446
6658, 4765, 71.57, 72, 48.65, 1, 1446
6659, 4766, 71.57, 72, 48.65, 1, 1446
6660, 4767, 71.58, 72, 48.65, 1, 1446
6661, 4767, 71.57, 72, 48.65, 1, 1446
6662, 4768, 71.57, 72, 48.65, 1, 1446
6663, 4769, 71.57, 72, 48.65, 1, 1446
6664, 4770, 71.58, 72, 48.65, 1, 1446
6665, 4771, 71.58, 72, 48.65, 1, 1446
6666, 4772, 71.59, 72, 48.65, 1, 1446
6667, 4772, 71.58, 72, 48.65, 1, 1446
6668, 4772, 71.57, 72, 48.65, 1, 1446
6669, 4772, 71.55, 72, 48.65, 1, 1447
6670, 4773, 71.56, 72, 48.65, 1, 1447
6671, 4774, 71.56, 72, 48.65, 1, 1447
6672, 4775, 71.57, 72, 48.65, 1, 1447
6673, 4776, 71.57, 72, 48.65, 1, 1447
6674, 4777, 71.58, 72, 48.65, 1, 1447
6675, 4778, 71.58, 72, 48.65, 1, 1447
6676, 4779, 71.58, 72, 48.65, 1, 1447
6677, 4780, 71.59, 72, 48.65, 1, 1447
6678, 4781, 71.59, 72, 48.65, 1, 1447
6679, 4782, 71.60, 72, 48.65, 1, 1447
6680, 4783, 71.60, 72, 48.65, 1, 1447
6681, 4784, 71.61, 72, 48.65, 1, 1447
6682, 4785, 71.61, 72, 48.65, 1, 1447
6683, 4785, 71.60, 72, 48.65, 1, 1448
6684, 4786, 71.60, 72, 48.65, 1, 1448
6685, 4787, 71.61, 72, 48.65, 1, 1448
6686, 4788, 71.61, 72, 48.65, 1, 1448
6687, 4789, 71.62, 72, 48.65, 1, 1448
6688, 4789, 71.61, 72, 48.65, 1, 1449
6689, 4790, 71.61, 72, 48.65, 1, 1449
6690, 4790, 71.60, 72, 48.65, 1, 1450
6691, 4790, 71.59, 72, 48.65, 1, 1451
6692, 4791, 71.59, 72, 48.65, 1, 1451
6693, 4791, 71.58, 72, 48.65, 1, 1452
6694, 4791, 71.57, 72, 48.65, 1, 1453
6695, 4792, 71.58, 72, 48.65, 1, 1453
6696, 4792, 71.57, 72, 48.65, 1, 1454
6697, 4792, 71.55, 72, 48.65, 1, 1455
6698, 4792, 71.54, 72, 48.65, 1, 1456
6699, 4793, 71.55, 72, 48.65, 1, 1456
6700, 4794, 71.55, 72, 48.65, 1, 1456
6701, 4795, 71.56, 72, 48.65, 1, 1456
6702, 4796, 71.56, 72, 48.65, 1, 1456
6703, 4797, 71.56, 72, 48.65, 1, 1456
6704, 4798, 71.57, 72, 48.65, 1, 1456
6705, 4799, 71.57, 72, 48.65, 1, 1456
6706, 4800, 71.58, 72, 48.65, 1, 1456
6707, 4801, 71.58, 72, 48.65, 1, 1456
6708, 4802, 71.59, 72, 48.65, 1, 1456
6709, 4803, 71.59, 72, 48.65, 1, 1456
6710, 4804, 71.59, 72, 48.65, 1, 1456
6711, 4805, 71.60, 72, 48.65, 1, 1456
6712, 4806, 71.60, 72, 48.65, 1, 1456
6713, 4807, 71.61, 72, 48.65, 1, 1456
6714, 4808, 71.61, 72, 48.65, 1, 1456
6715, 4808, 71.60, 72, 48.65, 1, 1457
6716, 4809, 71.61, 72, 48.65, 1, 1457
6717, 4810, 71.61, 72, 48.65, 1, 1457
6718, 4810, 71.60, 72, 48.65, 1, 1458
6719, 4811, 71.60, 72, 48.65, 1, 1458
6720, 4812, 71.61, 72, 48.65, 1, 1458
6721, 4813, 71.61, 72, 48.65, 1, 1458
6722, 4814, 71.62, 72, 48.65, 1, 1458
6723, 4815, 71.62, 72, 48.65, 1, 1458
6724, 4815, 71.61, 72, 48.65, 1, 1459
6725, 4815, 71.60, 72, 48.65, 1, 1460
6726, 4816, 71.60, 72, 48.65, 1, 1460
6727, 4817, 71.61, 72, 48.65, 1, 1460
6728, 4818, 71.61, 72, 48.65, 1, 1460
6729, 4818, 71.60, 72, 48.65, 1, 1461
6730, 4819, 71.60, 72, 48.65, 1, 1461
6731, 4820, 71.61, 72, 48.65, 1, 1461
6732, 4820, 71.60, 72, 48.65, 1, 1462
6733, 4820, 71.59, 72, 48.65, 1, 1463
6734, 4821, 71.59, 72, 48.65, 1, 1463
6735, 4822, 71.60, 72, 48.65, 1, 1463
6736, 4823, 71.60, 72, 48.65, 1, 1463
6737, 4824, 71.60, 72, 48.65, 1, 1463
6738, 4824, 71.59, 72, 48.65, 1, 1464
6739, 4825, 71.60, 72, 48.65, 1, 1464
6740, 4826, 71.60, 72, 48.65, 1, 1464
6741, 4827, 71.61, 72, 48.65, 1, 1464
6742, 4828, 71.61, 72, 48.65, 1, 1464
6743, 4828, 71.60, 72, 48.65, 1, 1465
6744, 4829, 71.60, 72, 48.65, 1, 1465
6745, 4829, 71.59, 72, 48.65, 1, 1466
6746, 4830, 71.60, 72, 48.65, 1, 1466
6747, 4831, 71.60, 72, 48.65, 1, 1466
6748, 4832, 71.61, 72, 48.65, 1, 1466
6749, 4832, 71.60, 72, 48.65, 1, 1467
6750, 4833, 71.60, 72, 48.65, 1, 1467
6751, 4833, 71.59, 72, 48.65, 1, 1468
6752, 4834, 71.59, 72, 48.65, 1, 1468
6753, 4835, 71.60, 72, 48.65, 1, 1468
6754, 4836, 71.60, 72, 48.65, 1, 1468
6755, 4836, 71.59, 72, 48.65, 1, 1469
6756, 4837, 71.60, 72, 48.65, 1, 1469
6757, 4837, 71.59, 72, 48.65, 1, 1470
6758, 4838, 71.59, 72, 48.65, 1, 1470
6759, 4838, 71.58, 72, 48.65, 1, 1471
6760, 4839, 71.58, 72, 48.65, 1, 1471
6761, 4840, 71.59, 72, 48.65, 1, 1471
6762, 4841, 71.59, 72, 48.65, 1, 1471
6763, 4842, 71.60, 72, 48.65, 1, 1471
6764, 4843, 71.60, 72, 48.65, 1, 1471
6765, 4844, 71.60, 72, 48.65, 1, 1471
6766, 4844, 71.59, 72, 48.65, 1, 1472
6767, 4844, 71.58, 72, 48.65, 1, 1473
6768, 4844, 71.57, 72, 48.65, 1, 1473
6769, 4844, 71.56, 72, 48.65, 1, 1473
6770, 4845, 71.57, 72, 48.65, 1, 1473
6771, 4846, 71.57, 72, 48.65, 1, 1473
6772, 4847, 71.57, 72, 48.65, 1, 1473
6773, 4848, 71.58, 72, 48.65, 1, 1473
6774, 4848, 71.57, 72, 48.65, 1, 1473
6775, 4849, 71.57, 72, 48.65, 1, 1473
6776, 4850, 71.58, 72, 48.65, 1, 1473
6777, 4850, 71.57, 72, 48.65, 1, 1474
6778, 4851, 71.57, 72, 48.65, 1, 1474
6779, 4852, 71.57, 72, 48.65, 1, 1474
6780, 4852, 71.56, 72, 48.65, 1, 1475
6781, 4853, 71.57, 72, 48.65, 1, 1475
6782, 4853, 71.56, 72, 48.65, 1, 1475
6783, 4854, 71.56, 72, 48.65, 1, 1475
6784, 4855, 71.57, 72, 48.65, 1, 1475
6785, 4856, 71.57, 72, 48.65, 1, 1475
6786, 4857, 71.57, 72, 48.65, 1, 1475
6787, 4858, 71.58, 72, 48.65, 1, 1475
6788, 4859, 71.58, 72, 48.65, 1, 1475
6789, 4859, 71.57, 72, 48.65, 1, 1476
6790, 4859, 71.56, 72, 48.65, 1, 1477
6791, 4860, 71.57, 72, 48.65, 1, 1477
6792, 4861, 71.57, 72, 48.65, 1, 1477
6793, 4862, 71.57, 72, 48.65, 1, 1477
6794, 4863, 71.58, 72, 48.65, 1, 1477
6795, 4864, 71.58, 72, 48.65, 1, 1477
6796, 4864, 71.57, 72, 48.65, 1, 1478
6797, 4865, 71.58, 72, 48.65, 1, 1478
6798, 4866, 71.58, 72, 48.65, 1, 1478
6799, 4867, 71.58, 72, 48.65, 1, 1478
6800, 4868, 71.59, 72, 48.65, 1, 1478
6801, 4869, 71.59, 72, 48.65, 1, 1478
6802, 4870, 71.60, 72, 48.65, 1, 1478
6803, 4870, 71.59, 72, 48.65, 1, 1479
6804, 4871, 71.59, 72, 48.65, 1, 1479
6805, 4871, 71.58, 72, 48.65, 1, 1480
6806, 4871, 71.57, 72, 48.65, 1, 1480
6807, 4872, 71.57, 72, 48.65, 1, 1480
6808, 4873, 71.58, 72, 48.65, 1, 1480
6809, 4873, 71.57, 72, 48.65, 1, 1481
6810, 4874, 71.57, 72, 48.65, 1, 1481
6811, 4874, 71.56, 72, 48.65, 1, 1482
6812, 4875, 71.56, 72, 48.65, 1, 1482
6813, 4875, 71.55, 72, 48.65, 1, 1483
6814, 4876, 71.56, 72, 48.65, 1, 1483
6815, 4877, 71.56, 72, 48.65, 1, 1483
6816, 4878, 71.57, 72, 48.65, 1, 1483
6817, 4878, 71.56, 72, 48.65, 1, 1484
6818, 4879, 71.56, 72, 48.65, 1, 1484
6819, 4880, 71.56, 72, 48.65, 1, 1484
6820, 4881, 71.57, 72, 48.65, 1, 1484
6821, 4882, 71.57, 72, 48.65, 1, 1484
6822, 4882, 71.56, 72, 48.65, 1, 1485
6823, 4882, 71.55, 72, 48.65, 1, 1486
6824, 4883, 71.56, 72, 48.65, 1, 1486
6825, 4884, 71.56, 72, 48.65, 1, 1486
6826, 4885, 71.56, 72, 48.65, 1, 1486
6827, 4886, 71.57, 72, 48.65, 1, 1486
6828, 4887, 71.57, 72, 48.65, 1, 1486
6829, 4888, 71.58, 72, 48.65, 1, 1486
6830, 4888, 71.57, 72, 48.65, 1, 1487
6831, 4889, 71.57, 72, 48.65, 1, 1487
6832, 4889, 71.56, 72, 48.65, 1, 1488
6833, 4890, 71.56, 72, 48.65, 1, 1488
6834, 4891, 71.57, 72, 48.65, 1, 1488
6835, 4892, 71.57, 72, 48.65, 1, 1488
6836, 4892, 71.56, 72, 48.65, 1, 1488
6837, 4893, 71.57, 72, 48.65, 1, 1488
6838, 4894, 71.57, 72, 48.65, 1, 1488
6839, 4895, 71.57, 72, 48.65, 1, 1488
6840, 4896, 71.58, 72, 48.65, 1, 1488
6841, 4896, 71.57, 72, 48.65, 1, 1488
6842, 4896, 71.56, 72, 48.65, 1, 1489
6843, 4897, 71.56, 72, 48.65, 1, 1489
6844, 4898, 71.57, 72, 48.65, 1, 1489
6845, 4898, 71.56, 72, 48.65, 1, 1490
6846, 4899, 71.56, 72, 48.65, 1, 1490
6847, 4900, 71.56, 72, 48.65, 1, 1490
6848, 4900, 71.55, 72, 48.65, 1, 1491
6849, 4901, 71.56, 72, 48.65, 1, 1491
6850, 4901, 71.55, 72, 48.65, 1, 1492
6851, 4902, 71.55, 72, 48.65, 1, 1492
6852, 4903, 71.56, 72, 48.65, 1, 1492
6853, 4904, 71.56, 72, 48.65, 1, 1492
6854, 4905, 71.56, 72, 48.65, 1, 1492
6855, 4906, 71.57, 72, 48.65, 1, 1492
6856, 4907, 71.57, 72, 48.65, 1, 1492
6857, 4908, 71.58, 72, 48.65, 1, 1492
6858, 4909, 71.58, 72, 48.65, 1, 1492
6859, 4910, 71.58, 72, 48.65, 1, 1492
6860, 4911, 71.59, 72, 48.65, 1, 1492
6861, 4911, 71.58, 72, 48.65, 1, 1493
6862, 4912, 71.58, 72, 48.65, 1, 1493
6863, 4913, 71.59, 72, 48.65, 1, 1493
6864, 4914, 71.59, 72, 48.65, 1, 1493
6865, 4915, 71.60, 72, 48.65, 1, 1493
6866, 4916, 71.60, 72, 48.65, 1, 1493
6867, 4917, 71.60, 72, 48.65, 1, 1493
6868, 4918, 71.61, 72, 48.65, 1, 1493
6869, 4919, 71.61, 72, 48.65, 1, 1493
6870, 4919, 71.60, 72, 48.65, 1, 1494
6871, 4920, 71.61, 72, 48.65, 1, 1494
6872, 4921, 71.61, 72, 48.65, 1, 1494
6873, 4922, 71.61, 72, 48.65, 1, 1494
6874, 4923, 71.62, 72, 48.65, 1, 1494
6875, 4924, 71.62, 72, 48.65, 1, 1494
6876, 4924, 71.61, 72, 48.65, 1, 1495
6877, 4924, 71.60, 72, 48.65, 1, 1496
6878, 4924, 71.59, 72, 48.65, 1, 1497
6879, 4924, 71.58, 72, 48.65, 1, 1498
6880, 4925, 71.58, 72, 48.65, 1, 1498
6881, 4926, 71.59, 72, 48.65, 1, 1498
6882, 4927, 71.59, 72, 48.65, 1, 1498
6883, 4928, 71.60, 72, 48.65, 1, 1498
6884, 4928, 71.59, 72, 48.65, 1, 1499
6885, 4929, 71.59, 72, 48.65, 1, 1499
6886, 4930, 71.59, 72, 48.65, 1, 1499
6887, 4931, 71.60, 72, 48.65, 1, 1499
6888, 4932, 71.60, 72, 48.65, 1, 1499
6889, 4933, 71.61, 72, 48.65, 1, 1499
6890, 4934, 71.61, 72, 48.65, 1, 1499
6891, 4935, 71.62, 72, 48.65, 1, 1499
6892, 4936, 71.62, 72, 48.65, 1, 1499
6893, 4937, 71.62, 72, 48.65, 1, 1499
6894, 4938, 71.63, 72, 48.65, 1, 1499
6895, 4939, 71.63, 72, 48.65, 1, 1499
6896, 4940, 71.64, 72, 48.65, 1, 1499
6897, 4940, 71.63, 72, 48.65, 1, 1499
6898, 4940, 71.61, 72, 48.65, 1, 1500
6899, 4941, 71.62, 72, 48.65, 1, 1500
6900, 4942, 71.62, 72, 48.65, 1, 1500
6901, 4943, 71.63, 72, 48.65, 1, 1500
6902, 4943, 71.62, 72, 48.65, 1, 1501
6903, 4943, 71.61, 72, 48.65, 1, 1502
6904, 4944, 71.61, 72, 48.65, 1, 1502
6905, 4945, 71.61, 72, 48.65, 1, 1502
6906, 4946, 71.62, 72, 48.65, 1, 1502
6907, 4946, 71.61, 72, 48.65, 1, 1502
6908, 4946, 71.60, 72, 48.65, 1, 1503
6909, 4947, 71.60, 72, 48.65, 1, 1503
6910, 4948, 71.61, 72, 48.65, 1, 1503
6911, 4949, 71.61, 72, 48.65, 1, 1503
6912, 4950, 71.61, 72, 48.65, 1, 1503
6913, 4951, 71.62, 72, 48.65, 1, 1503
6914, 4951, 71.61, 72, 48.65, 1, 1504
6915, 4951, 71.60, 72, 48.65, 1, 1505
6916, 4952, 71.60, 72, 48.65, 1, 1505
6917, 4953, 71.61, 72, 48.65, 1, 1505
6918, 4953, 71.60, 72, 48.65, 1, 1506
6919, 4954, 71.60, 72, 48.65, 1, 1506
6920, 4955, 71.60, 72, 48.65, 1, 1506
6921, 4956, 71.61, 72, 48.65, 1, 1506
6922, 4957, 71.61, 72, 48.65, 1, 1506
6923, 4958, 71.62, 72, 48.65, 1, 1506
6924, 4958, 71.61, 72, 48.65, 1, 1506
6925, 4959, 71.61, 72, 48.65, 1, 1506
6926, 4960, 71.61, 72, 48.65, 1, 1506
6927, 4960, 71.60, 72, 48.65, 1, 1506
6928, 4961, 71.61, 72, 48.65, 1, 1506
6929, 4961, 71.60, 72, 48.65, 1, 1507
6930, 4962, 71.60, 72, 48.65, 1, 1507
6931, 4962, 71.59, 72, 48.65, 1, 1508
6932, 4963, 71.60, 72, 48.65, 1, 1508
6933, 4963, 71.59, 72, 48.65, 1, 1509
6934, 4963, 71.57, 72, 48.65, 1, 1510
6935, 4964, 71.58, 72, 48.65, 1, 1510
6936, 4965, 71.58, 72, 48.65, 1, 1510
6937, 4966, 71.59, 72, 48.65, 1, 1510
6938, 4967, 71.59, 72, 48.65, 1, 1510
6939, 4967, 71.58, 72, 48.65, 1, 1510
6940, 4967, 71.57, 72, 48.65, 1, 1511
6941, 4968, 71.57, 72, 48.65, 1, 1511
6942, 4968, 71.56, 72, 48.65, 1, 1512
6943, 4969, 71.57, 72, 48.65, 1, 1512
6944, 4970, 71.57, 72, 48.65, 1, 1512
6945, 4971, 71.58, 72, 48.65, 1, 1512
6946, 4971, 71.57, 72, 48.65, 1, 1512
6947, 4972, 71.57, 72, 48.65, 1, 1512
6948, 4973, 71.57, 72, 48.65, 1, 1512
6949, 4974, 71.58, 72, 48.65, 1, 1512
6950, 4975, 71.58, 72, 48.65, 1, 1512
6951, 4976, 71.59, 72, 48.65, 1, 1512
6952, 4976, 71.58, 72, 48.65, 1, 1512
6953, 4976, 71.57, 72, 48.65, 1, 1513
6954, 4976, 71.56, 72, 48.65, 1, 1514
6955, 4977, 71.56, 72, 48.65, 1, 1514
6956, 4978, 71.56, 72, 48.65, 1, 1514
6957, 4979, 71.57, 72, 48.65, 1, 1514
6958, 4980, 71.57, 72, 48.65, 1, 1514
6959, 4981, 71.58, 72, 48.65, 1, 1514
6960, 4981, 71.57, 72, 48.65, 1, 1515
6961, 4981, 71.56, 72, 48.65, 1, 1516
6962, 4981, 71.55, 72, 48.65, 1, 1516
6963, 4982, 71.55, 72, 48.65, 1, 1516
6964, 4983, 71.55, 72, 48.65, 1, 1516
6965, 4983, 71.54, 72, 48.65, 1, 1516
6966, 4983, 71.53, 72, 48.65, 1, 1516
6967, 4983, 71.52, 72, 48.65, 1, 1517
6968, 4984, 71.53, 72, 48.65, 1, 1517
6969, 4984, 71.52, 72, 48.65, 1, 1518
6970, 4984, 71.51, 72, 48.65, 1, 1519
6971, 4985, 71.51, 72, 48.65, 1, 1519
6972, 4986, 71.51, 72, 48.65, 1, 1519
6973, 4987, 71.52, 72, 48.65, 1, 1519
6974, 4988, 71.52, 72, 48.65, 1, 1519
6975, 4989, 71.53, 72, 48.65, 1, 1519
6976, 4990, 71.53, 72, 48.65, 1, 1519
6977, 4991, 71.54, 72, 48.65, 1, 1519
6978, 4992, 71.54, 72, 48.65, 1, 1519
6979, 4993, 71.54, 72, 48.65, 1, 1519
6980, 4994, 71.55, 72, 48.65, 1, 1519
6981, 4994, 71.54, 72, 48.65, 1, 1520
6982, 4995, 71.54, 72, 48.65, 1, 1520
6983, 4995, 71.53, 72, 48.65, 1, 1521
6984, 4996, 71.53, 72, 48.65, 1, 1521
6985, 4997, 71.54, 72, 48.65, 1, 1521
6986, 4998, 71.54, 72, 48.65, 1, 1521
6987, 4999, 71.55, 72, 48.65, 1, 1521
6988, 5000, 71.55, 72, 48.65, 1, 1521
6989, 5001, 71.56, 72, 48.65, 1, 1521
6990, 5001, 71.55, 72, 48.65, 1, 1522
6991, 5002, 71.55, 72, 48.65, 1, 1522
6992, 5003, 71.55, 72, 48.65, 1, 1522
6993, 5004, 71.56, 72, 48.65, 1, 1522
6994, 5005, 71.56, 72, 48.65, 1, 1522
6995, 5006, 71.57, 72, 48.65, 1, 1522
6996, 5007, 71.57, 72, 48.65, 1, 1522
6997, 5008, 71.57, 72, 48.65, 1, 1522
6998, 5008, 71.56, 72, 48.65, 1, 1523
6999, 5008, 71.55, 72, 48.65, 1, 1524
7000, 5009, 71.56, 72, 48.65, 1, 1524
7001, 5010, 71.56, 72, 48.65, 1, 1524
7002, 5011, 71.57, 72, 48.65, 1, 1524
7003, 5012, 71.57, 72, 48.65, 1, 1524
7004, 5013, 71.57, 72, 48.65, 1, 1524
7005, 5014, 71.58, 72, 48.65, 1, 1524
7006, 5015, 71.58, 72, 48.65, 1, 1524
7007, 5016, 71.59, 72, 48.65, 1, 1524
7008, 5017, 71.59, 72, 48.65, 1, 1524
7009, 5017, 71.58, 72, 48.65, 1, 1525
7010, 5018, 71.58, 72, 48.65, 1, 1525
7011, 5019, 71.59, 72, 48.65, 1, 1525
7012, 5020, 71.59, 72, 48.65, 1, 1525
7013, 5021, 71.60, 72, 48.65, 1, 1525
7014, 5022, 71.60, 72, 48.65, 1, 1525
7015, 5023, 71.60, 72, 48.65, 1, 1525
7016, 5024, 71.61, 72, 48.65, 1, 1525
7017, 5025, 71.61, 72, 48.65, 1, 1525
7018, 5026, 71.62, 72, 48.65, 1, 1525
7019, 5027, 71.62, 72, 48.65, 1, 1525
7020, 5028, 71.62, 72, 48.65, 1, 1525
7021, 5028, 71.61, 72, 48.65, 1, 1526
7022, 5029, 71.62, 72, 48.65, 1, 1526
7023, 5030, 71.62, 72, 48.65, 1, 1526
7024, 5031, 71.63, 72, 48.65, 1, 1526
7025, 5031, 71.62, 72, 48.65, 1, 1527
7026, 5032, 71.62, 72, 48.65, 1, 1527
7027, 5033, 71.62, 72, 48.65, 1, 1527
7028, 5034, 71.63, 72, 48.65, 1, 1527
7029, 5034, 71.62, 72, 48.65, 1, 1528
7030, 5035, 71.62, 72, 48.65, 1, 1528
7031, 5035, 71.61, 72, 48.65, 1, 1529
7032, 5035, 71.60, 72, 48.65, 1, 1530
7033, 5036, 71.61, 72, 48.65, 1, 1530
7034, 5036, 71.60, 72, 48.65, 1, 1531
7035, 5037, 71.60, 72, 48.65, 1, 1531
7036, 5038, 71.60, 72, 48.65, 1, 1531
7037, 5039, 71.61, 72, 48.65, 1, 1531
7038, 5040, 71.61, 72, 48.65, 1, 1531
7039, 5040, 71.60, 72, 48.65, 1, 1532
7040, 5041, 71.61, 72, 48.65, 1, 1532
7041, 5042, 71.61, 72, 48.65, 1, 1532
7042, 5043, 71.61, 72, 48.65, 1, 1532
7043, 5044, 71.62, 72, 48.65, 1, 1532
7044, 5045, 71.62, 72, 48.65, 1, 1532
7045, 5046, 71.63, 72, 48.65, 1, 1532
7046, 5046, 71.62, 72, 48.65, 1, 1532
7047, 5047, 71.62, 72, 48.65, 1, 1532
7048, 5048, 71.62, 72, 48.65, 1, 1532
7049, 5049, 71.63, 72, 48.65, 1, 1532
7050, 5050, 71.63, 72, 48.65, 1, 1532
7051, 5050, 71.62, 72, 48.65, 1, 1532
7052, 5050, 71.61, 72, 48.65, 1, 1533
7053, 5051, 71.61, 72, 48.65, 1, 1533
7054, 5051, 71.60, 72, 48.65, 1, 1534
7055, 5051, 71.59, 72, 48.65, 1, 1535
7056, 5051, 71.58, 72, 48.65, 1, 1536
7057, 5052, 71.59, 72, 48.65, 1, 1536
7058, 5053, 71.59, 72, 48.65, 1, 1536
7059, 5054, 71.60, 72, 48.65, 1, 1536
7060, 5055, 71.60, 72, 48.65, 1, 1536
7061, 5056, 71.60, 72, 48.65, 1, 1536
7062, 5057, 71.61, 72, 48.65, 1, 1536
7063, 5058, 71.61, 72, 48.65, 1, 1536
7064, 5059, 71.62, 72, 48.65, 1, 1536
7065, 5059, 71.61, 72, 48.65, 1, 1537
7066, 5059, 71.60, 72, 48.65, 1, 1538
7067, 5059, 71.59, 72, 48.65, 1, 1538
7068, 5060, 71.59, 72, 48.65, 1, 1538
7069, 5061, 71.59, 72, 48.65, 1, 1538
7070, 5062, 71.60, 72, 48.65, 1, 1538
7071, 5063, 71.60, 72, 48.65, 1, 1538
7072, 5064, 71.61, 72, 48.65, 1, 1538
7073, 5065, 71.61, 72, 48.65, 1, 1538
7074, 5065, 71.60, 72, 48.65, 1, 1539
7075, 5065, 71.59, 72, 48.65, 1, 1540
7076, 5065, 71.58, 72, 48.65, 1, 1540
7077, 5066, 71.58, 72, 48.65, 1, 1540
7078, 5067, 71.59, 72, 48.65, 1, 1540
7079, 5067, 71.58, 72, 48.65, 1, 1540
7080, 5068, 71.58, 72, 48.65, 1, 1540
7081, 5069, 71.59, 72, 48.65, 1, 1540
7082, 5070, 71.59, 72, 48.65, 1, 1540
7083, 5071, 71.59, 72, 48.65, 1, 1540
7084, 5072, 71.60, 72, 48.65, 1, 1540
7085, 5072, 71.59, 72, 48.65, 1, 1540
7086, 5073, 71.59, 72, 48.65, 1, 1540
7087, 5074, 71.60, 72, 48.65, 1, 1540
7088, 5075, 71.60, 72, 48.65, 1, 1540
7089, 5076, 71.60, 72, 48.65, 1, 1540
7090, 5077, 71.61, 72, 48.65, 1, 1540
7091, 5078, 71.61, 72, 48.65, 1, 1540
7092, 5079, 71.62, 72, 48.65, 1, 1540
7093, 5080, 71.62, 72, 48.65, 1, 1540
7094, 5081, 71.62, 72, 48.65, 1, 1540
7095, 5081, 71.61, 72, 48.65, 1, 1540
7096, 5082, 71.62, 72, 48.65, 1, 1540
7097, 5082, 71.61, 72, 48.65, 1, 1540
7098, 5083, 71.61, 72, 48.65, 1, 1540
7099, 5084, 71.62, 72, 48.65, 1, 1540
7100, 5084, 71.61, 72, 48.65, 1, 1540
7101, 5084, 71.60, 72, 48.65, 1, 1541
7102, 5085, 71.60, 72, 48.65, 1, 1541
7103, 5086, 71.60, 72, 48.65, 1, 1541
7104, 5087, 71.61, 72, 48.65, 1, 1541
7105, 5087, 71.60, 72, 48.65, 1, 1542
7106, 5088, 71.60, 72, 48.65, 1, 1542
7107, 5089, 71.61, 72, 48.65, 1, 1542
7108, 5090, 71.61, 72, 48.65, 1, 1542
7109, 5091, 71.61, 72, 48.65, 1, 1542
7110, 5092, 71.62, 72, 48.65, 1, 1542
7111, 5092, 71.61, 72, 48.65, 1, 1543
7112, 5092, 71.60, 72, 48.65, 1, 1544
7113, 5093, 71.60, 72, 48.65, 1, 1544
7114, 5093, 71.59, 72, 48.65, 1, 1545
7115, 5094, 71.60, 72, 48.65, 1, 1545
7116, 5095, 71.60, 72, 48.65, 1, 1545
7117, 5096, 71.60, 72, 48.65, 1, 1545
7118, 5097, 71.61, 72, 48.65, 1, 1545
7119, 5098, 71.61, 72, 48.65, 1, 1545
7120, 5099, 71.62, 72, 48.65, 1, 1545
7121, 5099, 71.61, 72, 48.65, 1, 1546
7122, 5100, 71.61, 72, 48.65, 1, 1546
7123, 5101, 71.61, 72, 48.65, 1, 1546
7124, 5101, 71.60, 72, 48.65, 1, 1547
7125, 5102, 71.61, 72, 48.65, 1, 1547
7126, 5103, 71.61, 72, 48.65, 1, 1547
7127, 5104, 71.61, 72, 48.65, 1, 1547
7128, 5104, 71.60, 72, 48.65, 1, 1547
7129, 5105, 71.61, 72, 48.65, 1, 1547
7130, 5105, 71.60, 72, 48.65, 1, 1548
7131, 5105, 71.59, 72, 48.65, 1, 1549
7132, 5106, 71.59, 72, 48.65, 1, 1549
7133, 5107, 71.60, 72, 48.65, 1, 1549
7134, 5108, 71.60, 72, 48.65, 1, 1549
7135, 5109, 71.60, 72, 48.65, 1, 1549
7136, 5110, 71.61, 72, 48.65, 1, 1549
7137, 5111, 71.61, 72, 48.65, 1, 1549
7138, 5112, 71.62, 72, 48.65, 1, 1549
7139, 5113, 71.62, 72, 48.65, 1, 1549
7140, 5114, 71.62, 72, 48.65, 1, 1549
7141, 5114, 71.61, 72, 48.65, 1, 1549
7142, 5115, 71.62, 72, 48.65, 1, 1549
7143, 5115, 71.61, 72, 48.65, 1, 1549
7144, 5116, 71.61, 72, 48.65, 1, 1549
7145, 5117, 71.62, 72, 48.65, 1, 1549
7146, 5118, 71.62, 72, 48.65, 1, 1549
7147, 5119, 71.62, 72, 48.65, 1, 1549
7148, 5120, 71.63, 72, 48.65, 1, 1549
7149, 5120, 71.62, 72, 48.65, 1, 1549
7150, 5121, 71.62, 72, 48.65, 1, 1549
7151, 5122, 71.63, 72, 48.65, 1, 1549
7152, 5123, 71.63, 72, 48.65, 1, 1549
7153, 5124, 71.63, 72, 48.65, 1, 1549
7154, 5125, 71.64, 72, 48.65, 1, 1549
7155, 5126, 71.64, 72, 48.65, 1, 1549
7156, 5126, 71.63, 72, 48.65, 1, 1550
7157, 5126, 71.62, 72, 48.65, 1, 1551
7158, 5127, 71.63, 72, 48.65, 1, 1551
7159, 5127, 71.62, 72, 48.65, 1, 1551
7160, 5127, 71.61, 72, 48.65, 1, 1552
7161, 5127, 71.60, 72, 48.65, 1, 1553
7162, 5127, 71.59, 72, 48.65, 1, 1554
7163, 5128, 71.59, 72, 48.65, 1, 1554
7164, 5129, 71.59, 72, 48.65, 1, 1554
7165, 5129, 71.58, 72, 48.65, 1, 1555
7166, 5130, 71.59, 72, 48.65, 1, 1555
7167, 5131, 71.59, 72, 48.65, 1, 1555
7168, 5132, 71.60, 72, 48.65, 1, 1555
7169, 5133, 71.60, 72, 48.65, 1, 1555
7170, 5134, 71.60, 72, 48.65, 1, 1555
7171, 5135, 71.61, 72, 48.65, 1, 1555
7172, 5135, 71.60, 72, 48.65, 1, 1556
7173, 5136, 71.60, 72, 48.65, 1, 1556
7174, 5136, 71.59, 72, 48.65, 1, 1557
7175, 5137, 71.60, 72, 48.65, 1, 1557
7176, 5138, 71.60, 72, 48.65, 1, 1557
7177, 5139, 71.60, 72, 48.65, 1, 1557
7178, 5140, 71.61, 72, 48.65, 1, 1557
7179, 5141, 71.61, 72, 48.65, 1, 1557
7180, 5142, 71.62, 72, 48.65, 1, 1557
7181, 5142, 71.61, 72, 48.65, 1, 1558
7182, 5143, 71.61, 72, 48.65, 1, 1558
7183, 5143, 71.60, 72, 48.65, 1, 1559
7184, 5144, 71.60, 72, 48.65, 1, 1559
7185, 5145, 71.61, 72, 48.65, 1, 1559
7186, 5146, 71.61, 72, 48.65, 1, 1559
7187, 5147, 71.62, 72, 48.65, 1, 1559
7188, 5148, 71.62, 72, 48.65, 1, 1559
7189, 5149, 71.62, 72, 48.65, 1, 1559
7190, 5150, 71.63, 72, 48.65, 1, 1559
7191, 5151, 71.63, 72, 48.65, 1, 1559
7192, 5152, 71.64, 72, 48.65, 1, 1559
7193, 5153, 71.64, 72, 48.65, 1, 1559
7194, 5154, 71.64, 72, 48.65, 1, 1559
7195, 5155, 71.65, 72, 48.65, 1, 1559
7196, 5155, 71.64, 72, 48.65, 1, 1560
7197, 5155, 71.63, 72, 48.65, 1, 1561
7198, 5155, 71.62, 72, 48.65, 1, 1561
7199, 5155, 71.61, 72, 48.65, 1, 1561
7200, 5156, 71.61, 72, 48.65, 1, 1561
7201, 5157, 71.62, 72, 48.65, 1, 1561
7202, 5158, 71.62, 72, 48.65, 1, 1561
7203, 5158, 71.61, 72, 48.65, 1, 1562
7204, 5159, 71.61, 72, 48.65, 1, 1562
7205, 5160, 71.62, 72, 48.65, 1, 1562
7206, 5160, 71.61, 72, 48.65, 1, 1563
7207, 5161, 71.61, 72, 48.65, 1, 1563
7208, 5162, 71.61, 72, 48.65, 1, 1563
7209, 5163, 71.62, 72, 48.65, 1, 1563
7210, 5164, 71.62, 72, 48.65, 1, 1563
7211, 5165, 71.63, 72, 48.65, 1, 1563
7212, 5166, 71.63, 72, 48.65, 1, 1563
7213, 5167, 71.63, 72, 48.65, 1, 1563
7214, 5168, 71.64, 72, 48.65, 1, 1563
7215, 5169, 71.64, 72, 48.65, 1, 1563
7216, 5170, 71.65, 72, 48.65, 1, 1563
7217, 5170, 71.64, 72, 48.65, 1, 1564
7218, 5170, 71.63, 72, 48.65, 1, 1565
7219, 5171, 71.63, 72, 48.65, 1, 1565
7220, 5172, 71.63, 72, 48.65, 1, 1565
7221, 5173, 71.64, 72, 48.65, 1, 1565
7222, 5174, 71.64, 72, 48.65, 1, 1565
7223, 5175, 71.65, 72, 48.65, 1, 1565
7224, 5176, 71.65, 72, 48.65, 1, 1565
7225, 5177, 71.65, 72, 48.65, 1, 1565
7226, 5178, 71.66, 72, 48.65, 1, 1565
7227, 5179, 71.66, 72, 48.65, 1, 1565
7228, 5179, 71.65, 72, 48.65, 1, 1566
7229, 5180, 71.66, 72, 48.65, 1, 1566
7230, 5181, 71.66, 72, 48.65, 1, 1566
7231, 5182, 71.66, 72, 48.65, 1, 1566
7232, 5182, 71.65, 72, 48.65, 1, 1567
7233, 5183, 71.66, 72, 48.65, 1, 1567
7234, 5184, 71.66, 72, 48.65, 1, 1567
7235, 5185, 71.67, 72, 48.65, 1, 1567
7236, 5185, 71.66, 72, 48.65, 1, 1568
7237, 5185, 71.65, 72, 48.65, 1, 1569
7238, 5185, 71.64, 72, 48.65, 1, 1570
7239, 5185, 71.63, 72, 48.65, 1, 1571
7240, 5185, 71.62, 72, 48.65, 1, 1572
7241, 5186, 71.62, 72, 48.65, 1, 1572
7242, 5187, 71.62, 72, 48.65, 1, 1572
7243, 5188, 71.63, 72, 48.65, 1, 1572
7244, 5188, 71.62, 72, 48.65, 1, 1573
7245, 5188, 71.61, 72, 48.65, 1, 1574
7246, 5189, 71.61, 72, 48.65, 1, 1574
7247, 5190, 71.62, 72, 48.65, 1, 1574
7248, 5190, 71.61, 72, 48.65, 1, 1575
7249, 5191, 71.61, 72, 48.65, 1, 1575
7250, 5192, 71.61, 72, 48.65, 1, 1575
7251, 5193, 71.62, 72, 48.65, 1, 1575
7252, 5194, 71.62, 72, 48.65, 1, 1575
7253, 5195, 71.63, 72, 48.65, 1, 1575
7254, 5195, 71.62, 72, 48.65, 1, 1576
7255, 5195, 71.61, 72, 48.65, 1, 1577
7256, 5195, 71.60, 72, 48.65, 1, 1577
7257, 5196, 71.60, 72, 48.65, 1, 1577
7258, 5197, 71.60, 72, 48.65, 1, 1577
7259, 5198, 71.61, 72, 48.65, 1, 1577
7260, 5199, 71.61, 72, 48.65, 1, 1577
7261, 5200, 71.62, 72, 48.65, 1, 1577
7262, 5200, 71.61, 72, 48.65, 1, 1577
7263, 5201, 71.61, 72, 48.65, 1, 1577
7264, 5202, 71.61, 72, 48.65, 1, 1577
7265, 5203, 71.62, 72, 48.65, 1, 1577
7266, 5204, 71.62, 72, 48.65, 1, 1577
7267, 5205, 71.63, 72, 48.65, 1, 1577
7268, 5206, 71.63, 72, 48.65, 1, 1577
7269, 5207, 71.63, 72, 48.65, 1, 1577
7270, 5207, 71.62, 72, 48.65, 1, 1577
7271, 5208, 71.63, 72, 48.65, 1, 1577
7272, 5209, 71.63, 72, 48.65, 1, 1577
7273, 5209, 71.62, 72, 48.65, 1, 1577
7274, 5209, 71.61, 72, 48.65, 1, 1578
7275, 5210, 71.62, 72, 48.65, 1, 1578
7276, 5210, 71.61, 72, 48.65, 1, 1579
7277, 5210, 71.60, 72, 48.65, 1, 1579
7278, 5211, 71.60, 72, 48.65, 1, 1579
7279, 5212, 71.60, 72, 48.65, 1, 1579
7280, 5213, 71.61, 72, 48.65, 1, 1579
7281, 5214, 71.61, 72, 48.65, 1, 1579
7282, 5215, 71.61, 72, 48.65, 1, 1579
7283, 5216, 71.62, 72, 48.65, 1, 1579
7284, 5217, 71.62, 72, 48.65, 1, 1579
7285, 5218, 71.63, 72, 48.65, 1, 1579
7286, 5218, 71.62, 72, 48.65, 1, 1579
7287, 5218, 71.61, 72, 48.65, 1, 1579
7288, 5219, 71.61, 72, 48.65, 1, 1579
7289, 5219, 71.60, 72, 48.65, 1, 1579
7290, 5220, 71.60, 72, 48.65, 1, 1579
7291, 5221, 71.61, 72, 48.65, 1, 1579
7292, 5222, 71.61, 72, 48.65, 1, 1579
7293, 5223, 71.62, 72, 48.65, 1, 1579
7294, 5224, 71.62, 72, 48.65, 1, 1579
7295, 5224, 71.61, 72, 48.65, 1, 1579
7296, 5224, 71.60, 72, 48.65, 1, 1579
7297, 5225, 71.60, 72, 48.65, 1, 1579
7298, 5226, 71.61, 72, 48.65, 1, 1579
7299, 5226, 71.60, 72, 48.65, 1, 1579
7300, 5227, 71.60, 72, 48.65, 1, 1579
7301, 5228, 71.61, 72, 48.65, 1, 1579
7302, 5229, 71.61, 72, 48.65, 1, 1579
7303, 5230, 71.61, 72, 48.65, 1, 1579
7304, 5230, 71.60, 72, 48.65, 1, 1580
7305, 5231, 71.61, 72, 48.65, 1, 1580
7306, 5232, 71.61, 72, 48.65, 1, 1580
7307, 5233, 71.62, 72, 48.65, 1, 1580
7308, 5233, 71.61, 72, 48.65, 1, 1581
7309, 5234, 71.61, 72, 48.65, 1, 1581
7310, 5235, 71.61, 72, 48.65, 1, 1581
7311, 5235, 71.60, 72, 48.65, 1, 1581
7312, 5235, 71.59, 72, 48.65, 1, 1582
7313, 5236, 71.60, 72, 48.65, 1, 1582
7314, 5237, 71.60, 72, 48.65, 1, 1582
7315, 5238, 71.61, 72, 48.65, 1, 1582
7316, 5239, 71.61, 72, 48.65, 1, 1582
7317, 5240, 71.61, 72, 48.65, 1, 1582
7318, 5241, 71.62, 72, 48.65, 1, 1582
7319, 5241, 71.61, 72, 48.65, 1, 1583
7320, 5242, 71.61, 72, 48.65, 1, 1583
7321, 5243, 71.62, 72, 48.65, 1, 1583
7322, 5244, 71.62, 72, 48.65, 1, 1583
7323, 5245, 71.62, 72, 48.65, 1, 1583
7324, 5246, 71.63, 72, 48.65, 1, 1583
7325, 5247, 71.63, 72, 48.65, 1, 1583
7326, 5247, 71.62, 72, 48.65, 1, 1584
7327, 5248, 71.63, 72, 48.65, 1, 1584
7328, 5249, 71.63, 72, 48.65, 1, 1584
7329, 5249, 71.62, 72, 48.65, 1, 1585
7330, 5250, 71.62, 72, 48.65, 1, 1585
7331, 5250, 71.61, 72, 48.65, 1, 1586
7332, 5251, 71.62, 72, 48.65, 1, 1586
7333, 5251, 71.61, 72, 48.65, 1, 1587
7334, 5252, 71.61, 72, 48.65, 1, 1587
7335, 5253, 71.62, 72, 48.65, 1, 1587
7336, 5254, 71.62, 72, 48.65, 1, 1587
7337, 5255, 71.62, 72, 48.65, 1, 1587
7338, 5256, 71.63, 72, 48.65, 1, 1587
7339, 5256, 71.62, 72, 48.65, 1, 1588
7340, 5257, 71.62, 72, 48.65, 1, 1588
7341, 5258, 71.63, 72, 48.65, 1, 1588
7342, 5259, 71.63, 72, 48.65, 1, 1588
7343, 5260, 71.63, 72, 48.65, 1, 1588
7344, 5261, 71.64, 72, 48.65, 1, 1588
7345, 5261, 71.63, 72, 48.65, 1, 1589
7346, 5262, 71.63, 72, 48.65, 1, 1589
7347, 5263, 71.63, 72, 48.65, 1, 1589
7348, 5263, 71.62, 72, 48.65, 1, 1590
7349, 5264, 71.63, 72, 48.65, 1, 1590
7350, 5265, 71.63, 72, 48.65, 1, 1590
7351, 5266, 71.64, 72, 48.65, 1, 1590
7352, 5267, 71.64, 72, 48.65, 1, 1590
7353, 5268, 71.64, 72, 48.65, 1, 1590
7354, 5269, 71.65, 72, 48.65, 1, 1590
7355, 5270, 71.65, 72, 48.65, 1, 1590
7356, 5271, 71.66, 72, 48.65, 1, 1590
7357, 5272, 71.66, 72, 48.65, 1, 1590
7358, 5273, 71.66, 72, 48.65, 1, 1590
7359, 5273, 71.65, 72, 48.65, 1, 1591
7360, 5274, 71.66, 72, 48.65, 1, 1591
7361, 5275, 71.66, 72, 48.65, 1, 1591
7362, 5276, 71.67, 72, 48.65, 1, 1591
7363, 5277, 71.67, 72, 48.65, 1, 1591
7364, 5278, 71.67, 72, 48.65, 1, 1591
7365, 5278, 71.66, 72, 48.65, 1, 1592
7366, 5278, 71.65, 72, 48.65, 1, 1593
7367, 5279, 71.66, 72, 48.65, 1, 1593
7368, 5280, 71.66, 72, 48.65, 1, 1593
7369, 5280, 71.65, 72, 48.65, 1, 1594
7370, 5281, 71.66, 72, 48.65, 1, 1594
7371, 5282, 71.66, 72, 48.65, 1, 1594
7372, 5283, 71.66, 72, 48.65, 1, 1594
7373, 5284, 71.67, 72, 48.65, 1, 1594
7374, 5285, 71.67, 72, 48.65, 1, 1594
7375, 5286, 71.67, 72, 48.65, 1, 1594
7376, 5287, 71.68, 72, 48.65, 1, 1594
7377, 5287, 71.67, 72, 48.65, 1, 1595
7378, 5287, 71.66, 72, 48.65, 1, 1596
7379, 5288, 71.66, 72, 48.65, 1, 1596
7380, 5289, 71.67, 72, 48.65, 1, 1596
7381, 5290, 71.67, 72, 48.65, 1, 1596
7382, 5290, 71.66, 72, 48.65, 1, 1597
7383, 5290, 71.65, 72, 48.65, 1, 1598
7384, 5291, 71.65, 72, 48.65, 1, 1598
7385, 5292, 71.66, 72, 48.65, 1, 1598
7386, 5292, 71.65, 72, 48.65, 1, 1599
7387, 5293, 71.65, 72, 48.65, 1, 1599
7388, 5294, 71.66, 72, 48.65, 1, 1599
7389, 5295, 71.66, 72, 48.65, 1, 1599
7390, 5296, 71.66, 72, 48.65, 1, 1599
7391, 5297, 71.67, 72, 48.65, 1, 1599
7392, 5297, 71.66, 72, 48.65, 1, 1600
7393, 5298, 71.66, 72, 48.65, 1, 1600
7394, 5299, 71.67, 72, 48.65, 1, 1600
7395, 5300, 71.67, 72, 48.65, 1, 1600
7396, 5300, 71.66, 72, 48.65, 1, 1601
7397, 5300, 71.65, 72, 48.65, 1, 1601
7398, 5301, 71.65, 72, 48.65, 1, 1601
7399, 5302, 71.66, 72, 48.65, 1, 1601
7400, 5303, 71.66, 72, 48.65, 1, 1601
7401, 5304, 71.67, 72, 48.65, 1, 1601
7402, 5304, 71.66, 72, 48.65, 1, 1602
7403, 5304, 71.65, 72, 48.65, 1, 1603
7404, 5304, 71.64, 72, 48.65, 1, 1604
7405, 5305, 71.64, 72, 48.65, 1, 1604
7406, 5306, 71.64, 72, 48.65, 1, 1604
7407, 5306, 71.63, 72, 48.65, 1, 1605
7408, 5306, 71.63, 72, 48.65, 1, 1605
7409, 5306, 71.62, 72, 48.65, 1, 1605
7410, 5306, 71.61, 72, 48.65, 1, 1606
7411, 5307, 71.61, 72, 48.65, 1, 1606
7412, 5308, 71.61, 72, 48.65, 1, 1606
7413, 5309, 71.62, 72, 48.65, 1, 1606
7414, 5310, 71.62, 72, 48.65, 1, 1606
7415, 5311, 71.63, 72, 48.65, 1, 1606
7416, 5311, 71.62, 72, 48.65, 1, 1607
7417, 5311, 71.61, 72, 48.65, 1, 1608
7418, 5312, 71.61, 72, 48.65, 1, 1608
7419, 5313, 71.61, 72, 48.65, 1, 1608
7420, 5314, 71.62, 72, 48.65, 1, 1608
7421, 5315, 71.62, 72, 48.65, 1, 1608
7422, 5316, 71.62, 72, 48.65, 1, 1608
7423, 5317, 71.63, 72, 48.65, 1, 1608
7424, 5318, 71.63, 72, 48.65, 1, 1608
7425, 5319, 71.64, 72, 48.65, 1, 1608
7426, 5320, 71.64, 72, 48.65, 1, 1608
7427, 5321, 71.64, 72, 48.65, 1, 1608
7428, 5321, 71.63, 72, 48.65, 1, 1608
7429, 5321, 71.62, 72, 48.65, 1, 1609
7430, 5322, 71.63, 72, 48.65, 1, 1609
7431, 5323, 71.63, 72, 48.65, 1, 1609
7432, 5324, 71.64, 72, 48.65, 1, 1609
7433, 5324, 71.63, 72, 48.65, 1, 1610
7434, 5325, 71.63, 72, 48.65, 1, 1610
7435, 5326, 71.63, 72, 48.65, 1, 1610
7436, 5327, 71.64, 72, 48.65, 1, 1610
7437, 5328, 71.64, 72, 48.65, 1, 1610
7438, 5329, 71.65, 72, 48.65, 1, 1610
7439, 5329, 71.64, 72, 48.65, 1, 1611
7440, 5329, 71.63, 72, 48.65, 1, 1612
7441, 5329, 71.62, 72, 48.65, 1, 1613
7442, 5330, 71.62, 72, 48.65, 1, 1613
7443, 5331, 71.62, 72, 48.65, 1, 1613
7444, 5332, 71.63, 72, 48.65, 1, 1613
7445, 5333, 71.63, 72, 48.65, 1, 1613
7446, 5333, 71.62, 72, 48.65, 1, 1614
7447, 5334, 71.63, 72, 48.65, 1, 1614
7448, 5334, 71.62, 72, 48.65, 1, 1615
7449, 5334, 71.61, 72, 48.65, 1, 1615
7450, 5335, 71.61, 72, 48.65, 1, 1615
7451, 5336, 71.61, 72, 48.65, 1, 1615
7452, 5337, 71.62, 72, 48.65, 1, 1615
7453, 5338, 71.62, 72, 48.65, 1, 1615
7454, 5339, 71.63, 72, 48.65, 1, 1615
7455, 5339, 71.62, 72, 48.65, 1, 1615
7456, 5340, 71.62, 72, 48.65, 1, 1615
7457, 5340, 71.61, 72, 48.65, 1, 1616
7458, 5341, 71.61, 72, 48.65, 1, 1616
7459, 5341, 71.60, 72, 48.65, 1, 1617
7460, 5342, 71.61, 72, 48.65, 1, 1617
7461, 5343, 71.61, 72, 48.65, 1, 1617
7462, 5344, 71.62, 72, 48.65, 1, 1617
7463, 5345, 71.62, 72, 48.65, 1, 1617
7464, 5345, 71.61, 72, 48.65, 1, 1618
7465, 5346, 71.61, 72, 48.65, 1, 1618
7466, 5347, 71.62, 72, 48.65, 1, 1618
7467, 5348, 71.62, 72, 48.65, 1, 1618
7468, 5349, 71.63, 72, 48.65, 1, 1618
7469, 5350, 71.63, 72, 48.65, 1, 1618
7470, 5351, 71.63, 72, 48.65, 1, 1618
7471, 5352, 71.64, 72, 48.65, 1, 1618
7472, 5352, 71.63, 72, 48.65, 1, 1619
7473, 5352, 71.62, 72, 48.65, 1, 1620
7474, 5353, 71.62, 72, 48.65, 1, 1620
7475, 5354, 71.63, 72, 48.65, 1, 1620
7476, 5354, 71.62, 72, 48.65, 1, 1621
7477, 5355, 71.62, 72, 48.65, 1, 1621
7478, 5356, 71.62, 72, 48.65, 1, 1621
7479, 5357, 71.63, 72, 48.65, 1, 1621
7480, 5358, 71.63, 72, 48.65, 1, 1621
7481, 5358, 71.62, 72, 48.65, 1, 1621
7482, 5358, 71.61, 72, 48.65, 1, 1621
7483, 5358, 71.60, 72, 48.65, 1, 1622
7484, 5358, 71.59, 72, 48.65, 1, 1623
7485, 5359, 71.60, 72, 48.65, 1, 1623
7486, 5359, 71.59, 72, 48.65, 1, 1624
7487, 5359, 71.58, 72, 48.65, 1, 1625
7488, 5359, 71.57, 72, 48.65, 1, 1626
7489, 5360, 71.57, 72, 48.65, 1, 1626
7490, 5361, 71.58, 72, 48.65, 1, 1626
7491, 5361, 71.57, 72, 48.65, 1, 1627
7492, 5362, 71.57, 72, 48.65, 1, 1627
7493, 5363, 71.57, 72, 48.65, 1, 1627
7494, 5363, 71.56, 72, 48.65, 1, 1628
7495, 5364, 71.57, 72, 48.65, 1, 1628
7496, 5365, 71.57, 72, 48.65, 1, 1628
7497, 5365, 71.56, 72, 48.65, 1, 1628
7498, 5366, 71.57, 72, 48.65, 1, 1628
7499, 5366, 71.56, 72, 48.65, 1, 1628
7500, 5367, 71.56, 72, 48.65, 1, 1628
7501, 5368, 71.56, 72, 48.65, 1, 1628
7502, 5369, 71.57, 72, 48.65, 1, 1628
7503, 5369, 71.56, 72, 48.65, 1, 1629
7504, 5369, 71.55, 72, 48.65, 1, 1630
7505, 5370, 71.55, 72, 48.65, 1, 1630
7506, 5371, 71.56, 72, 48.65, 1, 1630
7507, 5371, 71.55, 72, 48.65, 1, 1630
7508, 5372, 71.55, 72, 48.65, 1, 1630
7509, 5373, 71.55, 72, 48.65, 1, 1630
7510, 5373, 71.54, 72, 48.65, 1, 1631
7511, 5374, 71.55, 72, 48.65, 1, 1631
7512, 5375, 71.55, 72, 48.65, 1, 1631
7513, 5376, 71.56, 72, 48.65, 1, 1631
7514, 5377, 71.56, 72, 48.65, 1, 1631
7515, 5378, 71.56, 72, 48.65, 1, 1631
7516, 5379, 71.57, 72, 48.65, 1, 1631
7517, 5380, 71.57, 72, 48.65, 1, 1631
7518, 5381, 71.57, 72, 48.65, 1, 1631
7519, 5381, 71.57, 72, 48.65, 1, 1632
7520, 5382, 71.57, 72, 48.65, 1, 1632
7521, 5383, 71.57, 72, 48.65, 1, 1632
7522, 5383, 71.56, 72, 48.65, 1, 1633
7523, 5384, 71.57, 72, 48.65, 1, 1633
7524, 5384, 71.56, 72, 48.65, 1, 1634
7525, 5385, 71.56, 72, 48.65, 1, 1634
7526, 5386, 71.57, 72, 48.65, 1, 1634
7527, 5387, 71.57, 72, 48.65, 1, 1634
7528, 5388, 71.57, 72, 48.65, 1, 1634
7529, 5389, 71.58, 72, 48.65, 1, 1634
7530, 5390, 71.58, 72, 48.65, 1, 1634
7531, 5391, 71.58, 72, 48.65, 1, 1634
7532, 5392, 71.59, 72, 48.65, 1, 1634
7533, 5392, 71.58, 72, 48.65, 1, 1635
7534, 5392, 71.57, 72, 48.65, 1, 1636
7535, 5393, 71.57, 72, 48.65, 1, 1636
7536, 5394, 71.58, 72, 48.65, 1, 1636
7537, 5395, 71.58, 72, 48.65, 1, 1636
7538, 5396, 71.58, 72, 48.65, 1, 1636
7539, 5397, 71.59, 72, 48.65, 1, 1636
7540, 5397, 71.58, 72, 48.65, 1, 1637
7541, 5398, 71.58, 72, 48.65, 1, 1637
7542, 5399, 71.59, 72, 48.65, 1, 1637
7543, 5400, 71.59, 72, 48.65, 1, 1637
7544, 5401, 71.59, 72, 48.65, 1, 1637
7545, 5401, 71.58, 72, 48.65, 1, 1637
7546, 5402, 71.59, 72, 48.65, 1, 1637
7547, 5403, 71.59, 72, 48.65, 1, 1637
7548, 5403, 71.58, 72, 48.65, 1, 1637
7549, 5403, 71.57, 72, 48.65, 1, 1637
7550, 5404, 71.58, 72, 48.65, 1, 1637
7551, 5405, 71.58, 72, 48.65, 1, 1637
7552, 5405, 71.57, 72, 48.65, 1, 1638
7553, 5406, 71.57, 72, 48.65, 1, 1638
7554, 5407, 71.58, 72, 48.65, 1, 1638
7555, 5407, 71.57, 72, 48.65, 1, 1639
7556, 5408, 71.57, 72, 48.65, 1, 1639
7557, 5409, 71.58, 72, 48.65, 1, 1639
7558, 5410, 71.58, 72, 48.65, 1, 1639
7559, 5411, 71.58, 72, 48.65, 1, 1639
7560, 5412, 71.59, 72, 48.65, 1, 1639
7561, 5412, 71.58, 72, 48.65, 1, 1639
7562, 5413, 71.58, 72, 48.65, 1, 1639
7563, 5413, 71.57, 72, 48.65, 1, 1639
7564, 5414, 71.58, 72, 48.65, 1, 1639
7565, 5415, 71.58, 72, 48.65, 1, 1639
7566, 5416, 71.58, 72, 48.65, 1, 1639
7567, 5417, 71.59, 72, 48.65, 1, 1639
7568, 5418, 71.59, 72, 48.65, 1, 1639
7569, 5419, 71.59, 72, 48.65, 1, 1639
7570, 5420, 71.60, 72, 48.65, 1, 1639
7571, 5421, 71.60, 72, 48.65, 1, 1639
7572, 5421, 71.59, 72, 48.65, 1, 1639
7573, 5422, 71.60, 72, 48.65, 1, 1639
7574, 5423, 71.60, 72, 48.65, 1, 1639
7575, 5424, 71.60, 72, 48.65, 1, 1639
7576, 5425, 71.61, 72, 48.65, 1, 1639
7577, 5425, 71.60, 72, 48.65, 1, 1639
7578, 5426, 71.60, 72, 48.65, 1, 1639
7579, 5427, 71.61, 72, 48.65, 1, 1639
7580, 5428, 71.61, 72, 48.65, 1, 1639
7581, 5428, 71.60, 72, 48.65, 1, 1640
7582, 5428, 71.59, 72, 48.65, 1, 1641
7583, 5429, 71.59, 72, 48.65, 1, 1641
7584, 5430, 71.60, 72, 48.65, 1, 1641
7585, 5431, 71.60, 72, 48.65, 1, 1641
7586, 5431, 71.59, 72, 48.65, 1, 1642
7587, 5432, 71.60, 72, 48.65, 1, 1642
7588, 5433, 71.60, 72, 48.65, 1, 1642
7589, 5433, 71.59, 72, 48.65, 1, 1643
7590, 5433, 71.58, 72, 48.65, 1, 1644
7591, 5434, 71.58, 72, 48.65, 1, 1644
7592, 5435, 71.59, 72, 48.65, 1, 1644
7593, 5436, 71.59, 72, 48.65, 1, 1644
7594, 5437, 71.60, 72, 48.65, 1, 1644
7595, 5438, 71.60, 72, 48.65, 1, 1644
7596, 5439, 71.60, 72, 48.65, 1, 1644
7597, 5440, 71.61, 72, 48.65, 1, 1644
7598, 5441, 71.61, 72, 48.65, 1, 1644
7599, 5441, 71.60, 72, 48.65, 1, 1645
7600, 5442, 71.61, 72, 48.65, 1, 1645
7601, 5442, 71.60, 72, 48.65, 1, 1646
7602, 5443, 71.60, 72, 48.65, 1, 1646
7603, 5444, 71.60, 72, 48.65, 1, 1646
7604, 5444, 71.59, 72, 48.65, 1, 1646
7605, 5445, 71.60, 72, 48.65, 1, 1646
7606, 5446, 71.60, 72, 48.65, 1, 1646
7607, 5447, 71.61, 72, 48.65, 1, 1646
7608, 5448, 71.61, 72, 48.65, 1, 1646
7609, 5449, 71.61, 72, 48.65, 1, 1646
7610, 5450, 71.62, 72, 48.65, 1, 1646
7611, 5451, 71.62, 72, 48.65, 1, 1646
7612, 5452, 71.62, 72, 48.65, 1, 1646
7613, 5453, 71.63, 72, 48.65, 1, 1646
7614, 5453, 71.62, 72, 48.65, 1, 1646
7615, 5453, 71.61, 72, 48.65, 1, 1647
7616, 5454, 71.61, 72, 48.65, 1, 1647
7617, 5455, 71.62, 72, 48.65, 1, 1647
7618, 5456, 71.62, 72, 48.65, 1, 1647
7619, 5456, 71.61, 72, 48.65, 1, 1648
7620, 5457, 71.61, 72, 48.65, 1, 1648
7621, 5457, 71.60, 72, 48.65, 1, 1649
7622, 5458, 71.61, 72, 48.65, 1, 1649
7623, 5458, 71.60, 72, 48.65, 1, 1650
7624, 5459, 71.60, 72, 48.65, 1, 1650
7625, 5459, 71.59, 72, 48.65, 1, 1651
7626, 5460, 71.60, 72, 48.65, 1, 1651
7627, 5461, 71.60, 72, 48.65, 1, 1651
7628, 5462, 71.60, 72, 48.65, 1, 1651
7629, 5462, 71.60, 72, 48.65, 1, 1652
7630, 5463, 71.60, 72, 48.65, 1, 1652
7631, 5464, 71.60, 72, 48.65, 1, 1652
7632, 5464, 71.59, 72, 48.65, 1, 1653
7633, 5465, 71.60, 72, 48.65, 1, 1653
7634, 5466, 71.60, 72, 48.65, 1, 1653
7635, 5467, 71.60, 72, 48.65, 1, 1653
7636, 5468, 71.61, 72, 48.65, 1, 1653
7637, 5469, 71.61, 72, 48.65, 1, 1653
7638, 5470, 71.62, 72, 48.65, 1, 1653
7639, 5471, 71.62, 72, 48.65, 1, 1653
7640, 5472, 71.62, 72, 48.65, 1, 1653
7641, 5473, 71.63, 72, 48.65, 1, 1653
7642, 5474, 71.63, 72, 48.65, 1, 1653
7643, 5475, 71.63, 72, 48.65, 1, 1653
7644, 5476, 71.64, 72, 48.65, 1, 1653
7645, 5477, 71.64, 72, 48.65, 1, 1653
7646, 5478, 71.65, 72, 48.65, 1, 1653
7647, 5478, 71.64, 72, 48.65, 1, 1653
7648, 5479, 71.64, 72, 48.65, 1, 1653
7649, 5480, 71.64, 72, 48.65, 1, 1653
7650, 5481, 71.65, 72, 48.65, 1, 1653
7651, 5482, 71.65, 72, 48.65, 1, 1653
7652, 5483, 71.65, 72, 48.65, 1, 1653
7653, 5483, 71.65, 72, 48.65, 1, 1653
7654, 5484, 71.65, 72, 48.65, 1, 1653
7655, 5484, 71.64, 72, 48.65, 1, 1654
7656, 5484, 71.63, 72, 48.65, 1, 1655
7657, 5485, 71.63, 72, 48.65, 1, 1655
7658, 5486, 71.64, 72, 48.65, 1, 1655
7659, 5487, 71.64, 72, 48.65, 1, 1655
7660, 5488, 71.64, 72, 48.65, 1, 1655
7661, 5489, 71.65, 72, 48.65, 1, 1655
7662, 5490, 71.65, 72, 48.65, 1, 1655
7663, 5491, 71.66, 72, 48.65, 1, 1655
7664, 5491, 71.65, 72, 48.65, 1, 1655
7665, 5492, 71.65, 72, 48.65, 1, 1655
7666, 5492, 71.64, 72, 48.65, 1, 1655
7667, 5493, 71.64, 72, 48.65, 1, 1655
7668, 5493, 71.64, 72, 48.65, 1, 1656
7669, 5494, 71.64, 72, 48.65, 1, 1656
7670, 5495, 71.64, 72, 48.65, 1, 1656
7671, 5496, 71.65, 72, 48.65, 1, 1656
7672, 5497, 71.65, 72, 48.65, 1, 1656
7673, 5498, 71.65, 72, 48.65, 1, 1656
7674, 5498, 71.64, 72, 48.65, 1, 1657
7675, 5499, 71.65, 72, 48.65, 1, 1657
7676, 5500, 71.65, 72, 48.65, 1, 1657
7677, 5501, 71.66, 72, 48.65, 1, 1657
7678, 5502, 71.66, 72, 48.65, 1, 1657
7679, 5503, 71.66, 72, 48.65, 1, 1657
7680, 5504, 71.67, 72, 48.65, 1, 1657
7681, 5505, 71.67, 72, 48.65, 1, 1657
7682, 5506, 71.67, 72, 48.65, 1, 1657
7683, 5507, 71.68, 72, 48.65, 1, 1657
7684, 5507, 71.67, 72, 48.65, 1, 1658
7685, 5508, 71.67, 72, 48.65, 1, 1658
7686, 5509, 71.68, 72, 48.65, 1, 1658
7687, 5510, 71.68, 72, 48.65, 1, 1658
7688, 5510, 71.67, 72, 48.65, 1, 1659
7689, 5511, 71.67, 72, 48.65, 1, 1659
7690, 5512, 71.68, 72, 48.65, 1, 1659
7691, 5513, 71.68, 72, 48.65, 1, 1659
7692, 5514, 71.68, 72, 48.65, 1, 1659
7693, 5515, 71.69, 72, 48.65, 1, 1659
7694, 5516, 71.69, 72, 48.65, 1, 1659
7695, 5517, 71.70, 72, 48.65, 1, 1659
7696, 5518, 71.70, 72, 48.65, 1, 1659
7697, 5518, 71.69, 72, 48.65, 1, 1660
7698, 5518, 71.68, 72, 48.65, 1, 1661
7699, 5518, 71.67, 72, 48.65, 1, 1662
7700, 5519, 71.68, 72, 48.65, 1, 1662
7701, 5519, 71.67, 72, 48.65, 1, 1662
7702, 5520, 71.67, 72, 48.65, 1, 1662
7703, 5521, 71.67, 72, 48.65, 1, 1662
7704, 5522, 71.68, 72, 48.65, 1, 1662
7705, 5523, 71.68, 72, 48.65, 1, 1662
7706, 5523, 71.67, 72, 48.65, 1, 1662
7707, 5523, 71.66, 72, 48.65, 1, 1663
7708, 5524, 71.67, 72, 48.65, 1, 1663
7709, 5525, 71.67, 72, 48.65, 1, 1663
7710, 5526, 71.67, 72, 48.65, 1, 1663
7711, 5527, 71.68, 72, 48.65, 1, 1663
7712, 5528, 71.68, 72, 48.65, 1, 1663
7713, 5529, 71.68, 72, 48.65, 1, 1663
7714, 5530, 71.69, 72, 48.65, 1, 1663
7715, 5531, 71.69, 72, 48.65, 1, 1663
7716, 5531, 71.68, 72, 48.65, 1, 1664
7717, 5531, 71.67, 72, 48.65, 1, 1665
7718, 5532, 71.68, 72, 48.65, 1, 1665
7719, 5533, 71.68, 72, 48.65, 1, 1665
7720, 5534, 71.68, 72, 48.65, 1, 1665
7721, 5535, 71.69, 72, 48.65, 1, 1665
7722, 5535, 71.68, 72, 48.65, 1, 1665
7723, 5536, 71.68, 72, 48.65, 1, 1665
7724, 5536, 71.67, 72, 48.65, 1, 1665
7725, 5537, 71.68, 72, 48.65, 1, 1665
7726, 5537, 71.67, 72, 48.65, 1, 1666
7727, 5538, 71.67, 72, 48.65, 1, 1666
7728, 5538, 71.66, 72, 48.65, 1, 1667
7729, 5538, 71.65, 72, 48.65, 1, 1668
7730, 5539, 71.66, 72, 48.65, 1, 1668
7731, 5540, 71.66, 72, 48.65, 1, 1668
7732, 5541, 71.66, 72, 48.65, 1, 1668
7733, 5542, 71.67, 72, 48.65, 1, 1668
7734, 5543, 71.67, 72, 48.65, 1, 1668
7735, 5544, 71.67, 72, 48.65, 1, 1668
7736, 5545, 71.68, 72, 48.65, 1, 1668
7737, 5546, 71.68, 72, 48.65, 1, 1668
7738, 5547, 71.69, 72, 48.65, 1, 1668
7739, 5547, 71.68, 72, 48.65, 1, 1669
7740, 5548, 71.68, 72, 48.65, 1, 1669
7741, 5549, 71.68, 72, 48.65, 1, 1669
7742, 5549, 71.67, 72, 48.65, 1, 1670
7743, 5549, 71.66, 72, 48.65, 1, 1671
7744, 5549, 71.66, 72, 48.65, 1, 1672
7745, 5550, 71.66, 72, 48.65, 1, 1672
7746, 5550, 71.65, 72, 48.65, 1, 1673
7747, 5551, 71.65, 72, 48.65, 1, 1673
7748, 5551, 71.64, 72, 48.65, 1, 1673
7749, 5552, 71.65, 72, 48.65, 1, 1673
7750, 5553, 71.65, 72, 48.65, 1, 1673
7751, 5554, 71.66, 72, 48.65, 1, 1673
7752, 5555, 71.66, 72, 48.65, 1, 1673
7753, 5556, 71.66, 72, 48.65, 1, 1673
7754, 5557, 71.67, 72, 48.65, 1, 1673
7755, 5558, 71.67, 72, 48.65, 1, 1673
7756, 5559, 71.67, 72, 48.65, 1, 1673
7757, 5560, 71.68, 72, 48.65, 1, 1673
7758, 5561, 71.68, 72, 48.65, 1, 1673
7759, 5562, 71.68, 72, 48.65, 1, 1673
7760, 5563, 71.69, 72, 48.65, 1, 1673
7761, 5564, 71.69, 72, 48.65, 1, 1673
7762, 5564, 71.68, 72, 48.65, 1, 1674
7763, 5565, 71.69, 72, 48.65, 1, 1674
7764, 5566, 71.69, 72, 48.65, 1, 1674
7765, 5566, 71.68, 72, 48.65, 1, 1675
7766, 5567, 71.68, 72, 48.65, 1, 1675
7767, 5568, 71.69, 72, 48.65, 1, 1675
7768, 5569, 71.69, 72, 48.65, 1, 1675
7769, 5569, 71.68, 72, 48.65, 1, 1676
7770, 5570, 71.69, 72, 48.65, 1, 1676
7771, 5571, 71.69, 72, 48.65, 1, 1676
7772, 5571, 71.68, 72, 48.65, 1, 1677
7773, 5571, 71.67, 72, 48.65, 1, 1678
7774, 5571, 71.66, 72, 48.65, 1, 1679
7775, 5571, 71.65, 72, 48.65, 1, 1679
7776, 5571, 71.64, 72, 48.65, 1, 1680
7777, 5572, 71.65, 72, 48.65, 1, 1680
7778, 5572, 71.64, 72, 48.65, 1, 1681
7779, 5572, 71.63, 72, 48.65, 1, 1682
7780, 5573, 71.63, 72, 48.65, 1, 1682
7781, 5573, 71.62, 72, 48.65, 1, 1682
7782, 5574, 71.63, 72, 48.65, 1, 1682
7783, 5575, 71.63, 72, 48.65, 1, 1682
7784, 5576, 71.63, 72, 48.65, 1, 1682
7785, 5577, 71.64, 72, 48.65, 1, 1682
7786, 5578, 71.64, 72, 48.65, 1, 1682
7787, 5579, 71.65, 72, 48.65, 1, 1682
7788, 5580, 71.65, 72, 48.65, 1, 1682
7789, 5581, 71.65, 72, 48.65, 1, 1682
7790, 5582, 71.66, 72, 48.65, 1, 1682
7791, 5583, 71.66, 72, 48.65, 1, 1682
7792, 5584, 71.66, 72, 48.65, 1, 1682
7793, 5585, 71.67, 72, 48.65, 1, 1682
7794, 5586, 71.67, 72, 48.65, 1, 1682
7795, 5587, 71.67, 72, 48.65, 1, 1682
7796, 5587, 71.66, 72, 48.65, 1, 1683
7797, 5588, 71.67, 72, 48.65, 1, 1683
7798, 5589, 71.67, 72, 48.65, 1, 1683
7799, 5590, 71.68, 72, 48.65, 1, 1683
7800, 5591, 71.68, 72, 48.65, 1, 1683
7801, 5592, 71.68, 72, 48.65, 1, 1683
7802, 5593, 71.69, 72, 48.65, 1, 1683
7803, 5594, 71.69, 72, 48.65, 1, 1683
7804, 5595, 71.69, 72, 48.65, 1, 1683
7805, 5595, 71.68, 72, 48.65, 1, 1684
7806, 5596, 71.69, 72, 48.65, 1, 1684
7807, 5597, 71.69, 72, 48.65, 1, 1684
7808, 5598, 71.70, 72, 48.65, 1, 1684
7809, 5598, 71.69, 72, 48.65, 1, 1685
7810, 5599, 71.69, 72, 48.65, 1, 1685
7811, 5600, 71.69, 72, 48.65, 1, 1685
7812, 5601, 71.70, 72, 48.65, 1, 1685
7813, 5602, 71.70, 72, 48.65, 1, 1685
7814, 5603, 71.70, 72, 48.65, 1, 1685
7815, 5604, 71.71, 72, 48.65, 1, 1685
7816, 5604, 71.70, 72, 48.65, 1, 1686
7817, 5604, 71.69, 72, 48.65, 1, 1687
7818, 5605, 71.69, 72, 48.65, 1, 1687
7819, 5605, 71.68, 72, 48.65, 1, 1688
7820, 5606, 71.69, 72, 48.65, 1, 1688
7821, 5606, 71.68, 72, 48.65, 1, 1689
7822, 5607, 71.68, 72, 48.65, 1, 1689
7823, 5608, 71.69, 72, 48.65, 1, 1689
7824, 5609, 71.69, 72, 48.65, 1, 1689
7825, 5609, 71.68, 72, 48.65, 1, 1690
7826, 5610, 71.68, 72, 48.65, 1, 1690
7827, 5611, 71.69, 72, 48.65, 1, 1690
7828, 5612, 71.69, 72, 48.65, 1, 1690
7829, 5613, 71.69, 72, 48.65, 1, 1690
7830, 5614, 71.70, 72, 48.65, 1, 1690
7831, 5615, 71.70, 72, 48.65, 1, 1690
7832, 5615, 71.69, 72, 48.65, 1, 1691
7833, 5615, 71.68, 72, 48.65, 1, 1692
7834, 5616, 71.69, 72, 48.65, 1, 1692
7835, 5617, 71.69, 72, 48.65, 1, 1692
7836, 5618, 71.69, 72, 48.65, 1, 1692
7837, 5619, 71.70, 72, 48.65, 1, 1692
7838, 5620, 71.70, 72, 48.65, 1, 1692
7839, 5621, 71.71, 72, 48.65, 1, 1692
7840, 5622, 71.71, 72, 48.65, 1, 1692
7841, 5622, 71.70, 72, 48.65, 1, 1693
7842, 5622, 71.69, 72, 48.65, 1, 1694
7843, 5623, 71.69, 72, 48.65, 1, 1694
7844, 5624, 71.70, 72, 48.65, 1, 1694
7845, 5625, 71.70, 72, 48.65, 1, 1694
7846, 5626, 71.71, 72, 48.65, 1, 1694
7847, 5627, 71.71, 72, 48.65, 1, 1694
7848, 5628, 71.71, 72, 48.65, 1, 1694
7849, 5629, 71.72, 72, 48.65, 1, 1694
7850, 5630, 71.72, 72, 48.65, 1, 1694
7851, 5630, 71.71, 72, 48.65, 1, 1695
7852, 5631, 71.71, 72, 48.65, 1, 1695
7853, 5632, 71.72, 72, 48.65, 1, 1695
7854, 5632, 71.71, 72, 48.65, 1, 1696
7855, 5632, 71.70, 72, 48.65, 1, 1697
7856, 5633, 71.70, 72, 48.65, 1, 1697
7857, 5634, 71.71, 72, 48.65, 1, 1697
7858, 5635, 71.71, 72, 48.65, 1, 1697
7859, 5636, 71.71, 72, 48.65, 1, 1697
7860, 5637, 71.72, 72, 48.65, 1, 1697
7861, 5637, 71.71, 72, 48.65, 1, 1698
7862, 5638, 71.71, 72, 48.65, 1, 1698
7863, 5639, 71.72, 72, 48.65, 1, 1698
7864, 5640, 71.72, 72, 48.65, 1, 1698
7865, 5640, 71.71, 72, 48.65, 1, 1699
7866, 5641, 71.71, 72, 48.65, 1, 1699
7867, 5642, 71.72, 72, 48.65, 1, 1699
7868, 5643, 71.72, 72, 48.65, 1, 1699
7869, 5644, 71.72, 72, 48.65, 1, 1699
7870, 5645, 71.73, 72, 48.65, 1, 1699
7871, 5645, 71.72, 72, 48.65, 1, 1700
7872, 5646, 71.72, 72, 48.65, 1, 1700
7873, 5646, 71.71, 72, 48.65, 1, 1701
7874, 5647, 71.72, 72, 48.65, 1, 1701
7875, 5647, 71.71, 72, 48.65, 1, 1702
7876, 5648, 71.71, 72, 48.65, 1, 1702
7877, 5649, 71.72, 72, 48.65, 1, 1702
7878, 5649, 71.71, 72, 48.65, 1, 1702
7879, 5649, 71.70, 72, 48.65, 1, 1703
7880, 5650, 71.70, 72, 48.65, 1, 1703
7881, 5651, 71.70, 72, 48.65, 1, 1703
7882, 5652, 71.71, 72, 48.65, 1, 1703
7883, 5652, 71.70, 72, 48.65, 1, 1704
7884, 5652, 71.69, 72, 48.65, 1, 1705
7885, 5652, 71.68, 72, 48.65, 1, 1706
7886, 5653, 71.68, 72, 48.65, 1, 1706
7887, 5654, 71.69, 72, 48.65, 1, 1706
7888, 5655, 71.69, 72, 48.65, 1, 1706
7889, 5656, 71.69, 72, 48.65, 1, 1706
7890, 5657, 71.70, 72, 48.65, 1, 1706
7891, 5657, 71.69, 72, 48.65, 1, 1707
7892, 5658, 71.69, 72, 48.65, 1, 1707
7893, 5658, 71.68, 72, 48.65, 1, 1708
7894, 5659, 71.69, 72, 48.65, 1, 1708
7895, 5660, 71.69, 72, 48.65, 1, 1708
7896, 5661, 71.69, 72, 48.65, 1, 1708
7897, 5662, 71.70, 72, 48.65, 1, 1708
7898, 5663, 71.70, 72, 48.65, 1, 1708
7899, 5664, 71.71, 72, 48.65, 1, 1708
7900, 5665, 71.71, 72, 48.65, 1, 1708
7901, 5666, 71.71, 72, 48.65, 1, 1708
7902, 5667, 71.72, 72, 48.65, 1, 1708
7903, 5667, 71.71, 72, 48.65, 1, 1708
7904, 5668, 71.71, 72, 48.65, 1, 1708
7905, 5668, 71.70, 72, 48.65, 1, 1708
7906, 5668, 71.69, 72, 48.65, 1, 1708
7907, 5668, 71.68, 72, 48.65, 1, 1709
7908, 5669, 71.69, 72, 48.65, 1, 1709
7909, 5670, 71.69, 72, 48.65, 1, 1709
7910, 5671, 71.69, 72, 48.65, 1, 1709
7911, 5671, 71.68, 72, 48.65, 1, 1710
7912, 5671, 71.68, 72, 48.65, 1, 1711
7913, 5672, 71.68, 72, 48.65, 1, 1711
7914, 5672, 71.67, 72, 48.65, 1, 1712
7915, 5673, 71.67, 72, 48.65, 1, 1712
7916, 5673, 71.66, 72, 48.65, 1, 1713
7917, 5673, 71.66, 72, 48.65, 1, 1714
7918, 5674, 71.66, 72, 48.65, 1, 1714
7919, 5675, 71.66, 72, 48.65, 1, 1714
7920, 5676, 71.67, 72, 48.65, 1, 1714
7921, 5677, 71.67, 72, 48.65, 1, 1714
7922, 5678, 71.67, 72, 48.65, 1, 1714
7923, 5679, 71.68, 72, 48.65, 1, 1714
7924, 5680, 71.68, 72, 48.65, 1, 1714
7925, 5681, 71.68, 72, 48.65, 1, 1714
7926, 5682, 71.69, 72, 48.65, 1, 1714
7927, 5683, 71.69, 72, 48.65, 1, 1714
7928, 5684, 71.70, 72, 48.65, 1, 1714
7929, 5685, 71.70, 72, 48.65, 1, 1714
7930, 5686, 71.70, 72, 48.65, 1, 1714
7931, 5686, 71.69, 72, 48.65, 1, 1714
7932, 5687, 71.70, 72, 48.65, 1, 1714
7933, 5688, 71.70, 72, 48.65, 1, 1714
7934, 5689, 71.70, 72, 48.65, 1, 1714
7935, 5690, 71.71, 72, 48.65, 1, 1714
7936, 5691, 71.71, 72, 48.65, 1, 1714
7937, 5691, 71.70, 72, 48.65, 1, 1714
7938, 5692, 71.71, 72, 48.65, 1, 1714
7939, 5693, 71.71, 72, 48.65, 1, 1714
7940, 5693, 71.70, 72, 48.65, 1, 1715
7941, 5694, 71.70, 72, 48.65, 1, 1715
7942, 5695, 71.71, 72, 48.65, 1, 1715
7943, 5695, 71.70, 72, 48.65, 1, 1716
7944, 5696, 71.70, 72, 48.65, 1, 1716
7945, 5697, 71.71, 72, 48.65, 1, 1716
7946, 5698, 71.71, 72, 48.65, 1, 1716
7947, 5699, 71.71, 72, 48.65, 1, 1716
7948, 5700, 71.72, 72, 48.65, 1, 1716
7949, 5701, 71.72, 72, 48.65, 1, 1716
7950, 5702, 71.72, 72, 48.65, 1, 1716
7951, 5703, 71.73, 72, 48.65, 1, 1716
7952, 5704, 71.73, 72, 48.65, 1, 1716
7953, 5704, 71.72, 72, 48.65, 1, 1717
7954, 5704, 71.71, 72, 48.65, 1, 1718
7955, 5705, 71.72, 72, 48.65, 1, 1718
7956, 5706, 71.72, 72, 48.65, 1, 1718
7957, 5707, 71.72, 72, 48.65, 1, 1718
7958, 5708, 71.73, 72, 48.65, 1, 1718
7959, 5709, 71.73, 72, 48.65, 1, 1718
7960, 5710, 71.73, 72, 48.65, 1, 1718
7961, 5710, 71.72, 72, 48.65, 1, 1719
7962, 5711, 71.73, 72, 48.65, 1, 1719
7963, 5711, 71.72, 72, 48.65, 1, 1720
7964, 5712, 71.72, 72, 48.65, 1, 1720
7965, 5713, 71.73, 72, 48.65, 1, 1720
7966, 5714, 71.73, 72, 48.65, 1, 1720
7967, 5715, 71.73, 72, 48.65, 1, 1720
7968, 5715, 71.72, 72, 48.65, 1, 1721
7969, 5716, 71.73, 72, 48.65, 1, 1721
7970, 5717, 71.73, 72, 48.65, 1, 1721
7971, 5717, 71.72, 72, 48.65, 1, 1722
7972, 5718, 71.73, 72, 48.65, 1, 1722
7973, 5719, 71.73, 72, 48.65, 1, 1722
7974, 5720, 71.73, 72, 48.65, 1, 1722
7975, 5721, 71.74, 72, 48.65, 1, 1722
7976, 5722, 71.74, 72, 48.65, 1, 1722
7977, 5722, 71.73, 72, 48.65, 1, 1722
7978, 5722, 71.72, 72, 48.65, 1, 1723
7979, 5723, 71.73, 72, 48.65, 1, 1723
7980, 5724, 71.73, 72, 48.65, 1, 1723
7981, 5724, 71.72, 72, 48.65, 1, 1724
7982, 5725, 71.72, 72, 48.65, 1, 1724
7983, 5726, 71.73, 72, 48.65, 1, 1724
7984, 5727, 71.73, 72, 48.65, 1, 1724
7985, 5728, 71.73, 72, 48.65, 1, 1724
7986, 5729, 71.74, 72, 48.65, 1, 1724
7987, 5729, 71.73, 72, 48.65, 1, 1725
7988, 5730, 71.73, 72, 48.65, 1, 1725
7989, 5731, 71.74, 72, 48.65, 1, 1725
7990, 5732, 71.74, 72, 48.65, 1, 1725
7991, 5732, 71.73, 72, 48.65, 1, 1725
7992, 5732, 71.72, 72, 48.65, 1, 1726
7993, 5732, 71.71, 72, 48.65, 1, 1727
7994, 5733, 71.72, 72, 48.65, 1, 1727
7995, 5733, 71.71, 72, 48.65, 1, 1728
7996, 5734, 71.71, 72, 48.65, 1, 1728
7997, 5734, 71.70, 72, 48.65, 1, 1729
7998, 5735, 71.71, 72, 48.65, 1, 1729
7999, 5736, 71.71, 72, 48.65, 1, 1729
8000, 5737, 71.71, 72, 48.65, 1, 1729
8001, 5737, 71.70, 72, 48.65, 1, 1730
8002, 5738, 71.71, 72, 48.65, 1, 1730
8003, 5739, 71.71, 72, 48.65, 1, 1730
8004, 5740, 71.71, 72, 48.65, 1, 1730
8005, 5741, 71.72, 72, 48.65, 1, 1730
8006, 5742, 71.72, 72, 48.65, 1, 1730
8007, 5743, 71.72, 72, 48.65, 1, 1730
8008, 5744, 71.73, 72, 48.65, 1, 1730
8009, 5744, 71.72, 72, 48.65, 1, 1731
8010, 5745, 71.72, 72, 48.65, 1, 1731
8011, 5745, 71.71, 72, 48.65, 1, 1731
8012, 5746, 71.72, 72, 48.65, 1, 1731
8013, 5747, 71.72, 72, 48.65, 1, 1731
8014, 5748, 71.72, 72, 48.65, 1, 1731
8015, 5749, 71.73, 72, 48.65, 1, 1731
8016, 5750, 71.73, 72, 48.65, 1, 1731
8017, 5750, 71.72, 72, 48.65, 1, 1732
8018, 5751, 71.73, 72, 48.65, 1, 1732
8019, 5751, 71.72, 72, 48.65, 1, 1733
8020, 5751, 71.71, 72, 48.65, 1, 1733
8021, 5751, 71.70, 72, 48.65, 1, 1733
8022, 5752, 71.70, 72, 48.65, 1, 1733
8023, 5752, 71.69, 72, 48.65, 1, 1734
8024, 5752, 71.68, 72, 48.65, 1, 1735
8025, 5753, 71.69, 72, 48.65, 1, 1735
8026, 5754, 71.69, 72, 48.65, 1, 1735
8027, 5754, 71.68, 72, 48.65, 1, 1736
8028, 5755, 71.69, 72, 48.65, 1, 1736
8029, 5756, 71.69, 72, 48.65, 1, 1736
8030, 5757, 71.69, 72, 48.65, 1, 1736
8031, 5757, 71.68, 72, 48.65, 1, 1737
8032, 5758, 71.69, 72, 48.65, 1, 1737
8033, 5759, 71.69, 72, 48.65, 1, 1737
8034, 5759, 71.68, 72, 48.65, 1, 1737
8035, 5760, 71.69, 72, 48.65, 1, 1737
8036, 5761, 71.69, 72, 48.65, 1, 1737
8037, 5762, 71.69, 72, 48.65, 1, 1737
8038, 5763, 71.70, 72, 48.65, 1, 1737
8039, 5763, 71.69, 72, 48.65, 1, 1738
8040, 5763, 71.68, 72, 48.65, 1, 1739
8041, 5764, 71.68, 72, 48.65, 1, 1739
8042, 5765, 71.69, 72, 48.65, 1, 1739
8043, 5766, 71.69, 72, 48.65, 1, 1739
8044, 5767, 71.69, 72, 48.65, 1, 1739
8045, 5767, 71.68, 72, 48.65, 1, 1740
8046, 5768, 71.69, 72, 48.65, 1, 1740
8047, 5768, 71.68, 72, 48.65, 1, 1741
8048, 5769, 71.68, 72, 48.65, 1, 1741
8049, 5770, 71.69, 72, 48.65, 1, 1741
8050, 5771, 71.69, 72, 48.65, 1, 1741
8051, 5772, 71.69, 72, 48.65, 1, 1741
8052, 5773, 71.70, 72, 48.65, 1, 1741
8053, 5774, 71.70, 72, 48.65, 1, 1741
8054, 5775, 71.70, 72, 48.65, 1, 1741
8055, 5776, 71.71, 72, 48.65, 1, 1741
8056, 5777, 71.71, 72, 48.65, 1, 1741
8057, 5778, 71.71, 72, 48.65, 1, 1741
8058, 5779, 71.72, 72, 48.65, 1, 1741
8059, 5780, 71.72, 72, 48.65, 1, 1741
8060, 5781, 71.72, 72, 48.65, 1, 1741
8061, 5781, 71.72, 72, 48.65, 1, 1742
8062, 5782, 71.72, 72, 48.65, 1, 1742
8063, 5782, 71.71, 72, 48.65, 1, 1742
8064, 5782, 71.70, 72, 48.65, 1, 1743
8065, 5783, 71.70, 72, 48.65, 1, 1743
8066, 5784, 71.71, 72, 48.65, 1, 1743
8067, 5784, 71.70, 72, 48.65, 1, 1744
8068, 5784, 71.69, 72, 48.65, 1, 1745
8069, 5785, 71.69, 72, 48.65, 1, 1745
8070, 5786, 71.70, 72, 48.65, 1, 1745
8071, 5786, 71.69, 72, 48.65, 1, 1746
8072, 5786, 71.68, 72, 48.65, 1, 1747
8073, 5786, 71.67, 72, 48.65, 1, 1748
8074, 5787, 71.67, 72, 48.65, 1, 1748
8075, 5788, 71.68, 72, 48.65, 1, 1748
8076, 5789, 71.68, 72, 48.65, 1, 1748
8077, 5790, 71.69, 72, 48.65, 1, 1748
8078, 5791, 71.69, 72, 48.65, 1, 1748
8079, 5791, 71.68, 72, 48.65, 1, 1749
8080, 5791, 71.67, 72, 48.65, 1, 1750
8081, 5792, 71.67, 72, 48.65, 1, 1750
8082, 5793, 71.68, 72, 48.65, 1, 1750
8083, 5794, 71.68, 72, 48.65, 1, 1750
8084, 5795, 71.68, 72, 48.65, 1, 1750
8085, 5795, 71.68, 72, 48.65, 1, 1751
8086, 5796, 71.68, 72, 48.65, 1, 1751
8087, 5797, 71.68, 72, 48.65, 1, 1751
8088, 5798, 71.69, 72, 48.65, 1, 1751
8089, 5799, 71.69, 72, 48.65, 1, 1751
8090, 5799, 71.68, 72, 48.65, 1, 1752
8091, 5800, 71.68, 72, 48.65, 1, 1752
8092, 5800, 71.68, 72, 48.65, 1, 1753
8093, 5801, 71.68, 72, 48.65, 1, 1753
8094, 5802, 71.68, 72, 48.65, 1, 1753
8095, 5803, 71.69, 72, 48.65, 1, 1753
8096, 5803, 71.68, 72, 48.65, 1, 1754
8097, 5804, 71.68, 72, 48.65, 1, 1754
8098, 5804, 71.67, 72, 48.65, 1, 1754
8099, 5805, 71.68, 72, 48.65, 1, 1754
8100, 5806, 71.68, 72, 48.65, 1, 1754
8101, 5807, 71.68, 72, 48.65, 1, 1754
8102, 5808, 71.69, 72, 48.65, 1, 1754
8103, 5808, 71.68, 72, 48.65, 1, 1755
8104, 5809, 71.68, 72, 48.65, 1, 1755
8105, 5810, 71.68, 72, 48.65, 1, 1755
8106, 5811, 71.69, 72, 48.65, 1, 1755
8107, 5812, 71.69, 72, 48.65, 1, 1755
8108, 5813, 71.69, 72, 48.65, 1, 1755
8109, 5813, 71.69, 72, 48.65, 1, 1756
8110, 5814, 71.69, 72, 48.65, 1, 1756
8111, 5815, 71.69, 72, 48.65, 1, 1756
8112, 5816, 71.70, 72, 48.65, 1, 1756
8113, 5817, 71.70, 72, 48.65, 1, 1756
8114, 5818, 71.70, 72, 48.65, 1, 1756
8115, 5819, 71.71, 72, 48.65, 1, 1756
8116, 5820, 71.71, 72, 48.65, 1, 1756
8117, 5821, 71.71, 72, 48.65, 1, 1756
8118, 5822, 71.72, 72, 48.65, 1, 1756
8119, 5822, 71.71, 72, 48.65, 1, 1757
8120, 5823, 71.71, 72, 48.65, 1, 1757
8121, 5824, 71.72, 72, 48.65, 1, 1757
8122, 5825, 71.72, 72, 48.65, 1, 1757
8123, 5826, 71.72, 72, 48.65, 1, 1757
8124, 5827, 71.73, 72, 48.65, 1, 1757
8125, 5828, 71.73, 72, 48.65, 1, 1757
8126, 5829, 71.73, 72, 48.65, 1, 1757
8127, 5830, 71.74, 72, 48.65, 1, 1757
8128, 5830, 71.73, 72, 48.65, 1, 1758
8129, 5830, 71.72, 72, 48.65, 1, 1759
8130, 5831, 71.72, 72, 48.65, 1, 1759
8131, 5832, 71.73, 72, 48.65, 1, 1759
8132, 5833, 71.73, 72, 48.65, 1, 1759
8133, 5834, 71.73, 72, 48.65, 1, 1759
8134, 5835, 71.74, 72, 48.65, 1, 1759
8135, 5836, 71.74, 72, 48.65, 1, 1759
8136, 5836, 71.73, 72, 48.65, 1, 1760
8137, 5837, 71.73, 72, 48.65, 1, 1760
8138, 5838, 71.74, 72, 48.65, 1, 1760
8139, 5839, 71.74, 72, 48.65, 1, 1760
8140, 5840, 71.74, 72, 48.65, 1, 1760
8141, 5841, 71.75, 72, 48.65, 1, 1760
8142, 5842, 71.75, 72, 48.65, 1, 1760
8143, 5842, 71.74, 72, 48.65, 1, 1761
8144, 5843, 71.75, 72, 48.65, 1, 1761
8145, 5843, 71.74, 72, 48.65, 1, 1762
8146, 5843, 71.73, 72, 48.65, 1, 1763
8147, 5844, 71.73, 72, 48.65, 1, 1763
8148, 5845, 71.74, 72, 48.65, 1, 1763
8149, 5846, 71.74, 72, 48.65, 1, 1763
8150, 5847, 71.74, 72, 48.65, 1, 1763
8151, 5848, 71.75, 72, 48.65, 1, 1763
8152, 5849, 71.75, 72, 48.65, 1, 1763
8153, 5850, 71.75, 72, 48.65, 1, 1763
8154, 5851, 71.76, 72, 48.65, 1, 1763
8155, 5851, 71.75, 72, 48.65, 1, 1764
8156, 5852, 71.75, 72, 48.65, 1, 1764
8157, 5852, 71.74, 72, 48.65, 1, 1765
8158, 5853, 71.75, 72, 48.65, 1, 1765
8159, 5854, 71.75, 72, 48.65, 1, 1765
8160, 5855, 71.75, 72, 48.65, 1, 1765
8161, 5856, 71.76, 72, 48.65, 1, 1765
8162, 5857, 71.76, 72, 48.65, 1, 1765
8163, 5858, 71.76, 72, 48.65, 1, 1765
8164, 5859, 71.77, 72, 48.65, 1, 1765
8165, 5860, 71.77, 72, 48.65, 1, 1765
8166, 5860, 71.76, 72, 48.65, 1, 1766
8167, 5861, 71.76, 72, 48.65, 1, 1766
8168, 5862, 71.77, 72, 48.65, 1, 1766
8169, 5862, 71.76, 72, 48.65, 1, 1767
8170, 5862, 71.75, 72, 48.65, 1, 1768
8171, 5863, 71.75, 72, 48.65, 1, 1768
8172, 5864, 71.76, 72, 48.65, 1, 1768
8173, 5865, 71.76, 72, 48.65, 1, 1768
8174, 5866, 71.76, 72, 48.65, 1, 1768
8175, 5867, 71.77, 72, 48.65, 1, 1768
8176, 5868, 71.77, 72, 48.65, 1, 1768
8177, 5869, 71.77, 72, 48.65, 1, 1768
8178, 5869, 71.77, 72, 48.65, 1, 1768
8179, 5869, 71.76, 72, 48.65, 1, 1769
8180, 5870, 71.76, 72, 48.65, 1, 1769
8181, 5871, 71.76, 72, 48.65, 1, 1769
8182, 5871, 71.76, 72, 48.65, 1, 1770
8183, 5871, 71.75, 72, 48.65, 1, 1771
8184, 5872, 71.75, 72, 48.65, 1, 1771
8185, 5873, 71.75, 72, 48.65, 1, 1771
8186, 5873, 71.74, 72, 48.65, 1, 1772
8187, 5874, 71.75, 72, 48.65, 1, 1772
8188, 5875, 71.75, 72, 48.65, 1, 1772
8189, 5876, 71.75, 72, 48.65, 1, 1772
8190, 5877, 71.76, 72, 48.65, 1, 1772
8191, 5878, 71.76, 72, 48.65, 1, 1772
8192, 5879, 71.77, 72, 48.65, 1, 1772
8193, 5880, 71.77, 72, 48.65, 1, 1772
8194, 5881, 71.77, 72, 48.65, 1, 1772
8195, 5882, 71.78, 72, 48.65, 1, 1772
8196, 5883, 71.78, 72, 48.65, 1, 1772
8197, 5884, 71.78, 72, 48.65, 1, 1772
8198, 5884, 71.77, 72, 48.65, 1, 1772
8199, 5885, 71.78, 72, 48.65, 1, 1772
8200, 5886, 71.78, 72, 48.65, 1, 1772
8201, 5886, 71.77, 72, 48.65, 1, 1772
8202, 5887, 71.78, 72, 48.65, 1, 1772
8203, 5888, 71.78, 72, 48.65, 1, 1772
8204, 5889, 71.78, 72, 48.65, 1, 1772
8205, 5890, 71.79, 72, 48.65, 1, 1772
8206, 5891, 71.79, 72, 48.65, 1, 1772
8207, 5892, 71.79, 72, 48.65, 1, 1772
8208, 5893, 71.80, 72, 48.65, 1, 1772
8209, 5894, 71.80, 72, 48.65, 1, 1772
8210, 5894, 71.79, 72, 48.65, 1, 1772
8211, 5894, 71.78, 72, 48.65, 1, 1772
8212, 5895, 71.79, 72, 48.65, 1, 1772
8213, 5895, 71.78, 72, 48.65, 1, 1772
8214, 5896, 71.78, 72, 48.65, 1, 1772
8215, 5897, 71.78, 72, 48.65, 1, 1772
8216, 5897, 71.77, 72, 48.65, 1, 1773
8217, 5897, 71.77, 72, 48.65, 1, 1774
8218, 5898, 71.77, 72, 48.65, 1, 1774
8219, 5899, 71.77, 72, 48.65, 1, 1774
8220, 5899, 71.76, 72, 48.65, 1, 1775
8221, 5900, 71.77, 72, 48.65, 1, 1775
8222, 5901, 71.77, 72, 48.65, 1, 1775
8223, 5902, 71.77, 72, 48.65, 1, 1775
8224, 5902, 71.77, 72, 48.65, 1, 1776
8225, 5903, 71.77, 72, 48.65, 1, 1776
8226, 5903, 71.76, 72, 48.65, 1, 1777
8227, 5903, 71.75, 72, 48.65, 1, 1777
8228, 5904, 71.75, 72, 48.65, 1, 1777
8229, 5905, 71.76, 72, 48.65, 1, 1777
8230, 5905, 71.75, 72, 48.65, 1, 1777
8231, 5906, 71.75, 72, 48.65, 1, 1777
8232, 5907, 71.76, 72, 48.65, 1, 1777
8233, 5907, 71.75, 72, 48.65, 1, 1777
8234, 5907, 71.74, 72, 48.65, 1, 1777
8235, 5907, 71.73, 72, 48.65, 1, 1778
8236, 5907, 71.72, 72, 48.65, 1, 1779
8237, 5908, 71.73, 72, 48.65, 1, 1779
8238, 5908, 71.72, 72, 48.65, 1, 1780
8239, 5908, 71.71, 72, 48.65, 1, 1781
8240, 5908, 71.70, 72, 48.65, 1, 1782
8241, 5908, 71.69, 72, 48.65, 1, 1783
8242, 5908, 71.68, 72, 48.65, 1, 1784
8243, 5909, 71.69, 72, 48.65, 1, 1784
8244, 5910, 71.69, 72, 48.65, 1, 1784
8245, 5910, 71.68, 72, 48.65, 1, 1785
8246, 5910, 71.67, 72, 48.65, 1, 1786
8247, 5910, 71.66, 72, 48.65, 1, 1786
8248, 5911, 71.67, 72, 48.65, 1, 1786
8249, 5912, 71.67, 72, 48.65, 1, 1786
8250, 5913, 71.67, 72, 48.65, 1, 1786
8251, 5914, 71.68, 72, 48.65, 1, 1786
8252, 5914, 71.67, 72, 48.65, 1, 1787
8253, 5915, 71.67, 72, 48.65, 1, 1787
8254, 5916, 71.67, 72, 48.65, 1, 1787
8255, 5917, 71.68, 72, 48.65, 1, 1787
8256, 5917, 71.67, 72, 48.65, 1, 1788
8257, 5918, 71.67, 72, 48.65, 1, 1788
8258, 5919, 71.68, 72, 48.65, 1, 1788
8259, 5920, 71.68, 72, 48.65, 1, 1788
8260, 5921, 71.68, 72, 48.65, 1, 1788
8261, 5922, 71.69, 72, 48.65, 1, 1788
8262, 5922, 71.68, 72, 48.65, 1, 1789
8263, 5922, 71.67, 72, 48.65, 1, 1790
8264, 5922, 71.66, 72, 48.65, 1, 1790
8265, 5923, 71.66, 72, 48.65, 1, 1790
8266, 5924, 71.67, 72, 48.65, 1, 1790
8267, 5925, 71.67, 72, 48.65, 1, 1790
8268, 5926, 71.67, 72, 48.65, 1, 1790
8269, 5927, 71.68, 72, 48.65, 1, 1790
8270, 5928, 71.68, 72, 48.65, 1, 1790
8271, 5929, 71.68, 72, 48.65, 1, 1790
8272, 5930, 71.69, 72, 48.65, 1, 1790
8273, 5931, 71.69, 72, 48.65, 1, 1790
8274, 5931, 71.68, 72, 48.65, 1, 1791
8275, 5932, 71.69, 72, 48.65, 1, 1791
8276, 5933, 71.69, 72, 48.65, 1, 1791
8277, 5933, 71.68, 72, 48.65, 1, 1792
8278, 5933, 71.67, 72, 48.65, 1, 1793
8279, 5933, 71.66, 72, 48.65, 1, 1794
8280, 5934, 71.67, 72, 48.65, 1, 1794
8281, 5935, 71.67, 72, 48.65, 1, 1794
8282, 5936, 71.67, 72, 48.65, 1, 1794
8283, 5936, 71.66, 72, 48.65, 1, 1795
8284, 5937, 71.67, 72, 48.65, 1, 1795
8285, 5938, 71.67, 72, 48.65, 1, 1795
8286, 5938, 71.66, 72, 48.65, 1, 1796
8287, 5938, 71.65, 72, 48.65, 1, 1797
8288, 5939, 71.66, 72, 48.65, 1, 1797
8289, 5940, 71.66, 72, 48.65, 1, 1797
8290, 5941, 71.66, 72, 48.65, 1, 1797
8291, 5942, 71.67, 72, 48.65, 1, 1797
8292, 5943, 71.67, 72, 48.65, 1, 1797
8293, 5944, 71.67, 72, 48.65, 1, 1797
8294, 5945, 71.68, 72, 48.65, 1, 1797
8295, 5946, 71.68, 72, 48.65, 1, 1797
8296, 5947, 71.69, 72, 48.65, 1, 1797
8297, 5947, 71.68, 72, 48.65, 1, 1798
8298, 5947, 71.67, 72, 48.65, 1, 1799
8299, 5948, 71.67, 72, 48.65, 1, 1799
8300, 5949, 71.67, 72, 48.65, 1, 1799
8301, 5949, 71.67, 72, 48.65, 1, 1799
8302, 5950, 71.67, 72, 48.65, 1, 1799
8303, 5951, 71.67, 72, 48.65, 1, 1799
8304, 5952, 71.68, 72, 48.65, 1, 1799
8305, 5953, 71.68, 72, 48.65, 1, 1799
8306, 5954, 71.68, 72, 48.65, 1, 1799
8307, 5954, 71.67, 72, 48.65, 1, 1799
8308, 5955, 71.68, 72, 48.65, 1, 1799
8309, 5955, 71.67, 72, 48.65, 1, 1800
8310, 5955, 71.66, 72, 48.65, 1, 1801
8311, 5956, 71.66, 72, 48.65, 1, 1801
8312, 5957, 71.67, 72, 48.65, 1, 1801
8313, 5958, 71.67, 72, 48.65, 1, 1801
8314, 5959, 71.67, 72, 48.65, 1, 1801
8315, 5960, 71.68, 72, 48.65, 1, 1801
8316, 5960, 71.67, 72, 48.65, 1, 1802
8317, 5961, 71.67, 72, 48.65, 1, 1802
8318, 5962, 71.68, 72, 48.65, 1, 1802
8319, 5963, 71.68, 72, 48.65, 1, 1802
8320, 5964, 71.68, 72, 48.65, 1, 1802
8321, 5965, 71.69, 72, 48.65, 1, 1802
8322, 5965, 71.68, 72, 48.65, 1, 1803
8323, 5965, 71.67, 72, 48.65, 1, 1804
8324, 5966, 71.67, 72, 48.65, 1, 1804
8325, 5966, 71.66, 72, 48.65, 1, 1805
8326, 5967, 71.67, 72, 48.65, 1, 1805
8327, 5968, 71.67, 72, 48.65, 1, 1805
8328, 5969, 71.67, 72, 48.65, 1, 1805
8329, 5970, 71.68, 72, 48.65, 1, 1805
8330, 5970, 71.67, 72, 48.65, 1, 1806
8331, 5971, 71.67, 72, 48.65, 1, 1806
8332, 5972, 71.68, 72, 48.65, 1, 1806
8333, 5973, 71.68, 72, 48.65, 1, 1806
8334, 5974, 71.68, 72, 48.65, 1, 1806
8335, 5975, 71.69, 72, 48.65, 1, 1806
8336, 5976, 71.69, 72, 48.65, 1, 1806
8337, 5977, 71.69, 72, 48.65, 1, 1806
8338, 5978, 71.70, 72, 48.65, 1, 1806
8339, 5979, 71.70, 72, 48.65, 1, 1806
8340, 5979, 71.69, 72, 48.65, 1, 1806
8341, 5980, 71.69, 72, 48.65, 1, 1806
8342, 5981, 71.70, 72, 48.65, 1, 1806
8343, 5982, 71.70, 72, 48.65, 1, 1806
8344, 5983, 71.70, 72, 48.65, 1, 1806
8345, 5984, 71.71, 72, 48.65, 1, 1806
8346, 5984, 71.70, 72, 48.65, 1, 1806
8347, 5985, 71.70, 72, 48.65, 1, 1806
8348, 5986, 71.71, 72, 48.65, 1, 1806
8349, 5986, 71.70, 72, 48.65, 1, 1806
8350, 5986, 71.69, 72, 48.65, 1, 1806
8351, 5987, 71.69, 72, 48.65, 1, 1806
8352, 5988, 71.70, 72, 48.65, 1, 1806
8353, 5989, 71.70, 72, 48.65, 1, 1806
8354, 5990, 71.70, 72, 48.65, 1, 1806
8355, 5990, 71.69, 72, 48.65, 1, 1806
8356, 5990, 71.69, 72, 48.65, 1, 1807
8357, 5991, 71.69, 72, 48.65, 1, 1807
8358, 5992, 71.69, 72, 48.65, 1, 1807
8359, 5993, 71.70, 72, 48.65, 1, 1807
8360, 5994, 71.70, 72, 48.65, 1, 1807
8361, 5994, 71.69, 72, 48.65, 1, 1808
8362, 5995, 71.69, 72, 48.65, 1, 1808
8363, 5995, 71.68, 72, 48.65, 1, 1809
8364, 5995, 71.68, 72, 48.65, 1, 1810
8365, 5995, 71.67, 72, 48.65, 1, 1810
8366, 5996, 71.67, 72, 48.65, 1, 1810
8367, 5997, 71.67, 72, 48.65, 1, 1810
8368, 5997, 71.67, 72, 48.65, 1, 1811
8369, 5998, 71.67, 72, 48.65, 1, 1811
8370, 5998, 71.66, 72, 48.65, 1, 1812
8371, 5998, 71.65, 72, 48.65, 1, 1813
8372, 5999, 71.66, 72, 48.65, 1, 1813
8373, 6000, 71.66, 72, 48.65, 1, 1813
8374, 6000, 71.65, 72, 48.65, 1, 1814
8375, 6000, 71.64, 72, 48.65, 1, 1815
8376, 6000, 71.63, 72, 48.65, 1, 1816
8377, 6000, 71.62, 72, 48.65, 1, 1816
8378, 6001, 71.63, 72, 48.65, 1, 1816
8379, 6001, 71.62, 72, 48.65, 1, 1816
8380, 6002, 71.62, 72, 48.65, 1, 1816
8381, 6003, 71.63, 72, 48.65, 1, 1816
8382, 6004, 71.63, 72, 48.65, 1, 1816
8383, 6005, 71.63, 72, 48.65, 1, 1816
8384, 6006, 71.64, 72, 48.65, 1, 1816
8385, 6007, 71.64, 72, 48.65, 1, 1816
8386, 6008, 71.64, 72, 48.65, 1, 1816
8387, 6009, 71.65, 72, 48.65, 1, 1816
8388, 6009, 71.64, 72, 48.65, 1, 1817
8389, 6010, 71.64, 72, 48.65, 1, 1817
8390, 6011, 71.64, 72, 48.65, 1, 1817
8391, 6012, 71.65, 72, 48.65, 1, 1817
8392, 6012, 71.64, 72, 48.65, 1, 1818
8393, 6013, 71.64, 72, 48.65, 1, 1818
8394, 6014, 71.65, 72, 48.65, 1, 1818
8395, 6015, 71.65, 72, 48.65, 1, 1818
8396, 6016, 71.65, 72, 48.65, 1, 1818
8397, 6016, 71.64, 72, 48.65, 1, 1819
8398, 6017, 71.65, 72, 48.65, 1, 1819
8399, 6018, 71.65, 72, 48.65, 1, 1819
8400, 6019, 71.65, 72, 48.65, 1, 1819
8401, 6020, 71.66, 72, 48.65, 1, 1819
8402, 6021, 71.66, 72, 48.65, 1, 1819
8403, 6022, 71.66, 72, 48.65, 1, 1819
8404, 6023, 71.67, 72, 48.65, 1, 1819
8405, 6024, 71.67, 72, 48.65, 1, 1819
8406, 6024, 71.66, 72, 48.65, 1, 1820
8407, 6025, 71.67, 72, 48.65, 1, 1820
8408, 6026, 71.67, 72, 48.65, 1, 1820
8409, 6027, 71.67, 72, 48.65, 1, 1820
8410, 6028, 71.68, 72, 48.65, 1, 1820
8411, 6029, 71.68, 72, 48.65, 1, 1820
8412, 6030, 71.68, 72, 48.65, 1, 1820
8413, 6031, 71.69, 72, 48.65, 1, 1820
8414, 6032, 71.69, 72, 48.65, 1, 1820
8415, 6033, 71.69, 72, 48.65, 1, 1820
8416, 6034, 71.70, 72, 48.65, 1, 1820
8417, 6034, 71.69, 72, 48.65, 1, 1821
8418, 6035, 71.69, 72, 48.65, 1, 1821
8419, 6036, 71.69, 72, 48.65, 1, 1821
8420, 6037, 71.70, 72, 48.65, 1, 1821
8421, 6038, 71.70, 72, 48.65, 1, 1821
8422, 6039, 71.71, 72, 48.65, 1, 1821
8423, 6040, 71.71, 72, 48.65, 1, 1821
8424, 6041, 71.71, 72, 48.65, 1, 1821
8425, 6042, 71.72, 72, 48.65, 1, 1821
8426, 6043, 71.72, 72, 48.65, 1, 1821
8427, 6044, 71.72, 72, 48.65, 1, 1821
8428, 6045, 71.73, 72, 48.65, 1, 1821
8429, 6046, 71.73, 72, 48.65, 1, 1821
8430, 6047, 71.73, 72, 48.65, 1, 1821
8431, 6048, 71.74, 72, 48.65, 1, 1821
8432, 6049, 71.74, 72, 48.65, 1, 1821
8433, 6049, 71.73, 72, 48.65, 1, 1821
8434, 6050, 71.73, 72, 48.65, 1, 1821
8435, 6051, 71.74, 72, 48.65, 1, 1821
8436, 6052, 71.74, 72, 48.65, 1, 1821
8437, 6053, 71.74, 72, 48.65, 1, 1821
8438, 6054, 71.75, 72, 48.65, 1, 1821
8439, 6054, 71.74, 72, 48.65, 1, 1821
8440, 6055, 71.74, 72, 48.65, 1, 1821
8441, 6056, 71.75, 72, 48.65, 1, 1821
8442, 6057, 71.75, 72, 48.65, 1, 1821
8443, 6058, 71.75, 72, 48.65, 1, 1821
8444, 6058, 71.74, 72, 48.65, 1, 1822
8445, 6059, 71.75, 72, 48.65, 1, 1822
8446, 6059, 71.74, 72, 48.65, 1, 1823
8447, 6060, 71.74, 72, 48.65, 1, 1823
8448, 6060, 71.73, 72, 48.65, 1, 1824
8449, 6061, 71.74, 72, 48.65, 1, 1824
8450, 6062, 71.74, 72, 48.65, 1, 1824
8451, 6062, 71.73, 72, 48.65, 1, 1825
8452, 6062, 71.72, 72, 48.65, 1, 1826
8453, 6062, 71.71, 72, 48.65, 1, 1827
8454, 6063, 71.72, 72, 48.65, 1, 1827
8455, 6064, 71.72, 72, 48.65, 1, 1827
8456, 6064, 71.71, 72, 48.65, 1, 1828
8457, 6065, 71.72, 72, 48.65, 1, 1828
8458, 6065, 71.71, 72, 48.65, 1, 1829
8459, 6065, 71.70, 72, 48.65, 1, 1830
8460, 6066, 71.70, 72, 48.65, 1, 1830
8461, 6067, 71.71, 72, 48.65, 1, 1830
8462, 6068, 71.71, 72, 48.65, 1, 1830
8463, 6069, 71.71, 72, 48.65, 1, 1830
8464, 6070, 71.72, 72, 48.65, 1, 1830
8465, 6071, 71.72, 72, 48.65, 1, 1830
8466, 6071, 71.71, 72, 48.65, 1, 1830
8467, 6072, 71.71, 72, 48.65, 1, 1830
8468, 6073, 71.72, 72, 48.65, 1, 1830
8469, 6074, 71.72, 72, 48.65, 1, 1830
8470, 6075, 71.72, 72, 48.65, 1, 1830
8471, 6076, 71.73, 72, 48.65, 1, 1830
8472, 6076, 71.72, 72, 48.65, 1, 1831
8473, 6076, 71.71, 72, 48.65, 1, 1832
8474, 6077, 71.71, 72, 48.65, 1, 1832
8475, 6078, 71.72, 72, 48.65, 1, 1832
8476, 6078, 71.71, 72, 48.65, 1, 1833
8477, 6079, 71.71, 72, 48.65, 1, 1833
8478, 6080, 71.72, 72, 48.65, 1, 1833
8479, 6080, 71.71, 72, 48.65, 1, 1834
8480, 6081, 71.71, 72, 48.65, 1, 1834
8481, 6082, 71.71, 72, 48.65, 1, 1834
8482, 6082, 71.70, 72, 48.65, 1, 1835
8483, 6082, 71.70, 72, 48.65, 1, 1836
8484, 6083, 71.70, 72, 48.65, 1, 1836
8485, 6084, 71.70, 72, 48.65, 1, 1836
8486, 6085, 71.71, 72, 48.65, 1, 1836
8487, 6086, 71.71, 72, 48.65, 1, 1836
8488, 6087, 71.71, 72, 48.65, 1, 1836
8489, 6087, 71.70, 72, 48.65, 1, 1837
8490, 6087, 71.70, 72, 48.65, 1, 1838
8491, 6088, 71.70, 72, 48.65, 1, 1838
8492, 6088, 71.69, 72, 48.65, 1, 1839
8493, 6089, 71.69, 72, 48.65, 1, 1839
8494, 6090, 71.70, 72, 48.65, 1, 1839
8495, 6090, 71.69, 72, 48.65, 1, 1840
8496, 6091, 71.69, 72, 48.65, 1, 1840
8497, 6091, 71.68, 72, 48.65, 1, 1841
8498, 6091, 71.68, 72, 48.65, 1, 1841
8499, 6091, 71.67, 72, 48.65, 1, 1842
8500, 6092, 71.67, 72, 48.65, 1, 1842
8501, 6092, 71.66, 72, 48.65, 1, 1843
8502, 6093, 71.67, 72, 48.65, 1, 1843
8503, 6093, 71.66, 72, 48.65, 1, 1843
8504, 6094, 71.66, 72, 48.65, 1, 1843
8505, 6094, 71.65, 72, 48.65, 1, 1844
8506, 6095, 71.66, 72, 48.65, 1, 1844
8507, 6095, 71.65, 72, 48.65, 1, 1845
8508, 6096, 71.65, 72, 48.65, 1, 1845
8509, 6097, 71.65, 72, 48.65, 1, 1845
8510, 6097, 71.65, 72, 48.65, 1, 1845
8511, 6098, 71.65, 72, 48.65, 1, 1845
8512, 6098, 71.64, 72, 48.65, 1, 1845
8513, 6098, 71.63, 72, 48.65, 1, 1845
8514, 6098, 71.62, 72, 48.65, 1, 1846
8515, 6099, 71.63, 72, 48.65, 1, 1846
8516, 6100, 71.63, 72, 48.65, 1, 1846
8517, 6101, 71.63, 72, 48.65, 1, 1846
8518, 6102, 71.64, 72, 48.65, 1, 1846
8519, 6103, 71.64, 72, 48.65, 1, 1846
8520, 6104, 71.64, 72, 48.65, 1, 1846
8521, 6105, 71.65, 72, 48.65, 1, 1846
8522, 6105, 71.64, 72, 48.65, 1, 1847
8523, 6106, 71.64, 72, 48.65, 1, 1847
8524, 6107, 71.64, 72, 48.65, 1, 1847
8525, 6108, 71.65, 72, 48.65, 1, 1847
8526, 6109, 71.65, 72, 48.65, 1, 1847
8527, 6110, 71.65, 72, 48.65, 1, 1847
8528, 6111, 71.66, 72, 48.65, 1, 1847
8529, 6112, 71.66, 72, 48.65, 1, 1847
8530, 6113, 71.66, 72, 48.65, 1, 1847
8531, 6114, 71.67, 72, 48.65, 1, 1847
8532, 6115, 71.67, 72, 48.65, 1, 1847
8533, 6116, 71.67, 72, 48.65, 1, 1847
8534, 6117, 71.68, 72, 48.65, 1, 1847
8535, 6118, 71.68, 72, 48.65, 1, 1847
8536, 6118, 71.67, 72, 48.65, 1, 1848
8537, 6118, 71.66, 72, 48.65, 1, 1849
8538, 6118, 71.66, 72, 48.65, 1, 1850
8539, 6118, 71.65, 72, 48.65, 1, 1851
8540, 6119, 71.65, 72, 48.65, 1, 1851
8541, 6119, 71.64, 72, 48.65, 1, 1852
8542, 6119, 71.63, 72, 48.65, 1, 1852
8543, 6119, 71.63, 72, 48.65, 1, 1853
8544, 6119, 71.62, 72, 48.65, 1, 1854
8545, 6120, 71.62, 72, 48.65, 1, 1854
8546, 6121, 71.62, 72, 48.65, 1, 1854
8547, 6121, 71.62, 72, 48.65, 1, 1855
8548, 6122, 71.62, 72, 48.65, 1, 1855
8549, 6123, 71.62, 72, 48.65, 1, 1855
8550, 6123, 71.61, 72, 48.65, 1, 1856
8551, 6124, 71.62, 72, 48.65, 1, 1856
8552, 6125, 71.62, 72, 48.65, 1, 1856
8553, 6126, 71.62, 72, 48.65, 1, 1856
8554, 6127, 71.63, 72, 48.65, 1, 1856
8555, 6128, 71.63, 72, 48.65, 1, 1856
8556, 6129, 71.63, 72, 48.65, 1, 1856
8557, 6130, 71.64, 72, 48.65, 1, 1856
8558, 6131, 71.64, 72, 48.65, 1, 1856
8559, 6131, 71.63, 72, 48.65, 1, 1857
8560, 6131, 71.62, 72, 48.65, 1, 1858
8561, 6131, 71.62, 72, 48.65, 1, 1859
8562, 6131, 71.61, 72, 48.65, 1, 1860
8563, 6131, 71.60, 72, 48.65, 1, 1861
8564, 6131, 71.59, 72, 48.65, 1, 1861
8565, 6131, 71.58, 72, 48.65, 1, 1862
8566, 6132, 71.59, 72, 48.65, 1, 1862
8567, 6133, 71.59, 72, 48.65, 1, 1862
8568, 6134, 71.59, 72, 48.65, 1, 1862
8569, 6135, 71.60, 72, 48.65, 1, 1862
8570, 6136, 71.60, 72, 48.65, 1, 1862
8571, 6136, 71.59, 72, 48.65, 1, 1863
8572, 6137, 71.59, 72, 48.65, 1, 1863
8573, 6138, 71.60, 72, 48.65, 1, 1863
8574, 6138, 71.59, 72, 48.65, 1, 1864
8575, 6138, 71.58, 72, 48.65, 1, 1865
8576, 6138, 71.57, 72, 48.65, 1, 1866
8577, 6139, 71.58, 72, 48.65, 1, 1866
8578, 6140, 71.58, 72, 48.65, 1, 1866
8579, 6140, 71.57, 72, 48.65, 1, 1867
8580, 6141, 71.57, 72, 48.65, 1, 1867
8581, 6142, 71.58, 72, 48.65, 1, 1867
8582, 6143, 71.58, 72, 48.65, 1, 1867
8583, 6143, 71.57, 72, 48.65, 1, 1868
8584, 6144, 71.58, 72, 48.65, 1, 1868
8585, 6145, 71.58, 72, 48.65, 1, 1868
8586, 6145, 71.57, 72, 48.65, 1, 1868
8587, 6145, 71.56, 72, 48.65, 1, 1869
8588, 6145, 71.55, 72, 48.65, 1, 1870
8589, 6146, 71.56, 72, 48.65, 1, 1870
8590, 6146, 71.55, 72, 48.65, 1, 1870
8591, 6147, 71.55, 72, 48.65, 1, 1870
8592, 6147, 71.54, 72, 48.65, 1, 1870
8593, 6148, 71.55, 72, 48.65, 1, 1870
8594, 6149, 71.55, 72, 48.65, 1, 1870
8595, 6150, 71.55, 72, 48.65, 1, 1870
8596, 6151, 71.56, 72, 48.65, 1, 1870
8597, 6152, 71.56, 72, 48.65, 1, 1870
8598, 6153, 71.56, 72, 48.65, 1, 1870
8599, 6154, 71.57, 72, 48.65, 1, 1870
8600, 6155, 71.57, 72, 48.65, 1, 1870
8601, 6156, 71.57, 72, 48.65, 1, 1870
8602, 6157, 71.58, 72, 48.65, 1, 1870
8603, 6158, 71.58, 72, 48.65, 1, 1870
8604, 6159, 71.58, 72, 48.65, 1, 1870
8605, 6160, 71.59, 72, 48.65, 1, 1870
8606, 6161, 71.59, 72, 48.65, 1, 1870
8607, 6162, 71.59, 72, 48.65, 1, 1870
8608, 6163, 71.60, 72, 48.65, 1, 1870
8609, 6164, 71.60, 72, 48.65, 1, 1870
8610, 6165, 71.60, 72, 48.65, 1, 1870
8611, 6165, 71.59, 72, 48.65, 1, 1870
8612, 6166, 71.60, 72, 48.65, 1, 1870
8613, 6167, 71.60, 72, 48.65, 1, 1870
8614, 6167, 71.59, 72, 48.65, 1, 1871
8615, 6167, 71.58, 72, 48.65, 1, 1872
8616, 6168, 71.59, 72, 48.65, 1, 1872
8617, 6169, 71.59, 72, 48.65, 1, 1872
8618, 6169, 71.58, 72, 48.65, 1, 1873
8619, 6169, 71.57, 72, 48.65, 1, 1874
8620, 6170, 71.58, 72, 48.65, 1, 1874
8621, 6171, 71.58, 72, 48.65, 1, 1874
8622, 6172, 71.58, 72, 48.65, 1, 1874
8623, 6173, 71.59, 72, 48.65, 1, 1874
8624, 6174, 71.59, 72, 48.65, 1, 1874
8625, 6175, 71.59, 72, 48.65, 1, 1874
8626, 6176, 71.60, 72, 48.65, 1, 1874
8627, 6177, 71.60, 72, 48.65, 1, 1874
8628, 6178, 71.60, 72, 48.65, 1, 1874
8629, 6179, 71.61, 72, 48.65, 1, 1874
8630, 6180, 71.61, 72, 48.65, 1, 1874
8631, 6181, 71.61, 72, 48.65, 1, 1874
8632, 6182, 71.62, 72, 48.65, 1, 1874
8633, 6182, 71.61, 72, 48.65, 1, 1874
8634, 6183, 71.61, 72, 48.65, 1, 1874
8635, 6183, 71.60, 72, 48.65, 1, 1875
8636, 6184, 71.61, 72, 48.65, 1, 1875
8637, 6185, 71.61, 72, 48.65, 1, 1875
8638, 6186, 71.61, 72, 48.65, 1, 1875
8639, 6186, 71.61, 72, 48.65, 1, 1876
8640, 6187, 71.61, 72, 48.65, 1, 1876
8641, 6188, 71.61, 72, 48.65, 1, 1876
8642, 6188, 71.60, 72, 48.65, 1, 1877
8643, 6189, 71.61, 72, 48.65, 1, 1877
8644, 6189, 71.60, 72, 48.65, 1, 1877
8645, 6189, 71.59, 72, 48.65, 1, 1878
8646, 6189, 71.58, 72, 48.65, 1, 1879
8647, 6189, 71.57, 72, 48.65, 1, 1880
8648, 6190, 71.58, 72, 48.65, 1, 1880
8649, 6191, 71.58, 72, 48.65, 1, 1880
8650, 6191, 71.57, 72, 48.65, 1, 1881
8651, 6192, 71.58, 72, 48.65, 1, 1881
8652, 6193, 71.58, 72, 48.65, 1, 1881
8653, 6194, 71.58, 72, 48.65, 1, 1881
8654, 6195, 71.59, 72, 48.65, 1, 1881
8655, 6196, 71.59, 72, 48.65, 1, 1881
8656, 6196, 71.58, 72, 48.65, 1, 1882
8657, 6197, 71.58, 72, 48.65, 1, 1882
8658, 6197, 71.58, 72, 48.65, 1, 1883
8659, 6198, 71.58, 72, 48.65, 1, 1883
8660, 6199, 71.58, 72, 48.65, 1, 1883
8661, 6200, 71.59, 72, 48.65, 1, 1883
8662, 6201, 71.59, 72, 48.65, 1, 1883
8663, 6202, 71.59, 72, 48.65, 1, 1883
8664, 6202, 71.58, 72, 48.65, 1, 1884
8665, 6203, 71.59, 72, 48.65, 1, 1884
8666, 6203, 71.58, 72, 48.65, 1, 1885
8667, 6204, 71.58, 72, 48.65, 1, 1885
8668, 6205, 71.59, 72, 48.65, 1, 1885
8669, 6206, 71.59, 72, 48.65, 1, 1885
8670, 6207, 71.59, 72, 48.65, 1, 1885
8671, 6208, 71.59, 72, 48.65, 1, 1885
8672, 6209, 71.60, 72, 48.65, 1, 1885
8673, 6210, 71.60, 72, 48.65, 1, 1885
8674, 6211, 71.60, 72, 48.65, 1, 1885
8675, 6212, 71.61, 72, 48.65, 1, 1885
8676, 6212, 71.60, 72, 48.65, 1, 1886
8677, 6212, 71.59, 72, 48.65, 1, 1886
8678, 6213, 71.59, 72, 48.65, 1, 1886
8679, 6213, 71.59, 72, 48.65, 1, 1887
8680, 6214, 71.59, 72, 48.65, 1, 1887
8681, 6215, 71.59, 72, 48.65, 1, 1887
8682, 6216, 71.60, 72, 48.65, 1, 1887
8683, 6217, 71.60, 72, 48.65, 1, 1887
8684, 6218, 71.60, 72, 48.65, 1, 1887
8685, 6218, 71.59, 72, 48.65, 1, 1888
8686, 6218, 71.59, 72, 48.65, 1, 1888
8687, 6219, 71.59, 72, 48.65, 1, 1888
8688, 6220, 71.59, 72, 48.65, 1, 1888
8689, 6221, 71.60, 72, 48.65, 1, 1888
8690, 6222, 71.60, 72, 48.65, 1, 1888
8691, 6223, 71.60, 72, 48.65, 1, 1888
8692, 6223, 71.59, 72, 48.65, 1, 1889
8693, 6224, 71.60, 72, 48.65, 1, 1889
8694, 6224, 71.59, 72, 48.65, 1, 1890
8695, 6224, 71.58, 72, 48.65, 1, 1890
8696, 6224, 71.57, 72, 48.65, 1, 1890
8697, 6225, 71.58, 72, 48.65, 1, 1890
8698, 6226, 71.58, 72, 48.65, 1, 1890
8699, 6227, 71.58, 72, 48.65, 1, 1890
8700, 6228, 71.59, 72, 48.65, 1, 1890
8701, 6229, 71.59, 72, 48.65, 1, 1890
8702, 6230, 71.59, 72, 48.65, 1, 1890
8703, 6230, 71.58, 72, 48.65, 1, 1890
8704, 6231, 71.59, 72, 48.65, 1, 1890
8705, 6231, 71.58, 72, 48.65, 1, 1891
8706, 6231, 71.57, 72, 48.65, 1, 1892
8707, 6232, 71.57, 72, 48.65, 1, 1892
8708, 6232, 71.57, 72, 48.65, 1, 1893
8709, 6233, 71.57, 72, 48.65, 1, 1893
8710, 6233, 71.56, 72, 48.65, 1, 1894
8711, 6234, 71.56, 72, 48.65, 1, 1894
8712, 6235, 71.57, 72, 48.65, 1, 1894
8713, 6235, 71.56, 72, 48.65, 1, 1895
8714, 6236, 71.56, 72, 48.65, 1, 1895
8715, 6237, 71.57, 72, 48.65, 1, 1895
8716, 6238, 71.57, 72, 48.65, 1, 1895
8717, 6239, 71.57, 72, 48.65, 1, 1895
8718, 6239, 71.56, 72, 48.65, 1, 1896
8719, 6240, 71.57, 72, 48.65, 1, 1896
8720, 6240, 71.56, 72, 48.65, 1, 1897
8721, 6241, 71.56, 72, 48.65, 1, 1897
8722, 6242, 71.57, 72, 48.65, 1, 1897
8723, 6242, 71.56, 72, 48.65, 1, 1898
8724, 6243, 71.56, 72, 48.65, 1, 1898
8725, 6244, 71.56, 72, 48.65, 1, 1898
8726, 6245, 71.57, 72, 48.65, 1, 1898
8727, 6246, 71.57, 72, 48.65, 1, 1898
8728, 6247, 71.57, 72, 48.65, 1, 1898
8729, 6248, 71.58, 72, 48.65, 1, 1898
8730, 6249, 71.58, 72, 48.65, 1, 1898
8731, 6250, 71.58, 72, 48.65, 1, 1898
8732, 6251, 71.59, 72, 48.65, 1, 1898
8733, 6251, 71.58, 72, 48.65, 1, 1899
8734, 6252, 71.58, 72, 48.65, 1, 1899
8735, 6253, 71.59, 72, 48.65, 1, 1899
8736, 6253, 71.58, 72, 48.65, 1, 1900
8737, 6254, 71.58, 72, 48.65, 1, 1900
8738, 6255, 71.58, 72, 48.65, 1, 1900
8739, 6256, 71.59, 72, 48.65, 1, 1900
8740, 6256, 71.58, 72, 48.65, 1, 1901
8741, 6256, 71.57, 72, 48.65, 1, 1902
8742, 6257, 71.57, 72, 48.65, 1, 1902
8743, 6258, 71.58, 72, 48.65, 1, 1902
8744, 6259, 71.58, 72, 48.65, 1, 1902
8745, 6259, 71.57, 72, 48.65, 1, 1903
8746, 6260, 71.58, 72, 48.65, 1, 1903
8747, 6260, 71.57, 72, 48.65, 1, 1903
8748, 6261, 71.57, 72, 48.65, 1, 1903
8749, 6262, 71.57, 72, 48.65, 1, 1903
8750, 6263, 71.58, 72, 48.65, 1, 1903
8751, 6263, 71.57, 72, 48.65, 1, 1903
8752, 6264, 71.57, 72, 48.65, 1, 1903
8753, 6265, 71.58, 72, 48.65, 1, 1903
8754, 6266, 71.58, 72, 48.65, 1, 1903
8755, 6267, 71.58, 72, 48.65, 1, 1903
8756, 6267, 71.57, 72, 48.65, 1, 1904
8757, 6268, 71.58, 72, 48.65, 1, 1904
8758, 6269, 71.58, 72, 48.65, 1, 1904
8759, 6270, 71.58, 72, 48.65, 1, 1904
8760, 6271, 71.59, 72, 48.65, 1, 1904
8761, 6272, 71.59, 72, 48.65, 1, 1904
8762, 6273, 71.59, 72, 48.65, 1, 1904
8763, 6274, 71.60, 72, 48.65, 1, 1904
8764, 6275, 71.60, 72, 48.65, 1, 1904
8765, 6275, 71.59, 72, 48.65, 1, 1905
8766, 6276, 71.59, 72, 48.65, 1, 1905
8767, 6277, 71.60, 72, 48.65, 1, 1905
8768, 6278, 71.60, 72, 48.65, 1, 1905
8769, 6279, 71.60, 72, 48.65, 1, 1905
8770, 6280, 71.61, 72, 48.65, 1, 1905
8771, 6281, 71.61, 72, 48.65, 1, 1905
8772, 6282, 71.61, 72, 48.65, 1, 1905
8773, 6283, 71.62, 72, 48.65, 1, 1905
8774, 6284, 71.62, 72, 48.65, 1, 1905
8775, 6284, 71.61, 72, 48.65, 1, 1905
8776, 6285, 71.62, 72, 48.65, 1, 1905
8777, 6286, 71.62, 72, 48.65, 1, 1905
8778, 6287, 71.62, 72, 48.65, 1, 1905
8779, 6288, 71.63, 72, 48.65, 1, 1905
8780, 6289, 71.63, 72, 48.65, 1, 1905
8781, 6290, 71.63, 72, 48.65, 1, 1905
8782, 6291, 71.64, 72, 48.65, 1, 1905
8783, 6292, 71.64, 72, 48.65, 1, 1905
8784, 6292, 71.63, 72, 48.65, 1, 1906
8785, 6292, 71.62, 72, 48.65, 1, 1907
8786, 6292, 71.61, 72, 48.65, 1, 1907
8787, 6292, 71.61, 72, 48.65, 1, 1907
8788, 6293, 71.61, 72, 48.65, 1, 1907
8789, 6294, 71.61, 72, 48.65, 1, 1907
8790, 6295, 71.62, 72, 48.65, 1, 1907
8791, 6296, 71.62, 72, 48.65, 1, 1907
8792, 6297, 71.62, 72, 48.65, 1, 1907
8793, 6297, 71.61, 72, 48.65, 1, 1908
8794, 6298, 71.62, 72, 48.65, 1, 1908
8795, 6298, 71.61, 72, 48.65, 1, 1909
8796, 6299, 71.61, 72, 48.65, 1, 1909
8797, 6300, 71.62, 72, 48.65, 1, 1909
8798, 6301, 71.62, 72, 48.65, 1, 1909
8799, 6302, 71.62, 72, 48.65, 1, 1909
8800, 6303, 71.62, 72, 48.65, 1, 1909
8801, 6303, 71.62, 72, 48.65, 1, 1910
8802, 6303, 71.61, 72, 48.65, 1, 1910
8803, 6304, 71.61, 72, 48.65, 1, 1910
8804, 6305, 71.62, 72, 48.65, 1, 1910
8805, 6305, 71.61, 72, 48.65, 1, 1910
8806, 6305, 71.60, 72, 48.65, 1, 1910
8807, 6306, 71.60, 72, 48.65, 1, 1910
8808, 6307, 71.61, 72, 48.65, 1, 1910
8809, 6307, 71.60, 72, 48.65, 1, 1911
8810, 6308, 71.60, 72, 48.65, 1, 1911
8811, 6308, 71.59, 72, 48.65, 1, 1912
8812, 6309, 71.60, 72, 48.65, 1, 1912
8813, 6310, 71.60, 72, 48.65, 1, 1912
8814, 6311, 71.60, 72, 48.65, 1, 1912
8815, 6312, 71.61, 72, 48.65, 1, 1912
8816, 6313, 71.61, 72, 48.65, 1, 1912
8817, 6313, 71.60, 72, 48.65, 1, 1913
8818, 6314, 71.60, 72, 48.65, 1, 1913
8819, 6315, 71.61, 72, 48.65, 1, 1913
8820, 6316, 71.61, 72, 48.65, 1, 1913
8821, 6317, 71.61, 72, 48.65, 1, 1913
8822, 6318, 71.62, 72, 48.65, 1, 1913
8823, 6318, 71.61, 72, 48.65, 1, 1914
8824, 6319, 71.61, 72, 48.65, 1, 1914
8825, 6320, 71.61, 72, 48.65, 1, 1914
8826, 6321, 71.62, 72, 48.65, 1, 1914
8827, 6322, 71.62, 72, 48.65, 1, 1914
8828, 6323, 71.62, 72, 48.65, 1, 1914
8829, 6324, 71.63, 72, 48.65, 1, 1914
8830, 6324, 71.62, 72, 48.65, 1, 1915
8831, 6325, 71.62, 72, 48.65, 1, 1915
8832, 6325, 71.61, 72, 48.65, 1, 1916
8833, 6325, 71.61, 72, 48.65, 1, 1917
8834, 6325, 71.60, 72, 48.65, 1, 1918
8835, 6325, 71.59, 72, 48.65, 1, 1919
8836, 6326, 71.59, 72, 48.65, 1, 1919
8837, 6327, 71.60, 72, 48.65, 1, 1919
8838, 6328, 71.60, 72, 48.65, 1, 1919
8839, 6329, 71.60, 72, 48.65, 1, 1919
8840, 6330, 71.61, 72, 48.65, 1, 1919
8841, 6331, 71.61, 72, 48.65, 1, 1919
8842, 6332, 71.61, 72, 48.65, 1, 1919
8843, 6333, 71.62, 72, 48.65, 1, 1919
8844, 6334, 71.62, 72, 48.65, 1, 1919
8845, 6335, 71.62, 72, 48.65, 1, 1919
8846, 6335, 71.61, 72, 48.65, 1, 1920
8847, 6335, 71.61, 72, 48.65, 1, 1921
8848, 6336, 71.61, 72, 48.65, 1, 1921
8849, 6337, 71.61, 72, 48.65, 1, 1921
8850, 6338, 71.62, 72, 48.65, 1, 1921
8851, 6339, 71.62, 72, 48.65, 1, 1921
8852, 6340, 71.62, 72, 48.65, 1, 1921
8853, 6341, 71.63, 72, 48.65, 1, 1921
8854, 6342, 71.63, 72, 48.65, 1, 1921
8855, 6342, 71.62, 72, 48.65, 1, 1921
8856, 6343, 71.62, 72, 48.65, 1, 1921
8857, 6343, 71.62, 72, 48.65, 1, 1921
8858, 6343, 71.61, 72, 48.65, 1, 1922
8859, 6344, 71.61, 72, 48.65, 1, 1922
8860, 6345, 71.61, 72, 48.65, 1, 1922
8861, 6346, 71.62, 72, 48.65, 1, 1922
8862, 6347, 71.62, 72, 48.65, 1, 1922
8863, 6347, 71.61, 72, 48.65, 1, 1923
8864, 6348, 71.62, 72, 48.65, 1, 1923
8865, 6349, 71.62, 72, 48.65, 1, 1923
8866, 6349, 71.61, 72, 48.65, 1, 1923
8867, 6350, 71.61, 72, 48.65, 1, 1923
8868, 6351, 71.62, 72, 48.65, 1, 1923
8869, 6352, 71.62, 72, 48.65, 1, 1923
8870, 6353, 71.62, 72, 48.65, 1, 1923
8871, 6353, 71.62, 72, 48.65, 1, 1923
8872, 6354, 71.62, 72, 48.65, 1, 1923
8873, 6354, 71.61, 72, 48.65, 1, 1923
8874, 6355, 71.61, 72, 48.65, 1, 1923
8875, 6356, 71.62, 72, 48.65, 1, 1923
8876, 6357, 71.62, 72, 48.65, 1, 1923
8877, 6357, 71.61, 72, 48.65, 1, 1923
8878, 6358, 71.62, 72, 48.65, 1, 1923
8879, 6358, 71.61, 72, 48.65, 1, 1924
8880, 6358, 71.60, 72, 48.65, 1, 1925
8881, 6358, 71.59, 72, 48.65, 1, 1926
8882, 6359, 71.59, 72, 48.65, 1, 1926
8883, 6360, 71.60, 72, 48.65, 1, 1926
8884, 6361, 71.60, 72, 48.65, 1, 1926
8885, 6362, 71.60, 72, 48.65, 1, 1926
8886, 6362, 71.60, 72, 48.65, 1, 1927
8887, 6363, 71.60, 72, 48.65, 1, 1927
8888, 6364, 71.60, 72, 48.65, 1, 1927
8889, 6364, 71.59, 72, 48.65, 1, 1928
8890, 6365, 71.60, 72, 48.65, 1, 1928
8891, 6366, 71.60, 72, 48.65, 1, 1928
8892, 6367, 71.60, 72, 48.65, 1, 1928
8893, 6368, 71.61, 72, 48.65, 1, 1928
8894, 6368, 71.60, 72, 48.65, 1, 1929
8895, 6368, 71.59, 72, 48.65, 1, 1930
8896, 6369, 71.59, 72, 48.65, 1, 1930
8897, 6370, 71.60, 72, 48.65, 1, 1930
8898, 6371, 71.60, 72, 48.65, 1, 1930
8899, 6371, 71.59, 72, 48.65, 1, 1930
8900, 6372, 71.60, 72, 48.65, 1, 1930
8901, 6372, 71.59, 72, 48.65, 1, 1931
8902, 6373, 71.59, 72, 48.65, 1, 1931
8903, 6373, 71.58, 72, 48.65, 1, 1932
8904, 6374, 71.59, 72, 48.65, 1, 1932
8905, 6374, 71.58, 72, 48.65, 1, 1933
8906, 6375, 71.58, 72, 48.65, 1, 1933
8907, 6376, 71.58, 72, 48.65, 1, 1933
8908, 6377, 71.59, 72, 48.65, 1, 1933
8909, 6377, 71.58, 72, 48.65, 1, 1934
8910, 6378, 71.58, 72, 48.65, 1, 1934
8911, 6379, 71.59, 72, 48.65, 1, 1934
8912, 6380, 71.59, 72, 48.65, 1, 1934
8913, 6381, 71.59, 72, 48.65, 1, 1934
8914, 6382, 71.60, 72, 48.65, 1, 1934
8915, 6382, 71.59, 72, 48.65, 1, 1935
8916, 6383, 71.59, 72, 48.65, 1, 1935
8917, 6384, 71.59, 72, 48.65, 1, 1935
8918, 6384, 71.59, 72, 48.65, 1, 1936
8919, 6385, 71.59, 72, 48.65, 1, 1936
8920, 6386, 71.59, 72, 48.65, 1, 1936
8921, 6386, 71.58, 72, 48.65, 1, 1937
8922, 6387, 71.59, 72, 48.65, 1, 1937
8923, 6388, 71.59, 72, 48.65, 1, 1937
8924, 6389, 71.59, 72, 48.65, 1, 1937
8925, 6390, 71.60, 72, 48.65, 1, 1937
8926, 6390, 71.59, 72, 48.65, 1, 1938
8927, 6390, 71.58, 72, 48.65, 1, 1939
8928, 6391, 71.58, 72, 48.65, 1, 1939
8929, 6391, 71.58, 72, 48.65, 1, 1940
8930, 6391, 71.57, 72, 48.65, 1, 1941
8931, 6392, 71.57, 72, 48.65, 1, 1941
8932, 6393, 71.57, 72, 48.65, 1, 1941
8933, 6394, 71.58, 72, 48.65, 1, 1941
8934, 6395, 71.58, 72, 48.65, 1, 1941
8935, 6396, 71.58, 72, 48.65, 1, 1941
8936, 6397, 71.59, 72, 48.65, 1, 1941
8937, 6398, 71.59, 72, 48.65, 1, 1941
8938, 6398, 71.58, 72, 48.65, 1, 1942
8939, 6399, 71.59, 72, 48.65, 1, 1942
8940, 6399, 71.58, 72, 48.65, 1, 1942
8941, 6400, 71.58, 72, 48.65, 1, 1942
8942, 6401, 71.58, 72, 48.65, 1, 1942
8943, 6401, 71.58, 72, 48.65, 1, 1942
8944, 6402, 71.58, 72, 48.65, 1, 1942
8945, 6403, 71.58, 72, 48.65, 1, 1942
8946, 6404, 71.59, 72, 48.65, 1, 1942
8947, 6405, 71.59, 72, 48.65, 1, 1942
8948, 6406, 71.59, 72, 48.65, 1, 1942
8949, 6407, 71.59, 72, 48.65, 1, 1942
8950, 6408, 71.60, 72, 48.65, 1, 1942
8951, 6408, 71.59, 72, 48.65, 1, 1943
8952, 6409, 71.59, 72, 48.65, 1, 1943
8953, 6410, 71.60, 72, 48.65, 1, 1943
8954, 6411, 71.60, 72, 48.65, 1, 1943
8955, 6412, 71.60, 72, 48.65, 1, 1943
8956, 6413, 71.61, 72, 48.65, 1, 1943
8957, 6413, 71.60, 72, 48.65, 1, 1944
8958, 6414, 71.60, 72, 48.65, 1, 1944
8959, 6414, 71.59, 72, 48.65, 1, 1945
8960, 6414, 71.58, 72, 48.65, 1, 1946
8961, 6415, 71.59, 72, 48.65, 1, 1946
8962, 6416, 71.59, 72, 48.65, 1, 1946
8963, 6417, 71.59, 72, 48.65, 1, 1946
8964, 6418, 71.60, 72, 48.65, 1, 1946
8965, 6419, 71.60, 72, 48.65, 1, 1946
8966, 6420, 71.60, 72, 48.65, 1, 1946
8967, 6421, 71.61, 72, 48.65, 1, 1946
8968, 6422, 71.61, 72, 48.65, 1, 1946
8969, 6423, 71.61, 72, 48.65, 1, 1946
8970, 6424, 71.62, 72, 48.65, 1, 1946
8971, 6425, 71.62, 72, 48.65, 1, 1946
8972, 6426, 71.62, 72, 48.65, 1, 1946
8973, 6427, 71.63, 72, 48.65, 1, 1946
8974, 6428, 71.63, 72, 48.65, 1, 1946
8975, 6429, 71.63, 72, 48.65, 1, 1946
8976, 6429, 71.62, 72, 48.65, 1, 1947
8977, 6430, 71.63, 72, 48.65, 1, 1947
8978, 6430, 71.62, 72, 48.65, 1, 1948
8979, 6431, 71.62, 72, 48.65, 1, 1948
8980, 6432, 71.63, 72, 48.65, 1, 1948
8981, 6432, 71.62, 72, 48.65, 1, 1948
8982, 6433, 71.62, 72, 48.65, 1, 1948
8983, 6434, 71.62, 72, 48.65, 1, 1948
8984, 6435, 71.63, 72, 48.65, 1, 1948
8985, 6435, 71.62, 72, 48.65, 1, 1949
8986, 6436, 71.62, 72, 48.65, 1, 1949
8987, 6437, 71.63, 72, 48.65, 1, 1949
8988, 6438, 71.63, 72, 48.65, 1, 1949
8989, 6439, 71.63, 72, 48.65, 1, 1949
8990, 6440, 71.64, 72, 48.65, 1, 1949
8991, 6441, 71.64, 72, 48.65, 1, 1949
8992, 6442, 71.64, 72, 48.65, 1, 1949
8993, 6443, 71.64, 72, 48.65, 1, 1949
8994, 6444, 71.65, 72, 48.65, 1, 1949
8995, 6445, 71.65, 72, 48.65, 1, 1949
8996, 6445, 71.64, 72, 48.65, 1, 1950
8997, 6446, 71.65, 72, 48.65, 1, 1950
8998, 6447, 71.65, 72, 48.65, 1, 1950
8999, 6448, 71.65, 72, 48.65, 1, 1950
9000, 6449, 71.66, 72, 48.65, 1, 1950
9001, 6450, 71.66, 72, 48.65, 1, 1950
9002, 6451, 71.66, 72, 48.65, 1, 1950
9003, 6452, 71.67, 72, 48.65, 1, 1950
9004, 6452, 71.66, 72, 48.65, 1, 1951
9005, 6453, 71.66, 72, 48.65, 1, 1951
9006, 6454, 71.66, 72, 48.65, 1, 1951
9007, 6455, 71.67, 72, 48.65, 1, 1951
9008, 6456, 71.67, 72, 48.65, 1, 1951
9009, 6457, 71.67, 72, 48.65, 1, 1951
9010, 6458, 71.68, 72, 48.65, 1, 1951
9011, 6459, 71.68, 72, 48.65, 1, 1951
9012, 6460, 71.68, 72, 48.65, 1, 1951
9013, 6461, 71.69, 72, 48.65, 1, 1951
9014, 6462, 71.69, 72, 48.65, 1, 1951
9015, 6463, 71.69, 72, 48.65, 1, 1951
9016, 6464, 71.69, 72, 48.65, 1, 1951
9017, 6464, 71.69, 72, 48.65, 1, 1952
9018, 6464, 71.68, 72, 48.65, 1, 1952
9019, 6465, 71.68, 72, 48.65, 1, 1952
9020, 6466, 71.69, 72, 48.65, 1, 1952
9021, 6467, 71.69, 72, 48.65, 1, 1952
9022, 6468, 71.69, 72, 48.65, 1, 1952
9023, 6469, 71.69, 72, 48.65, 1, 1952
9024, 6470, 71.70, 72, 48.65, 1, 1952
9025, 6470, 71.69, 72, 48.65, 1, 1952
9026, 6471, 71.69, 72, 48.65, 1, 1952
9027, 6472, 71.70, 72, 48.65, 1, 1952
9028, 6473, 71.70, 72, 48.65, 1, 1952
9029, 6474, 71.70, 72, 48.65, 1, 1952
9030, 6475, 71.71, 72, 48.65, 1, 1952
9031, 6476, 71.71, 72, 48.65, 1, 1952
9032, 6477, 71.71, 72, 48.65, 1, 1952
9033, 6478, 71.71, 72, 48.65, 1, 1952
9034, 6479, 71.72, 72, 48.65, 1, 1952
9035, 6480, 71.72, 72, 48.65, 1, 1952
9036, 6480, 71.71, 72, 48.65, 1, 1953
9037, 6481, 71.72, 72, 48.65, 1, 1953
9038, 6481, 71.71, 72, 48.65, 1, 1954
9039, 6481, 71.70, 72, 48.65, 1, 1955
9040, 6482, 71.70, 72, 48.65, 1, 1955
9041, 6483, 71.71, 72, 48.65, 1, 1955
9042, 6483, 71.70, 72, 48.65, 1, 1956
9043, 6484, 71.70, 72, 48.65, 1, 1956
9044, 6485, 71.70, 72, 48.65, 1, 1956
9045, 6485, 71.70, 72, 48.65, 1, 1957
9046, 6486, 71.70, 72, 48.65, 1, 1957
9047, 6486, 71.69, 72, 48.65, 1, 1957
9048, 6487, 71.70, 72, 48.65, 1, 1957
9049, 6488, 71.70, 72, 48.65, 1, 1957
9050, 6489, 71.70, 72, 48.65, 1, 1957
9051, 6490, 71.70, 72, 48.65, 1, 1957
9052, 6491, 71.71, 72, 48.65, 1, 1957
9053, 6492, 71.71, 72, 48.65, 1, 1957
9054, 6492, 71.70, 72, 48.65, 1, 1958
9055, 6493, 71.71, 72, 48.65, 1, 1958
9056, 6494, 71.71, 72, 48.65, 1, 1958
9057, 6495, 71.71, 72, 48.65, 1, 1958
9058, 6496, 71.72, 72, 48.65, 1, 1958
9059, 6496, 71.71, 72, 48.65, 1, 1958
9060, 6496, 71.70, 72, 48.65, 1, 1959
9061, 6496, 71.69, 72, 48.65, 1, 1960
9062, 6497, 71.69, 72, 48.65, 1, 1960
9063, 6498, 71.70, 72, 48.65, 1, 1960
9064, 6498, 71.69, 72, 48.65, 1, 1961
9065, 6499, 71.69, 72, 48.65, 1, 1961
9066, 6500, 71.70, 72, 48.65, 1, 1961
9067, 6501, 71.70, 72, 48.65, 1, 1961
9068, 6502, 71.70, 72, 48.65, 1, 1961
9069, 6503, 71.71, 72, 48.65, 1, 1961
9070, 6504, 71.71, 72, 48.65, 1, 1961
9071, 6505, 71.71, 72, 48.65, 1, 1961
9072, 6505, 71.70, 72, 48.65, 1, 1961
9073, 6506, 71.71, 72, 48.65, 1, 1961
9074, 6507, 71.71, 72, 48.65, 1, 1961
9075, 6508, 71.71, 72, 48.65, 1, 1961
9076, 6508, 71.71, 72, 48.65, 1, 1961
9077, 6509, 71.71, 72, 48.65, 1, 1961
9078, 6509, 71.70, 72, 48.65, 1, 1962
9079, 6510, 71.70, 72, 48.65, 1, 1962
9080, 6510, 71.70, 72, 48.65, 1, 1963
9081, 6511, 71.70, 72, 48.65, 1, 1963
9082, 6511, 71.69, 72, 48.65, 1, 1964
9083, 6511, 71.68, 72, 48.65, 1, 1965
9084, 6512, 71.69, 72, 48.65, 1, 1965
9085, 6512, 71.68, 72, 48.65, 1, 1966
9086, 6513, 71.68, 72, 48.65, 1, 1966
9087, 6513, 71.67, 72, 48.65, 1, 1967
9088, 6514, 71.68, 72, 48.65, 1, 1967
9089, 6515, 71.68, 72, 48.65, 1, 1967
9090, 6515, 71.67, 72, 48.65, 1, 1968
9091, 6516, 71.68, 72, 48.65, 1, 1968
9092, 6517, 71.68, 72, 48.65, 1, 1968
9093, 6518, 71.68, 72, 48.65, 1, 1968
9094, 6519, 71.68, 72, 48.65, 1, 1968
9095, 6519, 71.68, 72, 48.65, 1, 1969
9096, 6520, 71.68, 72, 48.65, 1, 1969
9097, 6521, 71.68, 72, 48.65, 1, 1969
9098, 6522, 71.69, 72, 48.65, 1, 1969
9099, 6523, 71.69, 72, 48.65, 1, 1969
9100, 6524, 71.69, 72, 48.65, 1, 1969
9101, 6524, 71.68, 72, 48.65, 1, 1970
9102, 6524, 71.68, 72, 48.65, 1, 1971
9103, 6525, 71.68, 72, 48.65, 1, 1971
9104, 6525, 71.67, 72, 48.65, 1, 1972
9105, 6526, 71.67, 72, 48.65, 1, 1972
9106, 6527, 71.68, 72, 48.65, 1, 1972
9107, 6527, 71.67, 72, 48.65, 1, 1973
9108, 6528, 71.67, 72, 48.65, 1, 1973
9109, 6529, 71.68, 72, 48.65, 1, 1973
9110, 6529, 71.67, 72, 48.65, 1, 1974
9111, 6530, 71.67, 72, 48.65, 1, 1974
9112, 6530, 71.66, 72, 48.65, 1, 1975
9113, 6531, 71.67, 72, 48.65, 1, 1975
9114, 6532, 71.67, 72, 48.65, 1, 1975
9115, 6533, 71.67, 72, 48.65, 1, 1975
9116, 6534, 71.68, 72, 48.65, 1, 1975
9117, 6534, 71.67, 72, 48.65, 1, 1976
9118, 6535, 71.67, 72, 48.65, 1, 1976
9119, 6536, 71.67, 72, 48.65, 1, 1976
9120, 6537, 71.68, 72, 48.65, 1, 1976
9121, 6537, 71.67, 72, 48.65, 1, 1977
9122, 6538, 71.67, 72, 48.65, 1, 1977
9123, 6539, 71.68, 72, 48.65, 1, 1977
9124, 6540, 71.68, 72, 48.65, 1, 1977
9125, 6541, 71.68, 72, 48.65, 1, 1977
9126, 6542, 71.69, 72, 48.65, 1, 1977
9127, 6543, 71.69, 72, 48.65, 1, 1977
9128, 6543, 71.68, 72, 48.65, 1, 1978
9129, 6544, 71.68, 72, 48.65, 1, 1978
9130, 6544, 71.68, 72, 48.65, 1, 1978
9131, 6544, 71.67, 72, 48.65, 1, 1978
9132, 6545, 71.67, 72, 48.65, 1, 1978
9133, 6546, 71.67, 72, 48.65, 1, 1978
9134, 6546, 71.67, 72, 48.65, 1, 1978
9135, 6547, 71.67, 72, 48.65, 1, 1978
9136, 6548, 71.67, 72, 48.65, 1, 1978
9137, 6549, 71.68, 72, 48.65, 1, 1978
9138, 6550, 71.68, 72, 48.65, 1, 1978
9139, 6551, 71.68, 72, 48.65, 1, 1978
9140, 6552, 71.68, 72, 48.65, 1, 1978
9141, 6552, 71.68, 72, 48.65, 1, 1978
9142, 6553, 71.68, 72, 48.65, 1, 1978
9143, 6554, 71.68, 72, 48.65, 1, 1978
9144, 6555, 71.69, 72, 48.65, 1, 1978
9145, 6556, 71.69, 72, 48.65, 1, 1978
9146, 6557, 71.69, 72, 48.65, 1, 1978
9147, 6558, 71.70, 72, 48.65, 1, 1978
9148, 6559, 71.70, 72, 48.65, 1, 1978
9149, 6560, 71.70, 72, 48.65, 1, 1978
9150, 6561, 71.70, 72, 48.65, 1, 1978
9151, 6562, 71.71, 72, 48.65, 1, 1978
9152, 6563, 71.71, 72, 48.65, 1, 1978
9153, 6563, 71.70, 72, 48.65, 1, 1979
9154, 6563, 71.70, 72, 48.65, 1, 1980
9155, 6563, 71.69, 72, 48.65, 1, 1981
9156, 6564, 71.69, 72, 48.65, 1, 1981
9157, 6564, 71.68, 72, 48.65, 1, 1982
9158, 6565, 71.69, 72, 48.65, 1, 1982
9159, 6566, 71.69, 72, 48.65, 1, 1982
9160, 6566, 71.68, 72, 48.65, 1, 1983
9161, 6566, 71.67, 72, 48.65, 1, 1984
9162, 6566, 71.67, 72, 48.65, 1, 1984
9163, 6567, 71.67, 72, 48.65, 1, 1984
9164, 6568, 71.67, 72, 48.65, 1, 1984
9165, 6569, 71.67, 72, 48.65, 1, 1984
9166, 6569, 71.67, 72, 48.65, 1, 1984
9167, 6570, 71.67, 72, 48.65, 1, 1984
9168, 6570, 71.66, 72, 48.65, 1, 1985
9169, 6571, 71.67, 72, 48.65, 1, 1985
9170, 6572, 71.67, 72, 48.65, 1, 1985
9171, 6572, 71.66, 72, 48.65, 1, 1986
9172, 6573, 71.66, 72, 48.65, 1, 1986
9173, 6574, 71.67, 72, 48.65, 1, 1986
9174, 6575, 71.67, 72, 48.65, 1, 1986
9175, 6575, 71.66, 72, 48.65, 1, 1987
9176, 6576, 71.67, 72, 48.65, 1, 1987
9177, 6576, 71.66, 72, 48.65, 1, 1988
9178, 6577, 71.66, 72, 48.65, 1, 1988
9179, 6578, 71.66, 72, 48.65, 1, 1988
9180, 6578, 71.66, 72, 48.65, 1, 1989
9181, 6579, 71.66, 72, 48.65, 1, 1989
9182, 6580, 71.66, 72, 48.65, 1, 1989
9183, 6580, 71.65, 72, 48.65, 1, 1990
9184, 6581, 71.66, 72, 48.65, 1, 1990
9185, 6581, 71.65, 72, 48.65, 1, 1991
9186, 6581, 71.64, 72, 48.65, 1, 1992
9187, 6582, 71.64, 72, 48.65, 1, 1992
9188, 6583, 71.65, 72, 48.65, 1, 1992
9189, 6584, 71.65, 72, 48.65, 1, 1992
9190, 6585, 71.65, 72, 48.65, 1, 1992
9191, 6586, 71.66, 72, 48.65, 1, 1992
9192, 6586, 71.65, 72, 48.65, 1, 1993
9193, 6587, 71.65, 72, 48.65, 1, 1993
9194, 6588, 71.66, 72, 48.65, 1, 1993
9195, 6589, 71.66, 72, 48.65, 1, 1993
9196, 6589, 71.65, 72, 48.65, 1, 1994
9197, 6590, 71.65, 72, 48.65, 1, 1994
9198, 6591, 71.66, 72, 48.65, 1, 1994
9199, 6592, 71.66, 72, 48.65, 1, 1994
9200, 6593, 71.66, 72, 48.65, 1, 1994
9201, 6593, 71.66, 72, 48.65, 1, 1995
9202, 6594, 71.66, 72, 48.65, 1, 1995
9203, 6595, 71.66, 72, 48.65, 1, 1995
9204, 6596, 71.66, 72, 48.65, 1, 1995
9205, 6597, 71.67, 72, 48.65, 1, 1995
9206, 6598, 71.67, 72, 48.65, 1, 1995
9207, 6599, 71.67, 72, 48.65, 1, 1995
9208, 6600, 71.68, 72, 48.65, 1, 1995
9209, 6600, 71.67, 72, 48.65, 1, 1996
9210, 6601, 71.67, 72, 48.65, 1, 1996
9211, 6601, 71.66, 72, 48.65, 1, 1997
9212, 6602, 71.67, 72, 48.65, 1, 1997
9213, 6603, 71.67, 72, 48.65, 1, 1997
9214, 6603, 71.66, 72, 48.65, 1, 1998
9215, 6603, 71.65, 72, 48.65, 1, 1999
9216, 6604, 71.66, 72, 48.65, 1, 1999
9217, 6605, 71.66, 72, 48.65, 1, 1999
9218, 6606, 71.66, 72, 48.65, 1, 1999
9219, 6606, 71.66, 72, 48.65, 1, 2000
9220, 6607, 71.66, 72, 48.65, 1, 2000
9221, 6608, 71.66, 72, 48.65, 1, 2000
9222, 6609, 71.67, 72, 48.65, 1, 2000
9223, 6610, 71.67, 72, 48.65, 1, 2000
9224, 6611, 71.67, 72, 48.65, 1, 2000
9225, 6612, 71.67, 72, 48.65, 1, 2000
9226, 6613, 71.68, 72, 48.65, 1, 2000
9227, 6613, 71.67, 72, 48.65, 1, 2001
9228, 6614, 71.67, 72, 48.65, 1, 2001
9229, 6614, 71.67, 72, 48.65, 1, 2002
9230, 6615, 71.67, 72, 48.65, 1, 2002
9231, 6616, 71.67, 72, 48.65, 1, 2002
9232, 6617, 71.67, 72, 48.65, 1, 2002
9233, 6617, 71.67, 72, 48.65, 1, 2003
9234, 6617, 71.66, 72, 48.65, 1, 2003
9235, 6618, 71.66, 72, 48.65, 1, 2003
9236, 6618, 71.65, 72, 48.65, 1, 2003
9237, 6619, 71.66, 72, 48.65, 1, 2003
9238, 6620, 71.66, 72, 48.65, 1, 2003
9239, 6621, 71.66, 72, 48.65, 1, 2003
9240, 6622, 71.67, 72, 48.65, 1, 2003
9241, 6623, 71.67, 72, 48.65, 1, 2003
9242, 6623, 71.66, 72, 48.65, 1, 2004
9243, 6623, 71.65, 72, 48.65, 1, 2005
9244, 6624, 71.66, 72, 48.65, 1, 2005
9245, 6625, 71.66, 72, 48.65, 1, 2005
9246, 6626, 71.66, 72, 48.65, 1, 2005
9247, 6627, 71.67, 72, 48.65, 1, 2005
9248, 6628, 71.67, 72, 48.65, 1, 2005
9249, 6628, 71.66, 72, 48.65, 1, 2006
9250, 6628, 71.65, 72, 48.65, 1, 2007
9251, 6629, 71.66, 72, 48.65, 1, 2007
9252, 6629, 71.65, 72, 48.65, 1, 2008
9253, 6629, 71.64, 72, 48.65, 1, 2008
9254, 6630, 71.64, 72, 48.65, 1, 2008
9255, 6631, 71.65, 72, 48.65, 1, 2008
9256, 6632, 71.65, 72, 48.65, 1, 2008
9257, 6633, 71.65, 72, 48.65, 1, 2008
9258, 6633, 71.65, 72, 48.65, 1, 2009
9259, 6634, 71.65, 72, 48.65, 1, 2009
9260, 6635, 71.65, 72, 48.65, 1, 2009
9261, 6636, 71.66, 72, 48.65, 1, 2009
9262, 6637, 71.66, 72, 48.65, 1, 2009
9263, 6637, 71.65, 72, 48.65, 1, 2010
9264, 6638, 71.65, 72, 48.65, 1, 2010
9265, 6639, 71.66, 72, 48.65, 1, 2010
9266, 6640, 71.66, 72, 48.65, 1, 2010
9267, 6640, 71.65, 72, 48.65, 1, 2011
9268, 6641, 71.66, 72, 48.65, 1, 2011
9269, 6642, 71.66, 72, 48.65, 1, 2011
9270, 6643, 71.66, 72, 48.65, 1, 2011
9271, 6644, 71.66, 72, 48.65, 1, 2011
9272, 6644, 71.66, 72, 48.65, 1, 2012
9273, 6645, 71.66, 72, 48.65, 1, 2012
9274, 6646, 71.66, 72, 48.65, 1, 2012
9275, 6646, 71.65, 72, 48.65, 1, 2013
9276, 6647, 71.66, 72, 48.65, 1, 2013
9277, 6648, 71.66, 72, 48.65, 1, 2013
9278, 6649, 71.66, 72, 48.65, 1, 2013
9279, 6650, 71.67, 72, 48.65, 1, 2013
9280, 6651, 71.67, 72, 48.65, 1, 2013
9281, 6652, 71.67, 72, 48.65, 1, 2013
9282, 6653, 71.68, 72, 48.65, 1, 2013
9283, 6654, 71.68, 72, 48.65, 1, 2013
9284, 6655, 71.68, 72, 48.65, 1, 2013
9285, 6655, 71.67, 72, 48.65, 1, 2014
9286, 6656, 71.68, 72, 48.65, 1, 2014
9287, 6657, 71.68, 72, 48.65, 1, 2014
9288, 6657, 71.67, 72, 48.65, 1, 2015
9289, 6657, 71.67, 72, 48.65, 1, 2016
9290, 6657, 71.66, 72, 48.65, 1, 2017
9291, 6658, 71.66, 72, 48.65, 1, 2017
9292, 6658, 71.65, 72, 48.65, 1, 2018
9293, 6658, 71.65, 72, 48.65, 1, 2019
9294, 6659, 71.65, 72, 48.65, 1, 2019
9295, 6660, 71.65, 72, 48.65, 1, 2019
9296, 6660, 71.64, 72, 48.65, 1, 2020
9297, 6661, 71.65, 72, 48.65, 1, 2020
9298, 6662, 71.65, 72, 48.65, 1, 2020
9299, 6663, 71.65, 72, 48.65, 1, 2020
9300, 6664, 71.66, 72, 48.65, 1, 2020
9301, 6665, 71.66, 72, 48.65, 1, 2020
9302, 6666, 71.66, 72, 48.65, 1, 2020
9303, 6667, 71.67, 72, 48.65, 1, 2020
9304, 6668, 71.67, 72, 48.65, 1, 2020
9305, 6668, 71.66, 72, 48.65, 1, 2021
9306, 6668, 71.65, 72, 48.65, 1, 2021
9307, 6669, 71.66, 72, 48.65, 1, 2021
9308, 6669, 71.65, 72, 48.65, 1, 2021
9309, 6670, 71.65, 72, 48.65, 1, 2021
9310, 6671, 71.65, 72, 48.65, 1, 2021
9311, 6672, 71.66, 72, 48.65, 1, 2021
9312, 6672, 71.65, 72, 48.65, 1, 2021
9313, 6672, 71.64, 72, 48.65, 1, 2021
9314, 6673, 71.64, 72, 48.65, 1, 2021
9315, 6674, 71.65, 72, 48.65, 1, 2021
9316, 6675, 71.65, 72, 48.65, 1, 2021
9317, 6676, 71.65, 72, 48.65, 1, 2021
9318, 6677, 71.66, 72, 48.65, 1, 2021
9319, 6677, 71.65, 72, 48.65, 1, 2022
9320, 6677, 71.64, 72, 48.65, 1, 2023
9321, 6678, 71.64, 72, 48.65, 1, 2023
9322, 6679, 71.65, 72, 48.65, 1, 2023
9323, 6680, 71.65, 72, 48.65, 1, 2023
9324, 6681, 71.65, 72, 48.65, 1, 2023
9325, 6682, 71.66, 72, 48.65, 1, 2023
9326, 6683, 71.66, 72, 48.65, 1, 2023
9327, 6683, 71.65, 72, 48.65, 1, 2023
9328, 6684, 71.66, 72, 48.65, 1, 2023
9329, 6685, 71.66, 72, 48.65, 1, 2023
9330, 6686, 71.66, 72, 48.65, 1, 2023
9331, 6687, 71.66, 72, 48.65, 1, 2023
9332, 6688, 71.67, 72, 48.65, 1, 2023
9333, 6689, 71.67, 72, 48.65, 1, 2023
9334, 6690, 71.67, 72, 48.65, 1, 2023
9335, 6691, 71.68, 72, 48.65, 1, 2023
9336, 6691, 71.67, 72, 48.65, 1, 2024
9337, 6691, 71.66, 72, 48.65, 1, 2025
9338, 6692, 71.66, 72, 48.65, 1, 2025
9339, 6693, 71.67, 72, 48.65, 1, 2025
9340, 6694, 71.67, 72, 48.65, 1, 2025
9341, 6695, 71.67, 72, 48.65, 1, 2025
9342, 6696, 71.68, 72, 48.65, 1, 2025
9343, 6696, 71.67, 72, 48.65, 1, 2026
9344, 6697, 71.67, 72, 48.65, 1, 2026
9345, 6698, 71.67, 72, 48.65, 1, 2026
9346, 6699, 71.68, 72, 48.65, 1, 2026
9347, 6699, 71.67, 72, 48.65, 1, 2026
9348, 6700, 71.67, 72, 48.65, 1, 2026
9349, 6700, 71.67, 72, 48.65, 1, 2026
9350, 6700, 71.66, 72, 48.65, 1, 2027
9351, 6700, 71.65, 72, 48.65, 1, 2028
9352, 6701, 71.65, 72, 48.65, 1, 2028
9353, 6701, 71.65, 72, 48.65, 1, 2029
9354, 6701, 71.64, 72, 48.65, 1, 2029
9355, 6701, 71.63, 72, 48.65, 1, 2029
9356, 6702, 71.63, 72, 48.65, 1, 2029
9357, 6702, 71.63, 72, 48.65, 1, 2030
9358, 6703, 71.63, 72, 48.65, 1, 2030
9359, 6704, 71.63, 72, 48.65, 1, 2030
9360, 6704, 71.62, 72, 48.65, 1, 2031
9361, 6705, 71.63, 72, 48.65, 1, 2031
9362, 6706, 71.63, 72, 48.65, 1, 2031
9363, 6707, 71.63, 72, 48.65, 1, 2031
9364, 6708, 71.64, 72, 48.65, 1, 2031
9365, 6708, 71.63, 72, 48.65, 1, 2032
9366, 6709, 71.63, 72, 48.65, 1, 2032
9367, 6710, 71.63, 72, 48.65, 1, 2032
9368, 6710, 71.63, 72, 48.65, 1, 2033
9369, 6711, 71.63, 72, 48.65, 1, 2033
9370, 6711, 71.62, 72, 48.65, 1, 2034
9371, 6712, 71.63, 72, 48.65, 1, 2034
9372, 6713, 71.63, 72, 48.65, 1, 2034
9373, 6714, 71.63, 72, 48.65, 1, 2034
9374, 6715, 71.63, 72, 48.65, 1, 2034
9375, 6716, 71.64, 72, 48.65, 1, 2034
9376, 6716, 71.63, 72, 48.65, 1, 2035
9377, 6717, 71.63, 72, 48.65, 1, 2035
9378, 6718, 71.64, 72, 48.65, 1, 2035
9379, 6719, 71.64, 72, 48.65, 1, 2035
9380, 6719, 71.63, 72, 48.65, 1, 2036
9381, 6720, 71.63, 72, 48.65, 1, 2036
9382, 6721, 71.64, 72, 48.65, 1, 2036
9383, 6721, 71.63, 72, 48.65, 1, 2037
9384, 6722, 71.63, 72, 48.65, 1, 2037
9385, 6722, 71.62, 72, 48.65, 1, 2038
9386, 6722, 71.62, 72, 48.65, 1, 2039
9387, 6723, 71.62, 72, 48.65, 1, 2039
9388, 6723, 71.61, 72, 48.65, 1, 2040
9389, 6724, 71.62, 72, 48.65, 1, 2040
9390, 6724, 71.61, 72, 48.65, 1, 2041
9391, 6724, 71.60, 72, 48.65, 1, 2042
9392, 6725, 71.60, 72, 48.65, 1, 2042
9393, 6725, 71.60, 72, 48.65, 1, 2043
9394, 6726, 71.60, 72, 48.65, 1, 2043
9395, 6727, 71.60, 72, 48.65, 1, 2043
9396, 6727, 71.59, 72, 48.65, 1, 2044
9397, 6728, 71.60, 72, 48.65, 1, 2044
9398, 6729, 71.60, 72, 48.65, 1, 2044
9399, 6730, 71.60, 72, 48.65, 1, 2044
9400, 6731, 71.61, 72, 48.65, 1, 2044
9401, 6732, 71.61, 72, 48.65, 1, 2044
9402, 6733, 71.61, 72, 48.65, 1, 2044
9403, 6733, 71.60, 72, 48.65, 1, 2045
9404, 6733, 71.60, 72, 48.65, 1, 2046
9405, 6733, 71.59, 72, 48.65, 1, 2047
9406, 6734, 71.59, 72, 48.65, 1, 2047
9407, 6734, 71.58, 72, 48.65, 1, 2047
9408, 6735, 71.59, 72, 48.65, 1, 2047
9409, 6736, 71.59, 72, 48.65, 1, 2047
9410, 6737, 71.59, 72, 48.65, 1, 2047
9411, 6738, 71.60, 72, 48.65, 1, 2047
9412, 6738, 71.59, 72, 48.65, 1, 2048
9413, 6739, 71.59, 72, 48.65, 1, 2048
9414, 6740, 71.60, 72, 48.65, 1, 2048
9415, 6740, 71.59, 72, 48.65, 1, 2049
9416, 6741, 71.59, 72, 48.65, 1, 2049
9417, 6741, 71.58, 72, 48.65, 1, 2050
9418, 6742, 71.59, 72, 48.65, 1, 2050
9419, 6743, 71.59, 72, 48.65, 1, 2050
9420, 6743, 71.58, 72, 48.65, 1, 2051
9421, 6744, 71.58, 72, 48.65, 1, 2051
9422, 6745, 71.59, 72, 48.65, 1, 2051
9423, 6745, 71.58, 72, 48.65, 1, 2052
9424, 6746, 71.58, 72, 48.65, 1, 2052
9425, 6747, 71.59, 72, 48.65, 1, 2052
9426, 6748, 71.59, 72, 48.65, 1, 2052
9427, 6749, 71.59, 72, 48.65, 1, 2052
9428, 6750, 71.60, 72, 48.65, 1, 2052
9429, 6751, 71.60, 72, 48.65, 1, 2052
9430, 6752, 71.60, 72, 48.65, 1, 2052
9431, 6753, 71.60, 72, 48.65, 1, 2052
9432, 6754, 71.61, 72, 48.65, 1, 2052
9433, 6755, 71.61, 72, 48.65, 1, 2052
9434, 6756, 71.61, 72, 48.65, 1, 2052
9435, 6756, 71.61, 72, 48.65, 1, 2053
9436, 6757, 71.61, 72, 48.65, 1, 2053
9437, 6758, 71.61, 72, 48.65, 1, 2053
9438, 6758, 71.60, 72, 48.65, 1, 2054
9439, 6759, 71.61, 72, 48.65, 1, 2054
9440, 6760, 71.61, 72, 48.65, 1, 2054
9441, 6761, 71.61, 72, 48.65, 1, 2054
9442, 6762, 71.62, 72, 48.65, 1, 2054
9443, 6762, 71.61, 72, 48.65, 1, 2055
9444, 6763, 71.61, 72, 48.65, 1, 2055
9445, 6764, 71.61, 72, 48.65, 1, 2055
9446, 6765, 71.62, 72, 48.65, 1, 2055
9447, 6766, 71.62, 72, 48.65, 1, 2055
9448, 6766, 71.61, 72, 48.65, 1, 2056
9449, 6767, 71.62, 72, 48.65, 1, 2056
9450, 6768, 71.62, 72, 48.65, 1, 2056
9451, 6769, 71.62, 72, 48.65, 1, 2056
9452, 6770, 71.63, 72, 48.65, 1, 2056
9453, 6771, 71.63, 72, 48.65, 1, 2056
9454, 6771, 71.62, 72, 48.65, 1, 2057
9455, 6772, 71.62, 72, 48.65, 1, 2057
9456, 6773, 71.63, 72, 48.65, 1, 2057
9457, 6773, 71.62, 72, 48.65, 1, 2057
9458, 6774, 71.62, 72, 48.65, 1, 2057
9459, 6775, 71.62, 72, 48.65, 1, 2057
9460, 6775, 71.62, 72, 48.65, 1, 2058
9461, 6776, 71.62, 72, 48.65, 1, 2058
9462, 6776, 71.61, 72, 48.65, 1, 2059
9463, 6776, 71.61, 72, 48.65, 1, 2060
9464, 6777, 71.61, 72, 48.65, 1, 2060
9465, 6778, 71.61, 72, 48.65, 1, 2060
9466, 6779, 71.61, 72, 48.65, 1, 2060
9467, 6780, 71.62, 72, 48.65, 1, 2060
9468, 6781, 71.62, 72, 48.65, 1, 2060
9469, 6782, 71.62, 72, 48.65, 1, 2060
9470, 6783, 71.63, 72, 48.65, 1, 2060
9471, 6784, 71.63, 72, 48.65, 1, 2060
9472, 6784, 71.62, 72, 48.65, 1, 2061
9473, 6785, 71.62, 72, 48.65, 1, 2061
9474, 6785, 71.62, 72, 48.65, 1, 2062
9475, 6786, 71.62, 72, 48.65, 1, 2062
9476, 6787, 71.62, 72, 48.65, 1, 2062
9477, 6787, 71.62, 72, 48.65, 1, 2063
9478, 6788, 71.62, 72, 48.65, 1, 2063
9479, 6789, 71.62, 72, 48.65, 1, 2063
9480, 6790, 71.62, 72, 48.65, 1, 2063
9481, 6791, 71.63, 72, 48.65, 1, 2063
9482, 6792, 71.63, 72, 48.65, 1, 2063
9483, 6793, 71.63, 72, 48.65, 1, 2063
9484, 6793, 71.63, 72, 48.65, 1, 2064
9485, 6793, 71.62, 72, 48.65, 1, 2065
9486, 6793, 71.61, 72, 48.65, 1, 2066
9487, 6794, 71.61, 72, 48.65, 1, 2066
9488, 6795, 71.62, 72, 48.65, 1, 2066
9489, 6796, 71.62, 72, 48.65, 1, 2066
9490, 6796, 71.61, 72, 48.65, 1, 2067
9491, 6797, 71.62, 72, 48.65, 1, 2067
9492, 6798, 71.62, 72, 48.65, 1, 2067
9493, 6798, 71.61, 72, 48.65, 1, 2068
9494, 6799, 71.61, 72, 48.65, 1, 2068
9495, 6800, 71.62, 72, 48.65, 1, 2068
9496, 6801, 71.62, 72, 48.65, 1, 2068
9497, 6801, 71.61, 72, 48.65, 1, 2069
9498, 6802, 71.62, 72, 48.65, 1, 2069
9499, 6803, 71.62, 72, 48.65, 1, 2069
9500, 6804, 71.62, 72, 48.65, 1, 2069
9501, 6804, 71.61, 72, 48.65, 1, 2070
9502, 6805, 71.62, 72, 48.65, 1, 2070
9503, 6806, 71.62, 72, 48.65, 1, 2070
9504, 6807, 71.62, 72, 48.65, 1, 2070
9505, 6808, 71.63, 72, 48.65, 1, 2070
9506, 6809, 71.63, 72, 48.65, 1, 2070
9507, 6810, 71.63, 72, 48.65, 1, 2070
9508, 6811, 71.63, 72, 48.65, 1, 2070
9509, 6812, 71.64, 72, 48.65, 1, 2070
9510, 6812, 71.63, 72, 48.65, 1, 2071
9511, 6813, 71.63, 72, 48.65, 1, 2071
9512, 6814, 71.64, 72, 48.65, 1, 2071
9513, 6815, 71.64, 72, 48.65, 1, 2071
9514, 6816, 71.64, 72, 48.65, 1, 2071
9515, 6817, 71.64, 72, 48.65, 1, 2071
9516, 6818, 71.65, 72, 48.65, 1, 2071
9517, 6818, 71.64, 72, 48.65, 1, 2072
9518, 6818, 71.63, 72, 48.65, 1, 2073
9519, 6819, 71.64, 72, 48.65, 1, 2073
9520, 6820, 71.64, 72, 48.65, 1, 2073
9521, 6821, 71.64, 72, 48.65, 1, 2073
9522, 6822, 71.64, 72, 48.65, 1, 2073
9523, 6823, 71.65, 72, 48.65, 1, 2073
9524, 6824, 71.65, 72, 48.65, 1, 2073
9525, 6825, 71.65, 72, 48.65, 1, 2073
9526, 6826, 71.66, 72, 48.65, 1, 2073
9527, 6827, 71.66, 72, 48.65, 1, 2073
9528, 6828, 71.66, 72, 48.65, 1, 2073
9529, 6828, 71.65, 72, 48.65, 1, 2073
9530, 6829, 71.66, 72, 48.65, 1, 2073
9531, 6830, 71.66, 72, 48.65, 1, 2073
9532, 6830, 71.65, 72, 48.65, 1, 2073
9533, 6831, 71.66, 72, 48.65, 1, 2073
9534, 6831, 71.65, 72, 48.65, 1, 2073
9535, 6832, 71.65, 72, 48.65, 1, 2073
9536, 6832, 71.64, 72, 48.65, 1, 2074
9537, 6832, 71.64, 72, 48.65, 1, 2075
9538, 6833, 71.64, 72, 48.65, 1, 2075
9539, 6833, 71.63, 72, 48.65, 1, 2076
9540, 6833, 71.62, 72, 48.65, 1, 2077
9541, 6834, 71.63, 72, 48.65, 1, 2077
9542, 6834, 71.62, 72, 48.65, 1, 2078
9543, 6835, 71.62, 72, 48.65, 1, 2078
9544, 6835, 71.62, 72, 48.65, 1, 2079
9545, 6836, 71.62, 72, 48.65, 1, 2079
9546, 6837, 71.62, 72, 48.65, 1, 2079
9547, 6837, 71.61, 72, 48.65, 1, 2080
9548, 6838, 71.62, 72, 48.65, 1, 2080
9549, 6838, 71.61, 72, 48.65, 1, 2081
9550, 6839, 71.61, 72, 48.65, 1, 2081
9551, 6840, 71.62, 72, 48.65, 1, 2081
9552, 6841, 71.62, 72, 48.65, 1, 2081
9553, 6842, 71.62, 72, 48.65, 1, 2081
9554, 6842, 71.61, 72, 48.65, 1, 2081
9555, 6843, 71.62, 72, 48.65, 1, 2081
9556, 6843, 71.61, 72, 48.65, 1, 2081
9557, 6843, 71.60, 72, 48.65, 1, 2082
9558, 6844, 71.60, 72, 48.65, 1, 2082
9559, 6844, 71.60, 72, 48.65, 1, 2083
9560, 6845, 71.60, 72, 48.65, 1, 2083
9561, 6846, 71.60, 72, 48.65, 1, 2083
9562, 6846, 71.60, 72, 48.65, 1, 2084
9563, 6847, 71.60, 72, 48.65, 1, 2084
9564, 6848, 71.60, 72, 48.65, 1, 2084
9565, 6849, 71.60, 72, 48.65, 1, 2084
9566, 6849, 71.60, 72, 48.65, 1, 2084
9567, 6850, 71.60, 72, 48.65, 1, 2084
9568, 6851, 71.60, 72, 48.65, 1, 2084
9569, 6852, 71.61, 72, 48.65, 1, 2084
9570, 6853, 71.61, 72, 48.65, 1, 2084
9571, 6854, 71.61, 72, 48.65, 1, 2084
9572, 6855, 71.62, 72, 48.65, 1, 2084
9573, 6856, 71.62, 72, 48.65, 1, 2084
9574, 6857, 71.62, 72, 48.65, 1, 2084
9575, 6858, 71.62, 72, 48.65, 1, 2084
9576, 6859, 71.63, 72, 48.65, 1, 2084
9577, 6860, 71.63, 72, 48.65, 1, 2084
9578, 6861, 71.63, 72, 48.65, 1, 2084
9579, 6862, 71.64, 72, 48.65, 1, 2084
9580, 6863, 71.64, 72, 48.65, 1, 2084
9581, 6863, 71.63, 72, 48.65, 1, 2085
9582, 6863, 71.62, 72, 48.65, 1, 2086
9583, 6863, 71.62, 72, 48.65, 1, 2087
9584, 6864, 71.62, 72, 48.65, 1, 2087
9585, 6865, 71.62, 72, 48.65, 1, 2087
9586, 6865, 71.61, 72, 48.65, 1, 2088
9587, 6865, 71.61, 72, 48.65, 1, 2088
9588, 6866, 71.61, 72, 48.65, 1, 2088
9589, 6866, 71.60, 72, 48.65, 1, 2088
9590, 6866, 71.60, 72, 48.65, 1, 2088
9591, 6866, 71.59, 72, 48.65, 1, 2089
9592, 6867, 71.59, 72, 48.65, 1, 2089
9593, 6867, 71.58, 72, 48.65, 1, 2090
9594, 6868, 71.59, 72, 48.65, 1, 2090
9595, 6869, 71.59, 72, 48.65, 1, 2090
9596, 6870, 71.59, 72, 48.65, 1, 2090
9597, 6870, 71.58, 72, 48.65, 1, 2091
9598, 6871, 71.59, 72, 48.65, 1, 2091
9599, 6872, 71.59, 72, 48.65, 1, 2091
9600, 6873, 71.59, 72, 48.65, 1, 2091
9601, 6874, 71.60, 72, 48.65, 1, 2091
9602, 6875, 71.60, 72, 48.65, 1, 2091
9603, 6876, 71.60, 72, 48.65, 1, 2091
9604, 6876, 71.60, 72, 48.65, 1, 2092
9605, 6877, 71.60, 72, 48.65, 1, 2092
9606, 6877, 71.59, 72, 48.65, 1, 2093
9607, 6878, 71.59, 72, 48.65, 1, 2093
9608, 6878, 71.59, 72, 48.65, 1, 2094
9609, 6879, 71.59, 72, 48.65, 1, 2094
9610, 6880, 71.59, 72, 48.65, 1, 2094
9611, 6881, 71.60, 72, 48.65, 1, 2094
9612, 6882, 71.60, 72, 48.65, 1, 2094
9613, 6883, 71.60, 72, 48.65, 1, 2094
9614, 6884, 71.60, 72, 48.65, 1, 2094
9615, 6885, 71.61, 72, 48.65, 1, 2094
9616, 6886, 71.61, 72, 48.65, 1, 2094
9617, 6887, 71.61, 72, 48.65, 1, 2094
9618, 6888, 71.62, 72, 48.65, 1, 2094
9619, 6889, 71.62, 72, 48.65, 1, 2094
9620, 6890, 71.62, 72, 48.65, 1, 2094
9621, 6891, 71.62, 72, 48.65, 1, 2094
9622, 6892, 71.63, 72, 48.65, 1, 2094
9623, 6893, 71.63, 72, 48.65, 1, 2094
9624, 6893, 71.62, 72, 48.65, 1, 2095
9625, 6894, 71.63, 72, 48.65, 1, 2095
9626, 6895, 71.63, 72, 48.65, 1, 2095
9627, 6896, 71.63, 72, 48.65, 1, 2095
9628, 6897, 71.63, 72, 48.65, 1, 2095
9629, 6898, 71.64, 72, 48.65, 1, 2095
9630, 6898, 71.63, 72, 48.65, 1, 2096
9631, 6899, 71.63, 72, 48.65, 1, 2096
9632, 6900, 71.64, 72, 48.65, 1, 2096
9633, 6901, 71.64, 72, 48.65, 1, 2096
9634, 6902, 71.64, 72, 48.65, 1, 2096
9635, 6903, 71.65, 72, 48.65, 1, 2096
9636, 6903, 71.64, 72, 48.65, 1, 2097
9637, 6904, 71.64, 72, 48.65, 1, 2097
9638, 6904, 71.63, 72, 48.65, 1, 2098
9639, 6905, 71.64, 72, 48.65, 1, 2098
9640, 6905, 71.63, 72, 48.65, 1, 2099
9641, 6906, 71.63, 72, 48.65, 1, 2099
9642, 6907, 71.63, 72, 48.65, 1, 2099
9643, 6908, 71.64, 72, 48.65, 1, 2099
9644, 6909, 71.64, 72, 48.65, 1, 2099
9645, 6910, 71.64, 72, 48.65, 1, 2099
9646, 6911, 71.65, 72, 48.65, 1, 2099
9647, 6912, 71.65, 72, 48.65, 1, 2099
9648, 6913, 71.65, 72, 48.65, 1, 2099
9649, 6914, 71.66, 72, 48.65, 1, 2099
9650, 6914, 71.65, 72, 48.65, 1, 2100
9651, 6915, 71.65, 72, 48.65, 1, 2100
9652, 6915, 71.64, 72, 48.65, 1, 2101
9653, 6916, 71.65, 72, 48.65, 1, 2101
9654, 6917, 71.65, 72, 48.65, 1, 2101
9655, 6918, 71.65, 72, 48.65, 1, 2101
9656, 6918, 71.64, 72, 48.65, 1, 2101
9657, 6919, 71.65, 72, 48.65, 1, 2101
9658, 6919, 71.64, 72, 48.65, 1, 2102
9659, 6920, 71.64, 72, 48.65, 1, 2102
9660, 6920, 71.64, 72, 48.65, 1, 2103
9661, 6920, 71.63, 72, 48.65, 1, 2104
9662, 6921, 71.63, 72, 48.65, 1, 2104
9663, 6922, 71.63, 72, 48.65, 1, 2104
9664, 6922, 71.63, 72, 48.65, 1, 2105
9665, 6923, 71.63, 72, 48.65, 1, 2105
9666, 6924, 71.63, 72, 48.65, 1, 2105
9667, 6925, 71.64, 72, 48.65, 1, 2105
9668, 6926, 71.64, 72, 48.65, 1, 2105
9669, 6927, 71.64, 72, 48.65, 1, 2105
9670, 6928, 71.64, 72, 48.65, 1, 2105
9671, 6928, 71.64, 72, 48.65, 1, 2105
9672, 6929, 71.64, 72, 48.65, 1, 2105
9673, 6930, 71.64, 72, 48.65, 1, 2105
9674, 6930, 71.64, 72, 48.65, 1, 2106
9675, 6931, 71.64, 72, 48.65, 1, 2106
9676, 6931, 71.63, 72, 48.65, 1, 2107
9677, 6932, 71.63, 72, 48.65, 1, 2107
9678, 6933, 71.64, 72, 48.65, 1, 2107
9679, 6933, 71.63, 72, 48.65, 1, 2108
9680, 6933, 71.62, 72, 48.65, 1, 2109
9681, 6934, 71.62, 72, 48.65, 1, 2109
9682, 6935, 71.63, 72, 48.65, 1, 2109
9683, 6935, 71.62, 72, 48.65, 1, 2110
9684, 6936, 71.62, 72, 48.65, 1, 2110
9685, 6937, 71.63, 72, 48.65, 1, 2110
9686, 6938, 71.63, 72, 48.65, 1, 2110
9687, 6938, 71.62, 72, 48.65, 1, 2110
9688, 6939, 71.62, 72, 48.65, 1, 2110
9689, 6940, 71.63, 72, 48.65, 1, 2110
9690, 6941, 71.63, 72, 48.65, 1, 2110
9691, 6942, 71.63, 72, 48.65, 1, 2110
9692, 6943, 71.64, 72, 48.65, 1, 2110
9693, 6944, 71.64, 72, 48.65, 1, 2110
9694, 6945, 71.64, 72, 48.65, 1, 2110
9695, 6945, 71.63, 72, 48.65, 1, 2111
9696, 6946, 71.64, 72, 48.65, 1, 2111
9697, 6946, 71.63, 72, 48.65, 1, 2112
9698, 6947, 71.63, 72, 48.65, 1, 2112
9699, 6948, 71.64, 72, 48.65, 1, 2112
9700, 6949, 71.64, 72, 48.65, 1, 2112
9701, 6950, 71.64, 72, 48.65, 1, 2112
9702, 6951, 71.65, 72, 48.65, 1, 2112
9703, 6952, 71.65, 72, 48.65, 1, 2112
9704, 6952, 71.64, 72, 48.65, 1, 2113
9705, 6952, 71.63, 72, 48.65, 1, 2114
9706, 6952, 71.63, 72, 48.65, 1, 2114
9707, 6953, 71.63, 72, 48.65, 1, 2114
9708, 6954, 71.63, 72, 48.65, 1, 2114
9709, 6954, 71.62, 72, 48.65, 1, 2115
9710, 6955, 71.63, 72, 48.65, 1, 2115
9711, 6956, 71.63, 72, 48.65, 1, 2115
9712, 6956, 71.62, 72, 48.65, 1, 2116
9713, 6957, 71.63, 72, 48.65, 1, 2116
9714, 6958, 71.63, 72, 48.65, 1, 2116
9715, 6959, 71.63, 72, 48.65, 1, 2116
9716, 6960, 71.63, 72, 48.65, 1, 2116
9717, 6961, 71.64, 72, 48.65, 1, 2116
9718, 6962, 71.64, 72, 48.65, 1, 2116
9719, 6963, 71.64, 72, 48.65, 1, 2116
9720, 6964, 71.65, 72, 48.65, 1, 2116
9721, 6964, 71.64, 72, 48.65, 1, 2116
9722, 6964, 71.63, 72, 48.65, 1, 2116
9723, 6965, 71.63, 72, 48.65, 1, 2116
9724, 6966, 71.64, 72, 48.65, 1, 2116
9725, 6966, 71.63, 72, 48.65, 1, 2117
9726, 6966, 71.62, 72, 48.65, 1, 2118
9727, 6967, 71.63, 72, 48.65, 1, 2118
9728, 6968, 71.63, 72, 48.65, 1, 2118
9729, 6969, 71.63, 72, 48.65, 1, 2118
9730, 6970, 71.63, 72, 48.65, 1, 2118
9731, 6971, 71.64, 72, 48.65, 1, 2118
9732, 6972, 71.64, 72, 48.65, 1, 2118
9733, 6973, 71.64, 72, 48.65, 1, 2118
9734, 6974, 71.65, 72, 48.65, 1, 2118
9735, 6974, 71.64, 72, 48.65, 1, 2118
9736, 6975, 71.64, 72, 48.65, 1, 2118
9737, 6976, 71.64, 72, 48.65, 1, 2118
9738, 6977, 71.65, 72, 48.65, 1, 2118
9739, 6977, 71.64, 72, 48.65, 1, 2119
9740, 6978, 71.64, 72, 48.65, 1, 2119
9741, 6979, 71.65, 72, 48.65, 1, 2119
9742, 6980, 71.65, 72, 48.65, 1, 2119
9743, 6981, 71.65, 72, 48.65, 1, 2119
9744, 6981, 71.64, 72, 48.65, 1, 2120
9745, 6982, 71.65, 72, 48.65, 1, 2120
9746, 6982, 71.64, 72, 48.65, 1, 2121
9747, 6982, 71.63, 72, 48.65, 1, 2121
9748, 6982, 71.62, 72, 48.65, 1, 2121
9749, 6983, 71.63, 72, 48.65, 1, 2121
9750, 6984, 71.63, 72, 48.65, 1, 2121
9751, 6985, 71.63, 72, 48.65, 1, 2121
9752, 6986, 71.64, 72, 48.65, 1, 2121
9753, 6986, 71.63, 72, 48.65, 1, 2121
9754, 6986, 71.62, 72, 48.65, 1, 2122
9755, 6987, 71.62, 72, 48.65, 1, 2122
9756, 6988, 71.63, 72, 48.65, 1, 2122
9757, 6989, 71.63, 72, 48.65, 1, 2122
9758, 6989, 71.62, 72, 48.65, 1, 2123
9759, 6990, 71.63, 72, 48.65, 1, 2123
9760, 6991, 71.63, 72, 48.65, 1, 2123
9761, 6992, 71.63, 72, 48.65, 1, 2123
9762, 6992, 71.62, 72, 48.65, 1, 2123
9763, 6992, 71.62, 72, 48.65, 1, 2124
9764, 6993, 71.62, 72, 48.65, 1, 2124
9765, 6994, 71.62, 72, 48.65, 1, 2124
9766, 6994, 71.62, 72, 48.65, 1, 2125
9767, 6994, 71.61, 72, 48.65, 1, 2126
9768, 6994, 71.60, 72, 48.65, 1, 2127
9769, 6995, 71.60, 72, 48.65, 1, 2127
9770, 6996, 71.61, 72, 48.65, 1, 2127
9771, 6997, 71.61, 72, 48.65, 1, 2127
9772, 6998, 71.61, 72, 48.65, 1, 2127
9773, 6998, 71.61, 72, 48.65, 1, 2128
9774, 6998, 71.60, 72, 48.65, 1, 2128
9775, 6999, 71.60, 72, 48.65, 1, 2128
9776, 7000, 71.60, 72, 48.65, 1, 2128
9777, 7001, 71.61, 72, 48.65, 1, 2128
9778, 7001, 71.60, 72, 48.65, 1, 2128
9779, 7001, 71.59, 72, 48.65, 1, 2129
9780, 7002, 71.60, 72, 48.65, 1, 2129
9781, 7003, 71.60, 72, 48.65, 1, 2129
9782, 7004, 71.60, 72, 48.65, 1, 2129
9783, 7005, 71.60, 72, 48.65, 1, 2129
9784, 7006, 71.61, 72, 48.65, 1, 2129
9785, 7007, 71.61, 72, 48.65, 1, 2129
9786, 7008, 71.61, 72, 48.65, 1, 2129
9787, 7009, 71.62, 72, 48.65, 1, 2129
9788, 7010, 71.62, 72, 48.65, 1, 2129
9789, 7011, 71.62, 72, 48.65, 1, 2129
9790, 7012, 71.62, 72, 48.65, 1, 2129
9791, 7012, 71.62, 72, 48.65, 1, 2130
9792, 7013, 71.62, 72, 48.65, 1, 2130
9793, 7014, 71.62, 72, 48.65, 1, 2130
9794, 7014, 71.62, 72, 48.65, 1, 2131
9795, 7015, 71.62, 72, 48.65, 1, 2131
9796, 7015, 71.61, 72, 48.65, 1, 2132
9797, 7016, 71.61, 72, 48.65, 1, 2132
9798, 7016, 71.61, 72, 48.65, 1, 2133
9799, 7017, 71.61, 72, 48.65, 1, 2133
9800, 7018, 71.61, 72, 48.65, 1, 2133
9801, 7018, 71.60, 72, 48.65, 1, 2134
9802, 7019, 71.61, 72, 48.65, 1, 2134
9803, 7019, 71.60, 72, 48.65, 1, 2135
9804, 7019, 71.59, 72, 48.65, 1, 2136
9805, 7020, 71.60, 72, 48.65, 1, 2136
9806, 7020, 71.59, 72, 48.65, 1, 2137
9807, 7020, 71.58, 72, 48.65, 1, 2137
9808, 7021, 71.58, 72, 48.65, 1, 2137
9809, 7022, 71.59, 72, 48.65, 1, 2137
9810, 7023, 71.59, 72, 48.65, 1, 2137
9811, 7024, 71.59, 72, 48.65, 1, 2137
9812, 7025, 71.60, 72, 48.65, 1, 2137
9813, 7026, 71.60, 72, 48.65, 1, 2137
9814, 7027, 71.60, 72, 48.65, 1, 2137
9815, 7027, 71.59, 72, 48.65, 1, 2137
9816, 7027, 71.59, 72, 48.65, 1, 2138
9817, 7028, 71.59, 72, 48.65, 1, 2138
9818, 7028, 71.58, 72, 48.65, 1, 2139
9819, 7029, 71.59, 72, 48.65, 1, 2139
9820, 7030, 71.59, 72, 48.65, 1, 2139
9821, 7030, 71.58, 72, 48.65, 1, 2140
9822, 7031, 71.58, 72, 48.65, 1, 2140
9823, 7032, 71.59, 72, 48.65, 1, 2140
9824, 7033, 71.59, 72, 48.65, 1, 2140
9825, 7034, 71.59, 72, 48.65, 1, 2140
9826, 7035, 71.60, 72, 48.65, 1, 2140
9827, 7035, 71.59, 72, 48.65, 1, 2141
9828, 7036, 71.59, 72, 48.65, 1, 2141
9829, 7037, 71.59, 72, 48.65, 1, 2141
9830, 7038, 71.60, 72, 48.65, 1, 2141
9831, 7038, 71.59, 72, 48.65, 1, 2142
9832, 7039, 71.59, 72, 48.65, 1, 2142
9833, 7040, 71.60, 72, 48.65, 1, 2142
9834, 7041, 71.60, 72, 48.65, 1, 2142
9835, 7042, 71.60, 72, 48.65, 1, 2142
9836, 7043, 71.60, 72, 48.65, 1, 2142
9837, 7044, 71.61, 72, 48.65, 1, 2142
9838, 7045, 71.61, 72, 48.65, 1, 2142
9839, 7046, 71.61, 72, 48.65, 1, 2142
9840, 7047, 71.62, 72, 48.65, 1, 2142
9841, 7047, 71.61, 72, 48.65, 1, 2143
9842, 7047, 71.60, 72, 48.65, 1, 2144
9843, 7047, 71.59, 72, 48.65, 1, 2145
9844, 7047, 71.59, 72, 48.65, 1, 2145
9845, 7048, 71.59, 72, 48.65, 1, 2145
9846, 7049, 71.59, 72, 48.65, 1, 2145
9847, 7050, 71.60, 72, 48.65, 1, 2145
9848, 7051, 71.60, 72, 48.65, 1, 2145
9849, 7052, 71.60, 72, 48.65, 1, 2145
9850, 7053, 71.60, 72, 48.65, 1, 2145
9851, 7054, 71.61, 72, 48.65, 1, 2145
9852, 7055, 71.61, 72, 48.65, 1, 2145
9853, 7056, 71.61, 72, 48.65, 1, 2145
9854, 7057, 71.62, 72, 48.65, 1, 2145
9855, 7058, 71.62, 72, 48.65, 1, 2145
9856, 7059, 71.62, 72, 48.65, 1, 2145
9857, 7060, 71.62, 72, 48.65, 1, 2145
9858, 7060, 71.62, 72, 48.65, 1, 2145
9859, 7060, 71.61, 72, 48.65, 1, 2146
9860, 7060, 71.60, 72, 48.65, 1, 2147
9861, 7061, 71.61, 72, 48.65, 1, 2147
9862, 7062, 71.61, 72, 48.65, 1, 2147
9863, 7063, 71.61, 72, 48.65, 1, 2147
9864, 7063, 71.60, 72, 48.65, 1, 2147
9865, 7063, 71.60, 72, 48.65, 1, 2147
9866, 7064, 71.60, 72, 48.65, 1, 2147
9867, 7065, 71.60, 72, 48.65, 1, 2147
9868, 7066, 71.61, 72, 48.65, 1, 2147
9869, 7067, 71.61, 72, 48.65, 1, 2147
9870, 7068, 71.61, 72, 48.65, 1, 2147
9871, 7068, 71.60, 72, 48.65, 1, 2148
9872, 7069, 71.61, 72, 48.65, 1, 2148
9873, 7070, 71.61, 72, 48.65, 1, 2148
9874, 7071, 71.61, 72, 48.65, 1, 2148
9875, 7072, 71.62, 72, 48.65, 1, 2148
9876, 7073, 71.62, 72, 48.65, 1, 2148
9877, 7073, 71.61, 72, 48.65, 1, 2149
9878, 7074, 71.61, 72, 48.65, 1, 2149
9879, 7075, 71.62, 72, 48.65, 1, 2149
9880, 7076, 71.62, 72, 48.65, 1, 2149
9881, 7077, 71.62, 72, 48.65, 1, 2149
9882, 7078, 71.63, 72, 48.65, 1, 2149
9883, 7079, 71.63, 72, 48.65, 1, 2149
9884, 7079, 71.62, 72, 48.65, 1, 2150
9885, 7080, 71.62, 72, 48.65, 1, 2150
9886, 7080, 71.62, 72, 48.65, 1, 2151
9887, 7081, 71.62, 72, 48.65, 1, 2151
9888, 7082, 71.62, 72, 48.65, 1, 2151
9889, 7083, 71.63, 72, 48.65, 1, 2151
9890, 7084, 71.63, 72, 48.65, 1, 2151
9891, 7085, 71.63, 72, 48.65, 1, 2151
9892, 7086, 71.63, 72, 48.65, 1, 2151
9893, 7086, 71.63, 72, 48.65, 1, 2152
9894, 7087, 71.63, 72, 48.65, 1, 2152
9895, 7088, 71.63, 72, 48.65, 1, 2152
9896, 7089, 71.64, 72, 48.65, 1, 2152
9897, 7090, 71.64, 72, 48.65, 1, 2152
9898, 7091, 71.64, 72, 48.65, 1, 2152
9899, 7092, 71.64, 72, 48.65, 1, 2152
9900, 7093, 71.65, 72, 48.65, 1, 2152
9901, 7094, 71.65, 72, 48.65, 1, 2152
9902, 7095, 71.65, 72, 48.65, 1, 2152
9903, 7096, 71.66, 72, 48.65, 1, 2152
9904, 7097, 71.66, 72, 48.65, 1, 2152
9905, 7097, 71.65, 72, 48.65, 1, 2153
9906, 7098, 71.65, 72, 48.65, 1, 2153
9907, 7099, 71.66, 72, 48.65, 1, 2153
9908, 7100, 71.66, 72, 48.65, 1, 2153
9909, 7100, 71.65, 72, 48.65, 1, 2154
9910, 7101, 71.65, 72, 48.65, 1, 2154
9911, 7102, 71.66, 72, 48.65, 1, 2154
9912, 7103, 71.66, 72, 48.65, 1, 2154
9913, 7104, 71.66, 72, 48.65, 1, 2154
9914, 7105, 71.67, 72, 48.65, 1, 2154
9915, 7106, 71.67, 72, 48.65, 1, 2154
9916, 7107, 71.67, 72, 48.65, 1, 2154
9917, 7107, 71.66, 72, 48.65, 1, 2155
9918, 7107, 71.66, 72, 48.65, 1, 2156
9919, 7108, 71.66, 72, 48.65, 1, 2156
9920, 7108, 71.65, 72, 48.65, 1, 2157
9921, 7109, 71.66, 72, 48.65, 1, 2157
9922, 7110, 71.66, 72, 48.65, 1, 2157
9923, 7111, 71.66, 72, 48.65, 1, 2157
9924, 7112, 71.66, 72, 48.65, 1, 2157
9925, 7113, 71.67, 72, 48.65, 1, 2157
9926, 7114, 71.67, 72, 48.65, 1, 2157
9927, 7114, 71.66, 72, 48.65, 1, 2157
9928, 7115, 71.67, 72, 48.65, 1, 2157
9929, 7116, 71.67, 72, 48.65, 1, 2157
9930, 7117, 71.67, 72, 48.65, 1, 2157
9931, 7117, 71.66, 72, 48.65, 1, 2157
9932, 7118, 71.67, 72, 48.65, 1, 2157
9933, 7119, 71.67, 72, 48.65, 1, 2157
9934, 7120, 71.67, 72, 48.65, 1, 2157
9935, 7121, 71.68, 72, 48.65, 1, 2157
9936, 7121, 71.67, 72, 48.65, 1, 2158
9937, 7122, 71.67, 72, 48.65, 1, 2158
9938, 7123, 71.67, 72, 48.65, 1, 2158
9939, 7124, 71.68, 72, 48.65, 1, 2158
9940, 7125, 71.68, 72, 48.65, 1, 2158
9941, 7126, 71.68, 72, 48.65, 1, 2158
9942, 7126, 71.68, 72, 48.65, 1, 2159
9943, 7127, 71.68, 72, 48.65, 1, 2159
9944, 7128, 71.68, 72, 48.65, 1, 2159
9945, 7128, 71.67, 72, 48.65, 1, 2160
9946, 7129, 71.68, 72, 48.65, 1, 2160
9947, 7130, 71.68, 72, 48.65, 1, 2160
9948, 7130, 71.67, 72, 48.65, 1, 2160
9949, 7130, 71.67, 72, 48.65, 1, 2161
9950, 7131, 71.67, 72, 48.65, 1, 2161
9951, 7132, 71.67, 72, 48.65, 1, 2161
9952, 7133, 71.67, 72, 48.65, 1, 2161
9953, 7134, 71.68, 72, 48.65, 1, 2161
9954, 7135, 71.68, 72, 48.65, 1, 2161
9955, 7136, 71.68, 72, 48.65, 1, 2161
9956, 7136, 71.68, 72, 48.65, 1, 2162
9957, 7137, 71.68, 72, 48.65, 1, 2162
9958, 7138, 71.68, 72, 48.65, 1, 2162
9959, 7139, 71.68, 72, 48.65, 1, 2162
9960, 7140, 71.69, 72, 48.65, 1, 2162
9961, 7140, 71.68, 72, 48.65, 1, 2163
9962, 7140, 71.67, 72, 48.65, 1, 2164
9963, 7141, 71.68, 72, 48.65, 1, 2164
9964, 7141, 71.67, 72, 48.65, 1, 2164
9965, 7141, 71.66, 72, 48.65, 1, 2164
9966, 7142, 71.66, 72, 48.65, 1, 2164
9967, 7143, 71.67, 72, 48.65, 1, 2164
9968, 7143, 71.66, 72, 48.65, 1, 2164
9969, 7143, 71.65, 72, 48.65, 1, 2164
9970, 7144, 71.65, 72, 48.65, 1, 2164
9971, 7144, 71.65, 72, 48.65, 1, 2164
9972, 7145, 71.65, 72, 48.65, 1, 2164
9973, 7145, 71.64, 72, 48.65, 1, 2165
9974, 7146, 71.65, 72, 48.65, 1, 2165
9975, 7147, 71.65, 72, 48.65, 1, 2165
9976, 7148, 71.65, 72, 48.65, 1, 2165
9977, 7148, 71.64, 72, 48.65, 1, 2166
9978, 7149, 71.65, 72, 48.65, 1, 2166
9979, 7149, 71.64, 72, 48.65, 1, 2167
9980, 7150, 71.64, 72, 48.65, 1, 2167
9981, 7151, 71.65, 72, 48.65, 1, 2167
9982, 7152, 71.65, 72, 48.65, 1, 2167
9983, 7152, 71.64, 72, 48.65, 1, 2167
9984, 7153, 71.64, 72, 48.65, 1, 2167
9985, 7154, 71.65, 72, 48.65, 1, 2167
9986, 7154, 71.64, 72, 48.65, 1, 2168
9987, 7155, 71.64, 72, 48.65, 1, 2168
9988, 7155, 71.64, 72, 48.65, 1, 2169
9989, 7155, 71.63, 72, 48.65, 1, 2169
9990, 7156, 71.63, 72, 48.65, 1, 2169
9991, 7157, 71.63, 72, 48.65, 1, 2169
9992, 7158, 71.64, 72, 48.65, 1, 2169
9993, 7159, 71.64, 72, 48.65, 1, 2169
9994, 7160, 71.64, 72, 48.65, 1, 2169
9995, 7160, 71.64, 72, 48.65, 1, 2169
9996, 7161, 71.64, 72, 48.65, 1, 2169
9997, 7162, 71.64, 72, 48.65, 1, 2169
9998, 7163, 71.64, 72, 48.65, 1, 2169
9999, 7164, 71.65, 72, 48.65, 1, 2169
10000, 7164, 71.64, 72, 48.65, 1, 2170
10001, 7164, 71.63, 72, 48.65, 1, 2171
10002, 7165, 71.64, 72, 48.65, 1, 2171
10003, 7166, 71.64, 72, 48.65, 1, 2171
10004, 7167, 71.64, 72, 48.65, 1, 2171
10005, 7168, 71.64, 72, 48.65, 1, 2171
10006, 7169, 71.65, 72, 48.65, 1, 2171
10007, 7169, 71.64, 72, 48.65, 1, 2172
10008, 7170, 71.64, 72, 48.65, 1, 2172
10009, 7170, 71.64, 72, 48.65, 1, 2173
10010, 7171, 71.64, 72, 48.65, 1, 2173
10011, 7172, 71.64, 72, 48.65, 1, 2173
10012, 7172, 71.63, 72, 48.65, 1, 2174
10013, 7173, 71.64, 72, 48.65, 1, 2174
10014, 7174, 71.64, 72, 48.65, 1, 2174
10015, 7175, 71.64, 72, 48.65, 1, 2174
10016, 7175, 71.64, 72, 48.65, 1, 2174
10017, 7175, 71.63, 72, 48.65, 1, 2174
10018, 7176, 71.63, 72, 48.65, 1, 2174
10019, 7177, 71.63, 72, 48.65, 1, 2174
10020, 7177, 71.63, 72, 48.65, 1, 2175
10021, 7177, 71.62, 72, 48.65, 1, 2176
10022, 7178, 71.62, 72, 48.65, 1, 2176
10023, 7178, 71.62, 72, 48.65, 1, 2176
10024, 7178, 71.61, 72, 48.65, 1, 2177
10025, 7178, 71.60, 72, 48.65, 1, 2178
10026, 7179, 71.60, 72, 48.65, 1, 2178
10027, 7180, 71.61, 72, 48.65, 1, 2178
10028, 7181, 71.61, 72, 48.65, 1, 2178
10029, 7182, 71.61, 72, 48.65, 1, 2178
10030, 7182, 71.61, 72, 48.65, 1, 2179
10031, 7183, 71.61, 72, 48.65, 1, 2179
10032, 7184, 71.61, 72, 48.65, 1, 2179
10033, 7185, 71.61, 72, 48.65, 1, 2179
10034, 7186, 71.62, 72, 48.65, 1, 2179
10035, 7187, 71.62, 72, 48.65, 1, 2179
10036, 7187, 71.61, 72, 48.65, 1, 2180
10037, 7188, 71.62, 72, 48.65, 1, 2180
10038, 7189, 71.62, 72, 48.65, 1, 2180
10039, 7190, 71.62, 72, 48.65, 1, 2180
10040, 7191, 71.62, 72, 48.65, 1, 2180
10041, 7192, 71.63, 72, 48.65, 1, 2180
10042, 7193, 71.63, 72, 48.65, 1, 2180
10043, 7193, 71.62, 72, 48.65, 1, 2181
10044, 7194, 71.62, 72, 48.65, 1, 2181
10045, 7195, 71.63, 72, 48.65, 1, 2181
10046, 7196, 71.63, 72, 48.65, 1, 2181
10047, 7197, 71.63, 72, 48.65, 1, 2181
10048, 7198, 71.64, 72, 48.65, 1, 2181
10049, 7198, 71.63, 72, 48.65, 1, 2182
10050, 7198, 71.62, 72, 48.65, 1, 2183
10051, 7198, 71.61, 72, 48.65, 1, 2184
10052, 7199, 71.62, 72, 48.65, 1, 2184
10053, 7200, 71.62, 72, 48.65, 1, 2184
10054, 7201, 71.62, 72, 48.65, 1, 2184
10055, 7202, 71.63, 72, 48.65, 1, 2184
10056, 7203, 71.63, 72, 48.65, 1, 2184
10057, 7204, 71.63, 72, 48.65, 1, 2184
10058, 7205, 71.63, 72, 48.65, 1, 2184
10059, 7205, 71.63, 72, 48.65, 1, 2185
10060, 7206, 71.63, 72, 48.65, 1, 2185
10061, 7207, 71.63, 72, 48.65, 1, 2185
10062, 7208, 71.64, 72, 48.65, 1, 2185
10063, 7209, 71.64, 72, 48.65, 1, 2185
10064, 7210, 71.64, 72, 48.65, 1, 2185
10065, 7211, 71.64, 72, 48.65, 1, 2185
10066, 7212, 71.65, 72, 48.65, 1, 2185
10067, 7213, 71.65, 72, 48.65, 1, 2185
10068, 7213, 71.64, 72, 48.65, 1, 2186
10069, 7213, 71.64, 72, 48.65, 1, 2187
10070, 7213, 71.63, 72, 48.65, 1, 2188
10071, 7214, 71.63, 72, 48.65, 1, 2188
10072, 7215, 71.63, 72, 48.65, 1, 2188
10073, 7215, 71.63, 72, 48.65, 1, 2189
10074, 7216, 71.63, 72, 48.65, 1, 2189
10075, 7217, 71.63, 72, 48.65, 1, 2189
10076, 7218, 71.64, 72, 48.65, 1, 2189
10077, 7219, 71.64, 72, 48.65, 1, 2189
10078, 7219, 71.63, 72, 48.65, 1, 2190
10079, 7219, 71.62, 72, 48.65, 1, 2191
10080, 7220, 71.63, 72, 48.65, 1, 2191
10081, 7221, 71.63, 72, 48.65, 1, 2191
10082, 7222, 71.63, 72, 48.65, 1, 2191
10083, 7223, 71.64, 72, 48.65, 1, 2191
10084, 7223, 71.63, 72, 48.65, 1, 2192
10085, 7223, 71.62, 72, 48.65, 1, 2193
10086, 7224, 71.62, 72, 48.65, 1, 2193
10087, 7225, 71.63, 72, 48.65, 1, 2193
10088, 7226, 71.63, 72, 48.65, 1, 2193
10089, 7227, 71.63, 72, 48.65, 1, 2193
10090, 7228, 71.64, 72, 48.65, 1, 2193
10091, 7229, 71.64, 72, 48.65, 1, 2193
10092, 7230, 71.64, 72, 48.65, 1, 2193
10093, 7230, 71.63, 72, 48.65, 1, 2193
10094, 7230, 71.63, 72, 48.65, 1, 2194
10095, 7231, 71.63, 72, 48.65, 1, 2194
10096, 7232, 71.63, 72, 48.65, 1, 2194
10097, 7233, 71.64, 72, 48.65, 1, 2194
10098, 7234, 71.64, 72, 48.65, 1, 2194
10099, 7235, 71.64, 72, 48.65, 1, 2194
10100, 7236, 71.64, 72, 48.65, 1, 2194
10101, 7237, 71.65, 72, 48.65, 1, 2194
10102, 7238, 71.65, 72, 48.65, 1, 2194
10103, 7239, 71.65, 72, 48.65, 1, 2194
10104, 7240, 71.65, 72, 48.65, 1, 2194
10105, 7241, 71.66, 72, 48.65, 1, 2194
10106, 7241, 71.65, 72, 48.65, 1, 2195
10107, 7242, 71.65, 72, 48.65, 1, 2195
10108, 7243, 71.66, 72, 48.65, 1, 2195
10109, 7243, 71.65, 72, 48.65, 1, 2196
10110, 7244, 71.65, 72, 48.65, 1, 2196
10111, 7244, 71.64, 72, 48.65, 1, 2197
10112, 7245, 71.65, 72, 48.65, 1, 2197
10113, 7246, 71.65, 72, 48.65, 1, 2197
10114, 7246, 71.64, 72, 48.65, 1, 2198
10115, 7246, 71.64, 72, 48.65, 1, 2199
10116, 7247, 71.64, 72, 48.65, 1, 2199
10117, 7248, 71.64, 72, 48.65, 1, 2199
10118, 7248, 71.63, 72, 48.65, 1, 2200
10119, 7249, 71.64, 72, 48.65, 1, 2200
10120, 7250, 71.64, 72, 48.65, 1, 2200
10121, 7251, 71.64, 72, 48.65, 1, 2200
10122, 7252, 71.65, 72, 48.65, 1, 2200
10123, 7253, 71.65, 72, 48.65, 1, 2200
10124, 7254, 71.65, 72, 48.65, 1, 2200
10125, 7255, 71.65, 72, 48.65, 1, 2200
10126, 7256, 71.66, 72, 48.65, 1, 2200
10127, 7256, 71.65, 72, 48.65, 1, 2201
10128, 7257, 71.65, 72, 48.65, 1, 2201
10129, 7258, 71.66, 72, 48.65, 1, 2201
10130, 7258, 71.65, 72, 48.65, 1, 2201
10131, 7259, 71.65, 72, 48.65, 1, 2201
10132, 7260, 71.65, 72, 48.65, 1, 2201
10133, 7261, 71.66, 72, 48.65, 1, 2201
10134, 7262, 71.66, 72, 48.65, 1, 2201
10135, 7263, 71.66, 72, 48.65, 1, 2201
10136, 7264, 71.67, 72, 48.65, 1, 2201
10137, 7265, 71.67, 72, 48.65, 1, 2201
10138, 7266, 71.67, 72, 48.65, 1, 2201
10139, 7266, 71.66, 72, 48.65, 1, 2201
10140, 7267, 71.67, 72, 48.65, 1, 2201
10141, 7268, 71.67, 72, 48.65, 1, 2201
10142, 7269, 71.67, 72, 48.65, 1, 2201
10143, 7269, 71.67, 72, 48.65, 1, 2202
10144, 7270, 71.67, 72, 48.65, 1, 2202
10145, 7271, 71.67, 72, 48.65, 1, 2202
10146, 7272, 71.67, 72, 48.65, 1, 2202
10147, 7273, 71.68, 72, 48.65, 1, 2202
10148, 7274, 71.68, 72, 48.65, 1, 2202
10149, 7275, 71.68, 72, 48.65, 1, 2202
10150, 7276, 71.68, 72, 48.65, 1, 2202
10151, 7277, 71.69, 72, 48.65, 1, 2202
10152, 7278, 71.69, 72, 48.65, 1, 2202
10153, 7279, 71.69, 72, 48.65, 1, 2202
10154, 7280, 71.70, 72, 48.65, 1, 2202
10155, 7280, 71.69, 72, 48.65, 1, 2203
10156, 7280, 71.68, 72, 48.65, 1, 2204
10157, 7281, 71.68, 72, 48.65, 1, 2204
10158, 7281, 71.68, 72, 48.65, 1, 2205
10159, 7281, 71.67, 72, 48.65, 1, 2206
10160, 7282, 71.67, 72, 48.65, 1, 2206
10161, 7282, 71.67, 72, 48.65, 1, 2207
10162, 7282, 71.66, 72, 48.65, 1, 2208
10163, 7282, 71.65, 72, 48.65, 1, 2209
10164, 7283, 71.65, 72, 48.65, 1, 2209
10165, 7283, 71.65, 72, 48.65, 1, 2210
10166, 7284, 71.65, 72, 48.65, 1, 2210
10167, 7285, 71.65, 72, 48.65, 1, 2210
10168, 7286, 71.66, 72, 48.65, 1, 2210
10169, 7287, 71.66, 72, 48.65, 1, 2210
10170, 7288, 71.66, 72, 48.65, 1, 2210
10171, 7289, 71.66, 72, 48.65, 1, 2210
10172, 7290, 71.67, 72, 48.65, 1, 2210
10173, 7291, 71.67, 72, 48.65, 1, 2210
10174, 7292, 71.67, 72, 48.65, 1, 2210
10175, 7293, 71.68, 72, 48.65, 1, 2210
10176, 7293, 71.67, 72, 48.65, 1, 2211
10177, 7294, 71.67, 72, 48.65, 1, 2211
10178, 7294, 71.66, 72, 48.65, 1, 2212
10179, 7294, 71.66, 72, 48.65, 1, 2213
10180, 7295, 71.66, 72, 48.65, 1, 2213
10181, 7295, 71.65, 72, 48.65, 1, 2214
10182, 7295, 71.65, 72, 48.65, 1, 2215
10183, 7295, 71.64, 72, 48.65, 1, 2216
10184, 7295, 71.63, 72, 48.65, 1, 2217
10185, 7296, 71.63, 72, 48.65, 1, 2217
10186, 7297, 71.64, 72, 48.65, 1, 2217
10187, 7297, 71.63, 72, 48.65, 1, 2217
10188, 7297, 71.62, 72, 48.65, 1, 2218
10189, 7298, 71.63, 72, 48.65, 1, 2218
10190, 7299, 71.63, 72, 48.65, 1, 2218
10191, 7299, 71.62, 72, 48.65, 1, 2219
10192, 7300, 71.62, 72, 48.65, 1, 2219
10193, 7301, 71.63, 72, 48.65, 1, 2219
10194, 7302, 71.63, 72, 48.65, 1, 2219
10195, 7303, 71.63, 72, 48.65, 1, 2219
10196, 7304, 71.64, 72, 48.65, 1, 2219
10197, 7305, 71.64, 72, 48.65, 1, 2219
10198, 7306, 71.64, 72, 48.65, 1, 2219
10199, 7306, 71.63, 72, 48.65, 1, 2220
10200, 7307, 71.64, 72, 48.65, 1, 2220
10201, 7308, 71.64, 72, 48.65, 1, 2220
10202, 7309, 71.64, 72, 48.65, 1, 2220
10203, 7310, 71.65, 72, 48.65, 1, 2220
10204, 7311, 71.65, 72, 48.65, 1, 2220
10205, 7312, 71.65, 72, 48.65, 1, 2220
10206, 7313, 71.65, 72, 48.65, 1, 2220
10207, 7314, 71.66, 72, 48.65, 1, 2220
10208, 7315, 71.66, 72, 48.65, 1, 2220
10209, 7316, 71.66, 72, 48.65, 1, 2220
10210, 7316, 71.66, 72, 48.65, 1, 2220
10211, 7317, 71.66, 72, 48.65, 1, 2220
10212, 7318, 71.66, 72, 48.65, 1, 2220
10213, 7319, 71.66, 72, 48.65, 1, 2220
10214, 7320, 71.67, 72, 48.65, 1, 2220
10215, 7321, 71.67, 72, 48.65, 1, 2220
10216, 7321, 71.66, 72, 48.65, 1, 2221
10217, 7321, 71.66, 72, 48.65, 1, 2222
10218, 7322, 71.66, 72, 48.65, 1, 2222
10219, 7323, 71.66, 72, 48.65, 1, 2222
10220, 7323, 71.65, 72, 48.65, 1, 2223
10221, 7324, 71.66, 72, 48.65, 1, 2223
10222, 7325, 71.66, 72, 48.65, 1, 2223
10223, 7325, 71.65, 72, 48.65, 1, 2224
10224, 7325, 71.65, 72, 48.65, 1, 2225
10225, 7326, 71.65, 72, 48.65, 1, 2225
10226, 7326, 71.64, 72, 48.65, 1, 2226
10227, 7326, 71.63, 72, 48.65, 1, 2227
10228, 7327, 71.64, 72, 48.65, 1, 2227
10229, 7327, 71.63, 72, 48.65, 1, 2228
10230, 7327, 71.62, 72, 48.65, 1, 2229
10231, 7328, 71.63, 72, 48.65, 1, 2229
10232, 7328, 71.62, 72, 48.65, 1, 2229
10233, 7329, 71.62, 72, 48.65, 1, 2229
10234, 7330, 71.62, 72, 48.65, 1, 2229
10235, 7330, 71.62, 72, 48.65, 1, 2229
10236, 7330, 71.61, 72, 48.65, 1, 2229
10237, 7331, 71.61, 72, 48.65, 1, 2229
10238, 7332, 71.62, 72, 48.65, 1, 2229
10239, 7332, 71.61, 72, 48.65, 1, 2229
10240, 7332, 71.60, 72, 48.65, 1, 2230
10241, 7332, 71.59, 72, 48.65, 1, 2231
10242, 7332, 71.59, 72, 48.65, 1, 2231
10243, 7333, 71.59, 72, 48.65, 1, 2231
10244, 7333, 71.58, 72, 48.65, 1, 2231
10245, 7334, 71.59, 72, 48.65, 1, 2231
10246, 7335, 71.59, 72, 48.65, 1, 2231
10247, 7336, 71.59, 72, 48.65, 1, 2231
10248, 7336, 71.58, 72, 48.65, 1, 2232
10249, 7336, 71.58, 72, 48.65, 1, 2233
10250, 7337, 71.58, 72, 48.65, 1, 2233
10251, 7338, 71.58, 72, 48.65, 1, 2233
10252, 7339, 71.59, 72, 48.65, 1, 2233
10253, 7340, 71.59, 72, 48.65, 1, 2233
10254, 7341, 71.59, 72, 48.65, 1, 2233
10255, 7342, 71.59, 72, 48.65, 1, 2233
10256, 7343, 71.60, 72, 48.65, 1, 2233
10257, 7344, 71.60, 72, 48.65, 1, 2233
10258, 7345, 71.60, 72, 48.65, 1, 2233
10259, 7346, 71.61, 72, 48.65, 1, 2233
10260, 7346, 71.60, 72, 48.65, 1, 2234
10261, 7347, 71.60, 72, 48.65, 1, 2234
10262, 7348, 71.60, 72, 48.65, 1, 2234
10263, 7349, 71.61, 72, 48.65, 1, 2234
10264, 7350, 71.61, 72, 48.65, 1, 2234
10265, 7351, 71.61, 72, 48.65, 1, 2234
10266, 7351, 71.61, 72, 48.65, 1, 2235
10267, 7352, 71.61, 72, 48.65, 1, 2235
10268, 7353, 71.61, 72, 48.65, 1, 2235
10269, 7354, 71.61, 72, 48.65, 1, 2235
10270, 7355, 71.62, 72, 48.65, 1, 2235
10271, 7355, 71.61, 72, 48.65, 1, 2236
10272, 7356, 71.61, 72, 48.65, 1, 2236
10273, 7357, 71.61, 72, 48.65, 1, 2236
10274, 7358, 71.62, 72, 48.65, 1, 2236
10275, 7359, 71.62, 72, 48.65, 1, 2236
10276, 7360, 71.62, 72, 48.65, 1, 2236
10277, 7361, 71.63, 72, 48.65, 1, 2236
10278, 7362, 71.63, 72, 48.65, 1, 2236
10279, 7363, 71.63, 72, 48.65, 1, 2236
10280, 7363, 71.62, 72, 48.65, 1, 2237
10281, 7363, 71.62, 72, 48.65, 1, 2238
10282, 7364, 71.62, 72, 48.65, 1, 2238
10283, 7364, 71.61, 72, 48.65, 1, 2239
10284, 7364, 71.61, 72, 48.65, 1, 2240
10285, 7365, 71.61, 72, 48.65, 1, 2240
10286, 7366, 71.61, 72, 48.65, 1, 2240
10287, 7367, 71.61, 72, 48.65, 1, 2240
10288, 7367, 71.61, 72, 48.65, 1, 2241
10289, 7368, 71.61, 72, 48.65, 1, 2241
10290, 7368, 71.60, 72, 48.65, 1, 2242
10291, 7368, 71.60, 72, 48.65, 1, 2243
10292, 7369, 71.60, 72, 48.65, 1, 2243
10293, 7370, 71.60, 72, 48.65, 1, 2243
10294, 7370, 71.60, 72, 48.65, 1, 2244
10295, 7370, 71.59, 72, 48.65, 1, 2245
10296, 7370, 71.58, 72, 48.65, 1, 2246
10297, 7371, 71.58, 72, 48.65, 1, 2246
10298, 7372, 71.59, 72, 48.65, 1, 2246
10299, 7372, 71.58, 72, 48.65, 1, 2247
10300, 7373, 71.58, 72, 48.65, 1, 2247
10301, 7374, 71.59, 72, 48.65, 1, 2247
10302, 7375, 71.59, 72, 48.65, 1, 2247
10303, 7376, 71.59, 72, 48.65, 1, 2247
10304, 7377, 71.59, 72, 48.65, 1, 2247
10305, 7378, 71.60, 72, 48.65, 1, 2247
10306, 7379, 71.60, 72, 48.65, 1, 2247
10307, 7380, 71.60, 72, 48.65, 1, 2247
10308, 7381, 71.60, 72, 48.65, 1, 2247
10309, 7382, 71.61, 72, 48.65, 1, 2247
10310, 7382, 71.60, 72, 48.65, 1, 2248
10311, 7383, 71.60, 72, 48.65, 1, 2248
10312, 7383, 71.60, 72, 48.65, 1, 2249
10313, 7383, 71.59, 72, 48.65, 1, 2250
10314, 7384, 71.59, 72, 48.65, 1, 2250
10315, 7385, 71.59, 72, 48.65, 1, 2250
10316, 7385, 71.59, 72, 48.65, 1, 2250
10317, 7386, 71.59, 72, 48.65, 1, 2250
10318, 7387, 71.59, 72, 48.65, 1, 2250
10319, 7387, 71.59, 72, 48.65, 1, 2251
10320, 7387, 71.58, 72, 48.65, 1, 2252
10321, 7388, 71.58, 72, 48.65, 1, 2252
10322, 7388, 71.58, 72, 48.65, 1, 2253
10323, 7389, 71.58, 72, 48.65, 1, 2253
10324, 7390, 71.58, 72, 48.65, 1, 2253
10325, 7391, 71.58, 72, 48.65, 1, 2253
10326, 7392, 71.59, 72, 48.65, 1, 2253
10327, 7392, 71.58, 72, 48.65, 1, 2254
10328, 7392, 71.57, 72, 48.65, 1, 2255
10329, 7393, 71.58, 72, 48.65, 1, 2255
10330, 7394, 71.58, 72, 48.65, 1, 2255
10331, 7394, 71.57, 72, 48.65, 1, 2256
10332, 7395, 71.57, 72, 48.65, 1, 2256
10333, 7395, 71.57, 72, 48.65, 1, 2256
10334, 7396, 71.57, 72, 48.65, 1, 2256
10335, 7396, 71.56, 72, 48.65, 1, 2257
10336, 7397, 71.57, 72, 48.65, 1, 2257
10337, 7398, 71.57, 72, 48.65, 1, 2257
10338, 7398, 71.56, 72, 48.65, 1, 2258
10339, 7398, 71.55, 72, 48.65, 1, 2259
10340, 7399, 71.56, 72, 48.65, 1, 2259
10341, 7399, 71.55, 72, 48.65, 1, 2260
10342, 7400, 71.55, 72, 48.65, 1, 2260
10343, 7401, 71.56, 72, 48.65, 1, 2260
10344, 7401, 71.55, 72, 48.65, 1, 2261
10345, 7402, 71.55, 72, 48.65, 1, 2261
10346, 7402, 71.54, 72, 48.65, 1, 2262
10347, 7403, 71.55, 72, 48.65, 1, 2262
10348, 7403, 71.54, 72, 48.65, 1, 2263
10349, 7404, 71.54, 72, 48.65, 1, 2263
10350, 7405, 71.55, 72, 48.65, 1, 2263
10351, 7405, 71.54, 72, 48.65, 1, 2264
10352, 7406, 71.54, 72, 48.65, 1, 2264
10353, 7407, 71.54, 72, 48.65, 1, 2264
10354, 7407, 71.54, 72, 48.65, 1, 2265
10355, 7408, 71.54, 72, 48.65, 1, 2265
10356, 7408, 71.53, 72, 48.65, 1, 2265
10357, 7409, 71.54, 72, 48.65, 1, 2265
10358, 7410, 71.54, 72, 48.65, 1, 2265
10359, 7411, 71.54, 72, 48.65, 1, 2265
10360, 7412, 71.54, 72, 48.65, 1, 2265
10361, 7413, 71.55, 72, 48.65, 1, 2265
10362, 7414, 71.55, 72, 48.65, 1, 2265
10363, 7414, 71.54, 72, 48.65, 1, 2265
10364, 7415, 71.55, 72, 48.65, 1, 2265
10365, 7416, 71.55, 72, 48.65, 1, 2265
10366, 7417, 71.55, 72, 48.65, 1, 2265
10367, 7418, 71.55, 72, 48.65, 1, 2265
10368, 7418, 71.55, 72, 48.65, 1, 2266
10369, 7419, 71.55, 72, 48.65, 1, 2266
10370, 7420, 71.55, 72, 48.65, 1, 2266
10371, 7421, 71.56, 72, 48.65, 1, 2266
10372, 7422, 71.56, 72, 48.65, 1, 2266
10373, 7423, 71.56, 72, 48.65, 1, 2266
10374, 7424, 71.56, 72, 48.65, 1, 2266
10375, 7425, 71.57, 72, 48.65, 1, 2266
10376, 7426, 71.57, 72, 48.65, 1, 2266
10377, 7426, 71.56, 72, 48.65, 1, 2267
10378, 7427, 71.56, 72, 48.65, 1, 2267
10379, 7428, 71.57, 72, 48.65, 1, 2267
10380, 7429, 71.57, 72, 48.65, 1, 2267
10381, 7430, 71.57, 72, 48.65, 1, 2267
10382, 7431, 71.58, 72, 48.65, 1, 2267
10383, 7432, 71.58, 72, 48.65, 1, 2267
10384, 7432, 71.57, 72, 48.65, 1, 2268
10385, 7432, 71.56, 72, 48.65, 1, 2269
10386, 7432, 71.56, 72, 48.65, 1, 2270
10387, 7432, 71.55, 72, 48.65, 1, 2271
10388, 7432, 71.54, 72, 48.65, 1, 2272
10389, 7432, 71.54, 72, 48.65, 1, 2273
10390, 7433, 71.54, 72, 48.65, 1, 2273
10391, 7434, 71.54, 72, 48.65, 1, 2273
10392, 7434, 71.54, 72, 48.65, 1, 2274
10393, 7434, 71.53, 72, 48.65, 1, 2275
10394, 7435, 71.53, 72, 48.65, 1, 2275
10395, 7435, 71.52, 72, 48.65, 1, 2276
10396, 7436, 71.53, 72, 48.65, 1, 2276
10397, 7437, 71.53, 72, 48.65, 1, 2276
10398, 7437, 71.52, 72, 48.65, 1, 2276
10399, 7438, 71.53, 72, 48.65, 1, 2276
10400, 7438, 71.52, 72, 48.65, 1, 2277
10401, 7438, 71.51, 72, 48.65, 1, 2278
10402, 7438, 71.51, 72, 48.65, 1, 2279
10403, 7438, 71.50, 72, 48.65, 1, 2280
10404, 7439, 71.50, 72, 48.65, 1, 2280
10405, 7440, 71.50, 72, 48.65, 1, 2280
10406, 7440, 71.50, 72, 48.65, 1, 2281
10407, 7440, 71.49, 72, 48.65, 1, 2282
10408, 7441, 71.49, 72, 48.65, 1, 2282
10409, 7441, 71.49, 72, 48.65, 1, 2283
10410, 7442, 71.49, 72, 48.65, 1, 2283
10411, 7442, 71.48, 72, 48.65, 1, 2283
10412, 7442, 71.48, 72, 48.65, 1, 2284
10413, 7443, 71.48, 72, 48.65, 1, 2284
10414, 7444, 71.48, 72, 48.65, 1, 2284
10415, 7445, 71.48, 72, 48.65, 1, 2284
10416, 7446, 71.49, 72, 48.65, 1, 2284
10417, 7446, 71.48, 72, 48.65, 1, 2285
10418, 7446, 71.47, 72, 48.65, 1, 2285
10419, 7446, 71.47, 72, 48.65, 1, 2285
10420, 7447, 71.47, 72, 48.65, 1, 2285
10421, 7448, 71.47, 72, 48.65, 1, 2285
10422, 7449, 71.47, 72, 48.65, 1, 2285
10423, 7450, 71.48, 72, 48.65, 1, 2285
10424, 7450, 71.47, 72, 48.65, 1, 2285
10425, 7450, 71.46, 72, 48.65, 1, 2286
10426, 7450, 71.46, 72, 48.65, 1, 2287
10427, 7451, 71.46, 72, 48.65, 1, 2287
10428, 7452, 71.46, 72, 48.65, 1, 2287
10429, 7453, 71.46, 72, 48.65, 1, 2287
10430, 7454, 71.47, 72, 48.65, 1, 2287
10431, 7454, 71.46, 72, 48.65, 1, 2288
10432, 7455, 71.46, 72, 48.65, 1, 2288
10433, 7456, 71.47, 72, 48.65, 1, 2288
10434, 7457, 71.47, 72, 48.65, 1, 2288
10435, 7457, 71.46, 72, 48.65, 1, 2288
10436, 7458, 71.46, 72, 48.65, 1, 2288
10437, 7459, 71.47, 72, 48.65, 1, 2288
10438, 7459, 71.46, 72, 48.65, 1, 2289
10439, 7460, 71.46, 72, 48.65, 1, 2289
10440, 7461, 71.47, 72, 48.65, 1, 2289
10441, 7462, 71.47, 72, 48.65, 1, 2289
10442, 7463, 71.47, 72, 48.65, 1, 2289
10443, 7464, 71.47, 72, 48.65, 1, 2289
10444, 7465, 71.48, 72, 48.65, 1, 2289
10445, 7466, 71.48, 72, 48.65, 1, 2289
10446, 7466, 71.47, 72, 48.65, 1, 2290
10447, 7467, 71.48, 72, 48.65, 1, 2290
10448, 7468, 71.48, 72, 48.65, 1, 2290
10449, 7469, 71.48, 72, 48.65, 1, 2290
10450, 7470, 71.48, 72, 48.65, 1, 2290
10451, 7471, 71.49, 72, 48.65, 1, 2290
10452, 7472, 71.49, 72, 48.65, 1, 2290
10453, 7473, 71.49, 72, 48.65, 1, 2290
10454, 7474, 71.49, 72, 48.65, 1, 2290
10455, 7475, 71.50, 72, 48.65, 1, 2290
10456, 7476, 71.50, 72, 48.65, 1, 2290
10457, 7477, 71.50, 72, 48.65, 1, 2290
10458, 7478, 71.51, 72, 48.65, 1, 2290
10459, 7479, 71.51, 72, 48.65, 1, 2290
10460, 7480, 71.51, 72, 48.65, 1, 2290
10461, 7480, 71.50, 72, 48.65, 1, 2290
10462, 7481, 71.51, 72, 48.65, 1, 2290
10463, 7482, 71.51, 72, 48.65, 1, 2290
10464, 7483, 71.51, 72, 48.65, 1, 2290
10465, 7484, 71.51, 72, 48.65, 1, 2290
10466, 7484, 71.51, 72, 48.65, 1, 2291
10467, 7485, 71.51, 72, 48.65, 1, 2291
10468, 7486, 71.51, 72, 48.65, 1, 2291
10469, 7486, 71.51, 72, 48.65, 1, 2292
10470, 7487, 71.51, 72, 48.65, 1, 2292
10471, 7488, 71.51, 72, 48.65, 1, 2292
10472, 7489, 71.51, 72, 48.65, 1, 2292
10473, 7490, 71.52, 72, 48.65, 1, 2292
10474, 7491, 71.52, 72, 48.65, 1, 2292
10475, 7492, 71.52, 72, 48.65, 1, 2292
10476, 7493, 71.53, 72, 48.65, 1, 2292
10477, 7494, 71.53, 72, 48.65, 1, 2292
10478, 7495, 71.53, 72, 48.65, 1, 2292
10479, 7495, 71.52, 72, 48.65, 1, 2293
10480, 7496, 71.53, 72, 48.65, 1, 2293
10481, 7497, 71.53, 72, 48.65, 1, 2293
10482, 7498, 71.53, 72, 48.65, 1, 2293
10483, 7499, 71.53, 72, 48.65, 1, 2293
10484, 7500, 71.54, 72, 48.65, 1, 2293
10485, 7501, 71.54, 72, 48.65, 1, 2293
10486, 7502, 71.54, 72, 48.65, 1, 2293
10487, 7503, 71.55, 72, 48.65, 1, 2293
10488, 7503, 71.54, 72, 48.65, 1, 2294
10489, 7504, 71.54, 72, 48.65, 1, 2294
10490, 7505, 71.54, 72, 48.65, 1, 2294
10491, 7506, 71.55, 72, 48.65, 1, 2294
10492, 7507, 71.55, 72, 48.65, 1, 2294
10493, 7507, 71.54, 72, 48.65, 1, 2295
10494, 7508, 71.55, 72, 48.65, 1, 2295
10495, 7508, 71.54, 72, 48.65, 1, 2296
10496, 7509, 71.54, 72, 48.65, 1, 2296
10497, 7510, 71.54, 72, 48.65, 1, 2296
10498, 7510, 71.54, 72, 48.65, 1, 2296
10499, 7511, 71.54, 72, 48.65, 1, 2296
10500, 7512, 71.54, 72, 48.65, 1, 2296
10501, 7513, 71.55, 72, 48.65, 1, 2296
10502, 7514, 71.55, 72, 48.65, 1, 2296
10503, 7515, 71.55, 72, 48.65, 1, 2296
10504, 7515, 71.54, 72, 48.65, 1, 2296
10505, 7516, 71.55, 72, 48.65, 1, 2296
10506, 7517, 71.55, 72, 48.65, 1, 2296
10507, 7518, 71.55, 72, 48.65, 1, 2296
10508, 7519, 71.56, 72, 48.65, 1, 2296
10509, 7520, 71.56, 72, 48.65, 1, 2296
10510, 7521, 71.56, 72, 48.65, 1, 2296
10511, 7521, 71.55, 72, 48.65, 1, 2296
10512, 7521, 71.55, 72, 48.65, 1, 2297
10513, 7522, 71.55, 72, 48.65, 1, 2297
10514, 7523, 71.55, 72, 48.65, 1, 2297
10515, 7524, 71.55, 72, 48.65, 1, 2297
10516, 7524, 71.55, 72, 48.65, 1, 2298
10517, 7525, 71.55, 72, 48.65, 1, 2298
10518, 7526, 71.55, 72, 48.65, 1, 2298
10519, 7526, 71.55, 72, 48.65, 1, 2298
10520, 7527, 71.55, 72, 48.65, 1, 2298
10521, 7528, 71.55, 72, 48.65, 1, 2298
10522, 7529, 71.55, 72, 48.65, 1, 2298
10523, 7530, 71.56, 72, 48.65, 1, 2298
10524, 7531, 71.56, 72, 48.65, 1, 2298
10525, 7532, 71.56, 72, 48.65, 1, 2298
10526, 7532, 71.56, 72, 48.65, 1, 2299
10527, 7532, 71.55, 72, 48.65, 1, 2300
10528, 7533, 71.55, 72, 48.65, 1, 2300
10529, 7534, 71.55, 72, 48.65, 1, 2300
10530, 7535, 71.56, 72, 48.65, 1, 2300
10531, 7535, 71.55, 72, 48.65, 1, 2301
10532, 7536, 71.55, 72, 48.65, 1, 2301
10533, 7537, 71.56, 72, 48.65, 1, 2301
10534, 7538, 71.56, 72, 48.65, 1, 2301
10535, 7538, 71.55, 72, 48.65, 1, 2301
10536, 7539, 71.55, 72, 48.65, 1, 2301
10537, 7540, 71.56, 72, 48.65, 1, 2301
10538, 7540, 71.55, 72, 48.65, 1, 2302
10539, 7540, 71.54, 72, 48.65, 1, 2303
10540, 7541, 71.55, 72, 48.65, 1, 2303
10541, 7542, 71.55, 72, 48.65, 1, 2303
10542, 7543, 71.55, 72, 48.65, 1, 2303
10543, 7544, 71.55, 72, 48.65, 1, 2303
10544, 7545, 71.56, 72, 48.65, 1, 2303
10545, 7546, 71.56, 72, 48.65, 1, 2303
10546, 7546, 71.55, 72, 48.65, 1, 2304
10547, 7547, 71.56, 72, 48.65, 1, 2304
10548, 7547, 71.55, 72, 48.65, 1, 2305
10549, 7548, 71.55, 72, 48.65, 1, 2305
10550, 7549, 71.55, 72, 48.65, 1, 2305
10551, 7549, 71.55, 72, 48.65, 1, 2306
10552, 7550, 71.55, 72, 48.65, 1, 2306
10553, 7551, 71.55, 72, 48.65, 1, 2306
10554, 7552, 71.56, 72, 48.65, 1, 2306
10555, 7553, 71.56, 72, 48.65, 1, 2306
10556, 7553, 71.55, 72, 48.65, 1, 2307
10557, 7554, 71.55, 72, 48.65, 1, 2307
10558, 7555, 71.56, 72, 48.65, 1, 2307
10559, 7556, 71.56, 72, 48.65, 1, 2307
10560, 7557, 71.56, 72, 48.65, 1, 2307
10561, 7558, 71.57, 72, 48.65, 1, 2307
10562, 7559, 71.57, 72, 48.65, 1, 2307
10563, 7560, 71.57, 72, 48.65, 1, 2307
10564, 7561, 71.57, 72, 48.65, 1, 2307
10565, 7562, 71.58, 72, 48.65, 1, 2307
10566, 7562, 71.57, 72, 48.65, 1, 2308
10567, 7562, 71.56, 72, 48.65, 1, 2308
10568, 7563, 71.57, 72, 48.65, 1, 2308
10569, 7564, 71.57, 72, 48.65, 1, 2308
10570, 7565, 71.57, 72, 48.65, 1, 2308
10571, 7565, 71.56, 72, 48.65, 1, 2309
10572, 7566, 71.57, 72, 48.65, 1, 2309
10573, 7567, 71.57, 72, 48.65, 1, 2309
10574, 7568, 71.57, 72, 48.65, 1, 2309
10575, 7569, 71.57, 72, 48.65, 1, 2309
10576, 7569, 71.57, 72, 48.65, 1, 2310
10577, 7570, 71.57, 72, 48.65, 1, 2310
10578, 7571, 71.57, 72, 48.65, 1, 2310
10579, 7571, 71.57, 72, 48.65, 1, 2310
10580, 7572, 71.57, 72, 48.65, 1, 2310
10581, 7573, 71.57, 72, 48.65, 1, 2310
10582, 7574, 71.57, 72, 48.65, 1, 2310
10583, 7574, 71.57, 72, 48.65, 1, 2310
10584, 7575, 71.57, 72, 48.65, 1, 2310
10585, 7576, 71.57, 72, 48.65, 1, 2310
10586, 7576, 71.57, 72, 48.65, 1, 2310
10587, 7576, 71.56, 72, 48.65, 1, 2311
10588, 7577, 71.56, 72, 48.65, 1, 2311
10589, 7578, 71.56, 72, 48.65, 1, 2311
10590, 7578, 71.56, 72, 48.65, 1, 2312
10591, 7579, 71.56, 72, 48.65, 1, 2312
10592, 7580, 71.56, 72, 48.65, 1, 2312
10593, 7581, 71.57, 72, 48.65, 1, 2312
10594, 7582, 71.57, 72, 48.65, 1, 2312
10595, 7583, 71.57, 72, 48.65, 1, 2312
10596, 7584, 71.57, 72, 48.65, 1, 2312
10597, 7585, 71.58, 72, 48.65, 1, 2312
10598, 7585, 71.57, 72, 48.65, 1, 2313
10599, 7585, 71.56, 72, 48.65, 1, 2314
10600, 7586, 71.57, 72, 48.65, 1, 2314
10601, 7587, 71.57, 72, 48.65, 1, 2314
10602, 7588, 71.57, 72, 48.65, 1, 2314
10603, 7589, 71.57, 72, 48.65, 1, 2314
10604, 7589, 71.57, 72, 48.65, 1, 2315
10605, 7589, 71.56, 72, 48.65, 1, 2315
10606, 7590, 71.56, 72, 48.65, 1, 2315
10607, 7591, 71.57, 72, 48.65, 1, 2315
10608, 7591, 71.56, 72, 48.65, 1, 2315
10609, 7592, 71.56, 72, 48.65, 1, 2315
10610, 7593, 71.56, 72, 48.65, 1, 2315
10611, 7593, 71.56, 72, 48.65, 1, 2316
10612, 7594, 71.56, 72, 48.65, 1, 2316
10613, 7595, 71.56, 72, 48.65, 1, 2316
10614, 7596, 71.57, 72, 48.65, 1, 2316
10615, 7597, 71.57, 72, 48.65, 1, 2316
10616, 7598, 71.57, 72, 48.65, 1, 2316
10617, 7599, 71.57, 72, 48.65, 1, 2316
10618, 7600, 71.58, 72, 48.65, 1, 2316
10619, 7601, 71.58, 72, 48.65, 1, 2316
10620, 7602, 71.58, 72, 48.65, 1, 2316
10621, 7603, 71.58, 72, 48.65, 1, 2316
10622, 7603, 71.58, 72, 48.65, 1, 2317
10623, 7604, 71.58, 72, 48.65, 1, 2317
10624, 7605, 71.58, 72, 48.65, 1, 2317
10625, 7606, 71.59, 72, 48.65, 1, 2317
10626, 7607, 71.59, 72, 48.65, 1, 2317
10627, 7608, 71.59, 72, 48.65, 1, 2317
10628, 7608, 71.58, 72, 48.65, 1, 2318
10629, 7609, 71.59, 72, 48.65, 1, 2318
10630, 7610, 71.59, 72, 48.65, 1, 2318
10631, 7611, 71.59, 72, 48.65, 1, 2318
10632, 7612, 71.60, 72, 48.65, 1, 2318
10633, 7612, 71.59, 72, 48.65, 1, 2318
10634, 7612, 71.58, 72, 48.65, 1, 2319
10635, 7613, 71.58, 72, 48.65, 1, 2319
10636, 7614, 71.59, 72, 48.65, 1, 2319
10637, 7614, 71.58, 72, 48.65, 1, 2320
10638, 7615, 71.58, 72, 48.65, 1, 2320
10639, 7615, 71.58, 72, 48.65, 1, 2321
10640, 7615, 71.57, 72, 48.65, 1, 2322
10641, 7616, 71.57, 72, 48.65, 1, 2322
10642, 7616, 71.57, 72, 48.65, 1, 2323
10643, 7617, 71.57, 72, 48.65, 1, 2323
10644, 7617, 71.56, 72, 48.65, 1, 2323
10645, 7618, 71.56, 72, 48.65, 1, 2323
10646, 7619, 71.57, 72, 48.65, 1, 2323
10647, 7619, 71.56, 72, 48.65, 1, 2324
10648, 7620, 71.56, 72, 48.65, 1, 2324
10649, 7621, 71.57, 72, 48.65, 1, 2324
10650, 7622, 71.57, 72, 48.65, 1, 2324
10651, 7623, 71.57, 72, 48.65, 1, 2324
10652, 7623, 71.56, 72, 48.65, 1, 2325
10653, 7624, 71.57, 72, 48.65, 1, 2325
10654, 7625, 71.57, 72, 48.65, 1, 2325
10655, 7625, 71.56, 72, 48.65, 1, 2326
10656, 7626, 71.57, 72, 48.65, 1, 2326
10657, 7627, 71.57, 72, 48.65, 1, 2326
10658, 7628, 71.57, 72, 48.65, 1, 2326
10659, 7629, 71.57, 72, 48.65, 1, 2326
10660, 7630, 71.58, 72, 48.65, 1, 2326
10661, 7630, 71.57, 72, 48.65, 1, 2327
10662, 7631, 71.57, 72, 48.65, 1, 2327
10663, 7631, 71.57, 72, 48.65, 1, 2328
10664, 7632, 71.57, 72, 48.65, 1, 2328
10665, 7632, 71.56, 72, 48.65, 1, 2329
10666, 7633, 71.56, 72, 48.65, 1, 2329
10667, 7634, 71.57, 72, 48.65, 1, 2329
10668, 7635, 71.57, 72, 48.65, 1, 2329
10669, 7635, 71.56, 72, 48.65, 1, 2330
10670, 7636, 71.57, 72, 48.65, 1, 2330
10671, 7637, 71.57, 72, 48.65, 1, 2330
10672, 7638, 71.57, 72, 48.65, 1, 2330
10673, 7639, 71.57, 72, 48.65, 1, 2330
10674, 7640, 71.58, 72, 48.65, 1, 2330
10675, 7640, 71.57, 72, 48.65, 1, 2331
10676, 7640, 71.56, 72, 48.65, 1, 2332
10677, 7640, 71.56, 72, 48.65, 1, 2333
10678, 7640, 71.55, 72, 48.65, 1, 2333
10679, 7640, 71.54, 72, 48.65, 1, 2334
10680, 7641, 71.54, 72, 48.65, 1, 2334
10681, 7642, 71.55, 72, 48.65, 1, 2334
10682, 7642, 71.54, 72, 48.65, 1, 2335
10683, 7642, 71.53, 72, 48.65, 1, 2336
10684, 7643, 71.54, 72, 48.65, 1, 2336
10685, 7644, 71.54, 72, 48.65, 1, 2336
10686, 7645, 71.54, 72, 48.65, 1, 2336
10687, 7646, 71.54, 72, 48.65, 1, 2336
10688, 7647, 71.55, 72, 48.65, 1, 2336
10689, 7648, 71.55, 72, 48.65, 1, 2336
10690, 7649, 71.55, 72, 48.65, 1, 2336
10691, 7649, 71.55, 72, 48.65, 1, 2337
10692, 7650, 71.55, 72, 48.65, 1, 2337
10693, 7651, 71.55, 72, 48.65, 1, 2337
10694, 7651, 71.54, 72, 48.65, 1, 2338
10695, 7652, 71.55, 72, 48.65, 1, 2338
10696, 7652, 71.54, 72, 48.65, 1, 2339
10697, 7653, 71.54, 72, 48.65, 1, 2339
10698, 7654, 71.55, 72, 48.65, 1, 2339
10699, 7654, 71.54, 72, 48.65, 1, 2340
10700, 7654, 71.53, 72, 48.65, 1, 2341
10701, 7655, 71.54, 72, 48.65, 1, 2341
10702, 7656, 71.54, 72, 48.65, 1, 2341
10703, 7657, 71.54, 72, 48.65, 1, 2341
10704, 7657, 71.53, 72, 48.65, 1, 2342
10705, 7657, 71.53, 72, 48.65, 1, 2343
10706, 7658, 71.53, 72, 48.65, 1, 2343
10707, 7658, 71.52, 72, 48.65, 1, 2344
10708, 7659, 71.53, 72, 48.65, 1, 2344
10709, 7659, 71.52, 72, 48.65, 1, 2345
10710, 7660, 71.52, 72, 48.65, 1, 2345
10711, 7661, 71.52, 72, 48.65, 1, 2345
10712, 7662, 71.53, 72, 48.65, 1, 2345
10713, 7662, 71.52, 72, 48.65, 1, 2346
10714, 7662, 71.51, 72, 48.65, 1, 2347
10715, 7662, 71.51, 72, 48.65, 1, 2347
10716, 7663, 71.51, 72, 48.65, 1, 2347
10717, 7663, 71.50, 72, 48.65, 1, 2348
10718, 7664, 71.51, 72, 48.65, 1, 2348
10719, 7665, 71.51, 72, 48.65, 1, 2348
10720, 7665, 71.50, 72, 48.65, 1, 2349
10721, 7666, 71.50, 72, 48.65, 1, 2349
10722, 7666, 71.50, 72, 48.65, 1, 2350
10723, 7667, 71.50, 72, 48.65, 1, 2350
10724, 7668, 71.50, 72, 48.65, 1, 2350
10725, 7669, 71.51, 72, 48.65, 1, 2350
10726, 7669, 71.50, 72, 48.65, 1, 2351
10727, 7670, 71.50, 72, 48.65, 1, 2351
10728, 7670, 71.50, 72, 48.65, 1, 2352
10729, 7670, 71.49, 72, 48.65, 1, 2353
10730, 7671, 71.49, 72, 48.65, 1, 2353
10731, 7671, 71.48, 72, 48.65, 1, 2354
10732, 7672, 71.49, 72, 48.65, 1, 2354
10733, 7672, 71.48, 72, 48.65, 1, 2354
10734, 7673, 71.48, 72, 48.65, 1, 2354
10735, 7673, 71.48, 72, 48.65, 1, 2354
10736, 7674, 71.48, 72, 48.65, 1, 2354
10737, 7675, 71.48, 72, 48.65, 1, 2354
10738, 7676, 71.48, 72, 48.65, 1, 2354
10739, 7677, 71.49, 72, 48.65, 1, 2354
10740, 7678, 71.49, 72, 48.65, 1, 2354
10741, 7679, 71.49, 72, 48.65, 1, 2354
10742, 7680, 71.50, 72, 48.65, 1, 2354
10743, 7681, 71.50, 72, 48.65, 1, 2354
10744, 7682, 71.50, 72, 48.65, 1, 2354
10745, 7683, 71.50, 72, 48.65, 1, 2354
10746, 7684, 71.51, 72, 48.65, 1, 2354
10747, 7684, 71.50, 72, 48.65, 1, 2355
10748, 7685, 71.50, 72, 48.65, 1, 2355
10749, 7685, 71.50, 72, 48.65, 1, 2356
10750, 7686, 71.50, 72, 48.65, 1, 2356
10751, 7687, 71.50, 72, 48.65, 1, 2356
10752, 7687, 71.49, 72, 48.65, 1, 2357
10753, 7688, 71.50, 72, 48.65, 1, 2357
10754, 7689, 71.50, 72, 48.65, 1, 2357
10755, 7689, 71.49, 72, 48.65, 1, 2358
10756, 7690, 71.49, 72, 48.65, 1, 2358
10757, 7691, 71.50, 72, 48.65, 1, 2358
10758, 7692, 71.50, 72, 48.65, 1, 2358
10759, 7692, 71.49, 72, 48.65, 1, 2359
10760, 7693, 71.50, 72, 48.65, 1, 2359
10761, 7693, 71.49, 72, 48.65, 1, 2360
10762, 7694, 71.49, 72, 48.65, 1, 2360
10763, 7695, 71.49, 72, 48.65, 1, 2360
10764, 7695, 71.49, 72, 48.65, 1, 2361
10765, 7695, 71.48, 72, 48.65, 1, 2362
10766, 7696, 71.48, 72, 48.65, 1, 2362
10767, 7696, 71.48, 72, 48.65, 1, 2363
10768, 7696, 71.47, 72, 48.65, 1, 2364
10769, 7697, 71.47, 72, 48.65, 1, 2364
10770, 7698, 71.48, 72, 48.65, 1, 2364
10771, 7699, 71.48, 72, 48.65, 1, 2364
10772, 7700, 71.48, 72, 48.65, 1, 2364
10773, 7700, 71.47, 72, 48.65, 1, 2365
10774, 7701, 71.48, 72, 48.65, 1, 2365
10775, 7702, 71.48, 72, 48.65, 1, 2365
10776, 7703, 71.48, 72, 48.65, 1, 2365
10777, 7704, 71.49, 72, 48.65, 1, 2365
10778, 7705, 71.49, 72, 48.65, 1, 2365
10779, 7706, 71.49, 72, 48.65, 1, 2365
10780, 7707, 71.49, 72, 48.65, 1, 2365
10781, 7708, 71.50, 72, 48.65, 1, 2365
10782, 7708, 71.49, 72, 48.65, 1, 2365
10783, 7709, 71.49, 72, 48.65, 1, 2365
10784, 7710, 71.49, 72, 48.65, 1, 2365
10785, 7711, 71.50, 72, 48.65, 1, 2365
10786, 7712, 71.50, 72, 48.65, 1, 2365
10787, 7713, 71.50, 72, 48.65, 1, 2365
10788, 7714, 71.51, 72, 48.65, 1, 2365
10789, 7715, 71.51, 72, 48.65, 1, 2365
10790, 7716, 71.51, 72, 48.65, 1, 2365
10791, 7717, 71.51, 72, 48.65, 1, 2365
10792, 7718, 71.52, 72, 48.65, 1, 2365
10793, 7719, 71.52, 72, 48.65, 1, 2365
10794, 7720, 71.52, 72, 48.65, 1, 2365
10795, 7721, 71.52, 72, 48.65, 1, 2365
10796, 7722, 71.53, 72, 48.65, 1, 2365
10797, 7723, 71.53, 72, 48.65, 1, 2365
10798, 7723, 71.52, 72, 48.65, 1, 2366
10799, 7723, 71.52, 72, 48.65, 1, 2367
10800, 7724, 71.52, 72, 48.65, 1, 2367
10801, 7725, 71.52, 72, 48.65, 1, 2367
10802, 7725, 71.51, 72, 48.65, 1, 2368
10803, 7726, 71.52, 72, 48.65, 1, 2368
10804, 7727, 71.52, 72, 48.65, 1, 2368
10805, 7727, 71.51, 72, 48.65, 1, 2369
10806, 7727, 71.51, 72, 48.65, 1, 2369
10807, 7727, 71.50, 72, 48.65, 1, 2369
10808, 7727, 71.49, 72, 48.65, 1, 2369
10809, 7727, 71.49, 72, 48.65, 1, 2369
10810, 7727, 71.48, 72, 48.65, 1, 2369
10811, 7728, 71.48, 72, 48.65, 1, 2369
10812, 7729, 71.49, 72, 48.65, 1, 2369
10813, 7730, 71.49, 72, 48.65, 1, 2369
10814, 7731, 71.49, 72, 48.65, 1, 2369
10815, 7731, 71.48, 72, 48.65, 1, 2370
10816, 7732, 71.49, 72, 48.65, 1, 2370
10817, 7733, 71.49, 72, 48.65, 1, 2370
10818, 7734, 71.49, 72, 48.65, 1, 2370
10819, 7735, 71.49, 72, 48.65, 1, 2370
10820, 7735, 71.49, 72, 48.65, 1, 2371
10821, 7736, 71.49, 72, 48.65, 1, 2371
10822, 7737, 71.49, 72, 48.65, 1, 2371
10823, 7738, 71.50, 72, 48.65, 1, 2371
10824, 7738, 71.49, 72, 48.65, 1, 2372
10825, 7738, 71.48, 72, 48.65, 1, 2373
10826, 7739, 71.49, 72, 48.65, 1, 2373
10827, 7740, 71.49, 72, 48.65, 1, 2373
10828, 7741, 71.49, 72, 48.65, 1, 2373
10829, 7742, 71.49, 72, 48.65, 1, 2373
10830, 7743, 71.50, 72, 48.65, 1, 2373
10831, 7744, 71.50, 72, 48.65, 1, 2373
10832, 7745, 71.50, 72, 48.65, 1, 2373
10833, 7746, 71.50, 72, 48.65, 1, 2373
10834, 7747, 71.51, 72, 48.65, 1, 2373
10835, 7748, 71.51, 72, 48.65, 1, 2373
10836, 7749, 71.51, 72, 48.65, 1, 2373
10837, 7750, 71.51, 72, 48.65, 1, 2373
10838, 7751, 71.52, 72, 48.65, 1, 2373
10839, 7752, 71.52, 72, 48.65, 1, 2373
10840, 7753, 71.52, 72, 48.65, 1, 2373
10841, 7754, 71.52, 72, 48.65, 1, 2373
10842, 7754, 71.52, 72, 48.65, 1, 2373
10843, 7754, 71.51, 72, 48.65, 1, 2373
10844, 7755, 71.51, 72, 48.65, 1, 2373
10845, 7756, 71.52, 72, 48.65, 1, 2373
10846, 7757, 71.52, 72, 48.65, 1, 2373
10847, 7757, 71.51, 72, 48.65, 1, 2373
10848, 7757, 71.51, 72, 48.65, 1, 2374
10849, 7758, 71.51, 72, 48.65, 1, 2374
10850, 7759, 71.51, 72, 48.65, 1, 2374
10851, 7760, 71.51, 72, 48.65, 1, 2374
10852, 7761, 71.52, 72, 48.65, 1, 2374
10853, 7762, 71.52, 72, 48.65, 1, 2374
10854, 7762, 71.51, 72, 48.65, 1, 2375
10855, 7763, 71.52, 72, 48.65, 1, 2375
10856, 7764, 71.52, 72, 48.65, 1, 2375
10857, 7765, 71.52, 72, 48.65, 1, 2375
10858, 7766, 71.52, 72, 48.65, 1, 2375
10859, 7766, 71.52, 72, 48.65, 1, 2376
10860, 7766, 71.51, 72, 48.65, 1, 2377
10861, 7766, 71.50, 72, 48.65, 1, 2378
10862, 7766, 71.50, 72, 48.65, 1, 2379
10863, 7767, 71.50, 72, 48.65, 1, 2379
10864, 7768, 71.50, 72, 48.65, 1, 2379
10865, 7769, 71.50, 72, 48.65, 1, 2379
10866, 7770, 71.51, 72, 48.65, 1, 2379
10867, 7770, 71.50, 72, 48.65, 1, 2380
10868, 7771, 71.50, 72, 48.65, 1, 2380
10869, 7772, 71.51, 72, 48.65, 1, 2380
10870, 7772, 71.50, 72, 48.65, 1, 2381
10871, 7773, 71.50, 72, 48.65, 1, 2381
10872, 7774, 71.50, 72, 48.65, 1, 2381
10873, 7775, 71.51, 72, 48.65, 1, 2381
10874, 7776, 71.51, 72, 48.65, 1, 2381
10875, 7776, 71.50, 72, 48.65, 1, 2382
10876, 7777, 71.51, 72, 48.65, 1, 2382
10877, 7778, 71.51, 72, 48.65, 1, 2382
10878, 7779, 71.51, 72, 48.65, 1, 2382
10879, 7779, 71.50, 72, 48.65, 1, 2383
10880, 7780, 71.51, 72, 48.65, 1, 2383
10881, 7781, 71.51, 72, 48.65, 1, 2383
10882, 7782, 71.51, 72, 48.65, 1, 2383
10883, 7783, 71.52, 72, 48.65, 1, 2383
10884, 7784, 71.52, 72, 48.65, 1, 2383
10885, 7785, 71.52, 72, 48.65, 1, 2383
10886, 7786, 71.52, 72, 48.65, 1, 2383
10887, 7786, 71.52, 72, 48.65, 1, 2384
10888, 7786, 71.51, 72, 48.65, 1, 2385
10889, 7787, 71.51, 72, 48.65, 1, 2385
10890, 7788, 71.52, 72, 48.65, 1, 2385
10891, 7789, 71.52, 72, 48.65, 1, 2385
10892, 7789, 71.51, 72, 48.65, 1, 2386
10893, 7789, 71.50, 72, 48.65, 1, 2387
10894, 7790, 71.51, 72, 48.65, 1, 2387
10895, 7791, 71.51, 72, 48.65, 1, 2387
10896, 7791, 71.50, 72, 48.65, 1, 2387
10897, 7792, 71.51, 72, 48.65, 1, 2387
10898, 7793, 71.51, 72, 48.65, 1, 2387
10899, 7794, 71.51, 72, 48.65, 1, 2387
10900, 7794, 71.50, 72, 48.65, 1, 2387
10901, 7795, 71.51, 72, 48.65, 1, 2387
10902, 7796, 71.51, 72, 48.65, 1, 2387
10903, 7797, 71.51, 72, 48.65, 1, 2387
10904, 7797, 71.51, 72, 48.65, 1, 2388
10905, 7798, 71.51, 72, 48.65, 1, 2388
10906, 7798, 71.50, 72, 48.65, 1, 2389
10907, 7798, 71.50, 72, 48.65, 1, 2389
10908, 7798, 71.49, 72, 48.65, 1, 2390
10909, 7798, 71.48, 72, 48.65, 1, 2391
10910, 7798, 71.48, 72, 48.65, 1, 2392
10911, 7799, 71.48, 72, 48.65, 1, 2392
10912, 7800, 71.48, 72, 48.65, 1, 2392
10913, 7801, 71.48, 72, 48.65, 1, 2392
10914, 7802, 71.49, 72, 48.65, 1, 2392
10915, 7802, 71.48, 72, 48.65, 1, 2393
10916, 7803, 71.48, 72, 48.65, 1, 2393
10917, 7804, 71.48, 72, 48.65, 1, 2393
10918, 7805, 71.49, 72, 48.65, 1, 2393
10919, 7806, 71.49, 72, 48.65, 1, 2393
10920, 7807, 71.49, 72, 48.65, 1, 2393
10921, 7808, 71.50, 72, 48.65, 1, 2393
10922, 7809, 71.50, 72, 48.65, 1, 2393
10923, 7810, 71.50, 72, 48.65, 1, 2393
10924, 7811, 71.50, 72, 48.65, 1, 2393
10925, 7812, 71.51, 72, 48.65, 1, 2393
10926, 7812, 71.50, 72, 48.65, 1, 2394
10927, 7813, 71.50, 72, 48.65, 1, 2394
10928, 7814, 71.50, 72, 48.65, 1, 2394
10929, 7815, 71.51, 72, 48.65, 1, 2394
10930, 7816, 71.51, 72, 48.65, 1, 2394
10931, 7817, 71.51, 72, 48.65, 1, 2394
10932, 7817, 71.51, 72, 48.65, 1, 2394
10933, 7818, 71.51, 72, 48.65, 1, 2394
10934, 7818, 71.50, 72, 48.65, 1, 2395
10935, 7819, 71.50, 72, 48.65, 1, 2395
10936, 7819, 71.50, 72, 48.65, 1, 2396
10937, 7820, 71.50, 72, 48.65, 1, 2396
10938, 7821, 71.50, 72, 48.65, 1, 2396
10939, 7822, 71.51, 72, 48.65, 1, 2396
10940, 7822, 71.50, 72, 48.65, 1, 2397
10941, 7823, 71.50, 72, 48.65, 1, 2397
10942, 7823, 71.50, 72, 48.65, 1, 2398
10943, 7824, 71.50, 72, 48.65, 1, 2398
10944, 7824, 71.49, 72, 48.65, 1, 2399
10945, 7824, 71.48, 72, 48.65, 1, 2400
10946, 7825, 71.49, 72, 48.65, 1, 2400
10947, 7826, 71.49, 72, 48.65, 1, 2400
10948, 7827, 71.49, 72, 48.65, 1, 2400
10949, 7827, 71.49, 72, 48.65, 1, 2401
10950, 7827, 71.48, 72, 48.65, 1, 2402
10951, 7828, 71.48, 72, 48.65, 1, 2402
10952, 7829, 71.48, 72, 48.65, 1, 2402
10953, 7830, 71.49, 72, 48.65, 1, 2402
10954, 7831, 71.49, 72, 48.65, 1, 2402
10955, 7832, 71.49, 72, 48.65, 1, 2402
10956, 7833, 71.50, 72, 48.65, 1, 2402
10957, 7834, 71.50, 72, 48.65, 1, 2402
10958, 7835, 71.50, 72, 48.65, 1, 2402
10959, 7835, 71.49, 72, 48.65, 1, 2403
10960, 7836, 71.50, 72, 48.65, 1, 2403
10961, 7837, 71.50, 72, 48.65, 1, 2403
10962, 7838, 71.50, 72, 48.65, 1, 2403
10963, 7839, 71.50, 72, 48.65, 1, 2403
10964, 7840, 71.51, 72, 48.65, 1, 2403
10965, 7841, 71.51, 72, 48.65, 1, 2403
10966, 7842, 71.51, 72, 48.65, 1, 2403
10967, 7842, 71.51, 72, 48.65, 1, 2404
10968, 7843, 71.51, 72, 48.65, 1, 2404
10969, 7843, 71.50, 72, 48.65, 1, 2405
10970, 7844, 71.50, 72, 48.65, 1, 2405
10971, 7845, 71.51, 72, 48.65, 1, 2405
10972, 7846, 71.51, 72, 48.65, 1, 2405
10973, 7847, 71.51, 72, 48.65, 1, 2405
10974, 7847, 71.51, 72, 48.65, 1, 2406
10975, 7848, 71.51, 72, 48.65, 1, 2406
10976, 7849, 71.51, 72, 48.65, 1, 2406
10977, 7849, 71.50, 72, 48.65, 1, 2407
10978, 7850, 71.51, 72, 48.65, 1, 2407
10979, 7850, 71.50, 72, 48.65, 1, 2408
10980, 7851, 71.50, 72, 48.65, 1, 2408
10981, 7852, 71.51, 72, 48.65, 1, 2408
10982, 7852, 71.50, 72, 48.65, 1, 2409
10983, 7853, 71.50, 72, 48.65, 1, 2409
10984, 7854, 71.50, 72, 48.65, 1, 2409
10985, 7855, 71.51, 72, 48.65, 1, 2409
10986, 7856, 71.51, 72, 48.65, 1, 2409
10987, 7856, 71.50, 72, 48.65, 1, 2409
10988, 7857, 71.51, 72, 48.65, 1, 2409
10989, 7857, 71.50, 72, 48.65, 1, 2410
10990, 7858, 71.50, 72, 48.65, 1, 2410
10991, 7859, 71.50, 72, 48.65, 1, 2410
10992, 7860, 71.51, 72, 48.65, 1, 2410
10993, 7861, 71.51, 72, 48.65, 1, 2410
10994, 7862, 71.51, 72, 48.65, 1, 2410
10995, 7862, 71.51, 72, 48.65, 1, 2411
10996, 7862, 71.50, 72, 48.65, 1, 2412
10997, 7863, 71.50, 72, 48.65, 1, 2412
10998, 7863, 71.49, 72, 48.65, 1, 2413
10999, 7864, 71.50, 72, 48.65, 1, 2413
11000, 7864, 71.49, 72, 48.65, 1, 2413
11001, 7865, 71.49, 72, 48.65, 1, 2413
11002, 7866, 71.50, 72, 48.65, 1, 2413
11003, 7867, 71.50, 72, 48.65, 1, 2413
11004, 7867, 71.49, 72, 48.65, 1, 2414
11005, 7867, 71.49, 72, 48.65, 1, 2415
11006, 7868, 71.49, 72, 48.65, 1, 2415
11007, 7869, 71.49, 72, 48.65, 1, 2415
11008, 7870, 71.49, 72, 48.65, 1, 2415
11009, 7871, 71.50, 72, 48.65, 1, 2415
11010, 7871, 71.49, 72, 48.65, 1, 2416
11011, 7872, 71.49, 72, 48.65, 1, 2416
11012, 7873, 71.49, 72, 48.65, 1, 2416
11013, 7874, 71.50, 72, 48.65, 1, 2416
11014, 7875, 71.50, 72, 48.65, 1, 2416
11015, 7875, 71.49, 72, 48.65, 1, 2417
11016, 7875, 71.49, 72, 48.65, 1, 2418
11017, 7876, 71.49, 72, 48.65, 1, 2418
11018, 7876, 71.48, 72, 48.65, 1, 2419
11019, 7877, 71.49, 72, 48.65, 1, 2419
11020, 7877, 71.48, 72, 48.65, 1, 2419
11021, 7877, 71.47, 72, 48.65, 1, 2419
11022, 7878, 71.48, 72, 48.65, 1, 2419
11023, 7879, 71.48, 72, 48.65, 1, 2419
11024, 7880, 71.48, 72, 48.65, 1, 2419
11025, 7881, 71.48, 72, 48.65, 1, 2419
11026, 7881, 71.48, 72, 48.65, 1, 2419
11027, 7882, 71.48, 72, 48.65, 1, 2419
11028, 7883, 71.48, 72, 48.65, 1, 2419
11029, 7883, 71.48, 72, 48.65, 1, 2420
11030, 7883, 71.47, 72, 48.65, 1, 2421
11031, 7884, 71.47, 72, 48.65, 1, 2421
11032, 7885, 71.47, 72, 48.65, 1, 2421
11033, 7886, 71.48, 72, 48.65, 1, 2421
11034, 7887, 71.48, 72, 48.65, 1, 2421
11035, 7887, 71.47, 72, 48.65, 1, 2421
11036, 7888, 71.48, 72, 48.65, 1, 2421
11037, 7889, 71.48, 72, 48.65, 1, 2421
11038, 7890, 71.48, 72, 48.65, 1, 2421
11039, 7891, 71.48, 72, 48.65, 1, 2421
11040, 7892, 71.49, 72, 48.65, 1, 2421
11041, 7892, 71.48, 72, 48.65, 1, 2422
11042, 7892, 71.47, 72, 48.65, 1, 2423
11043, 7892, 71.47, 72, 48.65, 1, 2423
11044, 7893, 71.47, 72, 48.65, 1, 2423
11045, 7894, 71.47, 72, 48.65, 1, 2423
11046, 7894, 71.46, 72, 48.65, 1, 2423
11047, 7895, 71.47, 72, 48.65, 1, 2423
11048, 7896, 71.47, 72, 48.65, 1, 2423
11049, 7897, 71.47, 72, 48.65, 1, 2423
11050, 7898, 71.48, 72, 48.65, 1, 2423
11051, 7898, 71.47, 72, 48.65, 1, 2423
11052, 7899, 71.47, 72, 48.65, 1, 2423
11053, 7900, 71.47, 72, 48.65, 1, 2423
11054, 7901, 71.48, 72, 48.65, 1, 2423
11055, 7902, 71.48, 72, 48.65, 1, 2423
11056, 7903, 71.48, 72, 48.65, 1, 2423
11057, 7904, 71.48, 72, 48.65, 1, 2423
11058, 7905, 71.49, 72, 48.65, 1, 2423
11059, 7906, 71.49, 72, 48.65, 1, 2423
11060, 7906, 71.48, 72, 48.65, 1, 2423
11061, 7907, 71.49, 72, 48.65, 1, 2423
11062, 7908, 71.49, 72, 48.65, 1, 2423
11063, 7909, 71.49, 72, 48.65, 1, 2423
11064, 7910, 71.49, 72, 48.65, 1, 2423
11065, 7911, 71.50, 72, 48.65, 1, 2423
11066, 7912, 71.50, 72, 48.65, 1, 2423
11067, 7913, 71.50, 72, 48.65, 1, 2423
11068, 7914, 71.50, 72, 48.65, 1, 2423
11069, 7915, 71.51, 72, 48.65, 1, 2423
11070, 7915, 71.50, 72, 48.65, 1, 2424
11071, 7916, 71.50, 72, 48.65, 1, 2424
11072, 7917, 71.50, 72, 48.65, 1, 2424
11073, 7917, 71.50, 72, 48.65, 1, 2425
11074, 7918, 71.50, 72, 48.65, 1, 2425
11075, 7918, 71.49, 72, 48.65, 1, 2425
11076, 7919, 71.50, 72, 48.65, 1, 2425
11077, 7920, 71.50, 72, 48.65, 1, 2425
11078, 7921, 71.50, 72, 48.65, 1, 2425
11079, 7921, 71.50, 72, 48.65, 1, 2425
11080, 7922, 71.50, 72, 48.65, 1, 2425
11081, 7923, 71.50, 72, 48.65, 1, 2425
11082, 7924, 71.50, 72, 48.65, 1, 2425
11083, 7925, 71.51, 72, 48.65, 1, 2425
11084, 7925, 71.50, 72, 48.65, 1, 2425
11085, 7926, 71.50, 72, 48.65, 1, 2425
11086, 7927, 71.50, 72, 48.65, 1, 2425
11087, 7927, 71.50, 72, 48.65, 1, 2425
11088, 7928, 71.50, 72, 48.65, 1, 2425
11089, 7929, 71.50, 72, 48.65, 1, 2425
11090, 7930, 71.51, 72, 48.65, 1, 2425
11091, 7930, 71.50, 72, 48.65, 1, 2426
11092, 7930, 71.49, 72, 48.65, 1, 2426
11093, 7931, 71.50, 72, 48.65, 1, 2426
11094, 7932, 71.50, 72, 48.65, 1, 2426
11095, 7933, 71.50, 72, 48.65, 1, 2426
11096, 7934, 71.50, 72, 48.65, 1, 2426
11097, 7935, 71.51, 72, 48.65, 1, 2426
11098, 7935, 71.50, 72, 48.65, 1, 2426
11099, 7936, 71.50, 72, 48.65, 1, 2426
11100, 7937, 71.50, 72, 48.65, 1, 2426
11101, 7938, 71.51, 72, 48.65, 1, 2426
11102, 7938, 71.50, 72, 48.65, 1, 2427
11103, 7939, 71.50, 72, 48.65, 1, 2427
11104, 7940, 71.51, 72, 48.65, 1, 2427
11105, 7940, 71.50, 72, 48.65, 1, 2428
11106, 7940, 71.49, 72, 48.65, 1, 2429
11107, 7941, 71.50, 72, 48.65, 1, 2429
11108, 7942, 71.50, 72, 48.65, 1, 2429
11109, 7943, 71.50, 72, 48.65, 1, 2429
11110, 7944, 71.50, 72, 48.65, 1, 2429
11111, 7945, 71.51, 72, 48.65, 1, 2429
11112, 7945, 71.50, 72, 48.65, 1, 2430
11113, 7946, 71.50, 72, 48.65, 1, 2430
11114, 7947, 71.50, 72, 48.65, 1, 2430
11115, 7948, 71.51, 72, 48.65, 1, 2430
11116, 7949, 71.51, 72, 48.65, 1, 2430
11117, 7950, 71.51, 72, 48.65, 1, 2430
11118, 7951, 71.51, 72, 48.65, 1, 2430
11119, 7951, 71.51, 72, 48.65, 1, 2431
11120, 7951, 71.50, 72, 48.65, 1, 2432
11121, 7952, 71.50, 72, 48.65, 1, 2432
11122, 7953, 71.51, 72, 48.65, 1, 2432
11123, 7954, 71.51, 72, 48.65, 1, 2432
11124, 7955, 71.51, 72, 48.65, 1, 2432
11125, 7956, 71.51, 72, 48.65, 1, 2432
11126, 7956, 71.51, 72, 48.65, 1, 2433
11127, 7957, 71.51, 72, 48.65, 1, 2433
11128, 7958, 71.51, 72, 48.65, 1, 2433
11129, 7959, 71.52, 72, 48.65, 1, 2433
11130, 7960, 71.52, 72, 48.65, 1, 2433
11131, 7960, 71.51, 72, 48.65, 1, 2434
11132, 7961, 71.51, 72, 48.65, 1, 2434
11133, 7961, 71.51, 72, 48.65, 1, 2434
11134, 7962, 71.51, 72, 48.65, 1, 2434
11135, 7963, 71.51, 72, 48.65, 1, 2434
11136, 7964, 71.52, 72, 48.65, 1, 2434
11137, 7965, 71.52, 72, 48.65, 1, 2434
11138, 7966, 71.52, 72, 48.65, 1, 2434
11139, 7967, 71.52, 72, 48.65, 1, 2434
11140, 7968, 71.53, 72, 48.65, 1, 2434
11141, 7969, 71.53, 72, 48.65, 1, 2434
11142, 7970, 71.53, 72, 48.65, 1, 2434
11143, 7971, 71.53, 72, 48.65, 1, 2434
11144, 7972, 71.54, 72, 48.65, 1, 2434
11145, 7973, 71.54, 72, 48.65, 1, 2434
11146, 7974, 71.54, 72, 48.65, 1, 2434
11147, 7975, 71.54, 72, 48.65, 1, 2434
11148, 7976, 71.55, 72, 48.65, 1, 2434
11149, 7977, 71.55, 72, 48.65, 1, 2434
11150, 7978, 71.55, 72, 48.65, 1, 2434
11151, 7978, 71.55, 72, 48.65, 1, 2435
11152, 7979, 71.55, 72, 48.65, 1, 2435
11153, 7980, 71.55, 72, 48.65, 1, 2435
11154, 7980, 71.54, 72, 48.65, 1, 2436
11155, 7981, 71.55, 72, 48.65, 1, 2436
11156, 7982, 71.55, 72, 48.65, 1, 2436
11157, 7983, 71.55, 72, 48.65, 1, 2436
11158, 7983, 71.55, 72, 48.65, 1, 2436
11159, 7983, 71.54, 72, 48.65, 1, 2437
11160, 7984, 71.54, 72, 48.65, 1, 2437
11161, 7985, 71.54, 72, 48.65, 1, 2437
11162, 7986, 71.55, 72, 48.65, 1, 2437
11163, 7987, 71.55, 72, 48.65, 1, 2437
11164, 7988, 71.55, 72, 48.65, 1, 2437
11165, 7988, 71.55, 72, 48.65, 1, 2438
11166, 7989, 71.55, 72, 48.65, 1, 2438
11167, 7990, 71.55, 72, 48.65, 1, 2438
11168, 7991, 71.55, 72, 48.65, 1, 2438
11169, 7992, 71.56, 72, 48.65, 1, 2438
11170, 7992, 71.55, 72, 48.65, 1, 2438
11171, 7993, 71.55, 72, 48.65, 1, 2438
11172, 7994, 71.55, 72, 48.65, 1, 2438
11173, 7995, 71.56, 72, 48.65, 1, 2438
11174, 7996, 71.56, 72, 48.65, 1, 2438
11175, 7996, 71.55, 72, 48.65, 1, 2439
11176, 7996, 71.55, 72, 48.65, 1, 2440
11177, 7997, 71.55, 72, 48.65, 1, 2440
11178, 7998, 71.55, 72, 48.65, 1, 2440
11179, 7999, 71.55, 72, 48.65, 1, 2440
11180, 7999, 71.55, 72, 48.65, 1, 2441
11181, 7999, 71.54, 72, 48.65, 1, 2442
11182, 8000, 71.54, 72, 48.65, 1, 2442
11183, 8001, 71.55, 72, 48.65, 1, 2442
11184, 8001, 71.54, 72, 48.65, 1, 2443
11185, 8002, 71.54, 72, 48.65, 1, 2443
11186, 8003, 71.54, 72, 48.65, 1, 2443
11187, 8003, 71.54, 72, 48.65, 1, 2444
11188, 8003, 71.53, 72, 48.65, 1, 2445
11189, 8004, 71.53, 72, 48.65, 1, 2445
11190, 8005, 71.54, 72, 48.65, 1, 2445
11191, 8006, 71.54, 72, 48.65, 1, 2445
11192, 8006, 71.53, 72, 48.65, 1, 2446
11193, 8006, 71.53, 72, 48.65, 1, 2447
11194, 8006, 71.52, 72, 48.65, 1, 2448
11195, 8007, 71.52, 72, 48.65, 1, 2448
11196, 8008, 71.53, 72, 48.65, 1, 2448
11197, 8009, 71.53, 72, 48.65, 1, 2448
11198, 8010, 71.53, 72, 48.65, 1, 2448
11199, 8011, 71.53, 72, 48.65, 1, 2448
11200, 8012, 71.54, 72, 48.65, 1, 2448
11201, 8013, 71.54, 72, 48.65, 1, 2448
11202, 8013, 71.53, 72, 48.65, 1, 2449
11203, 8014, 71.53, 72, 48.65, 1, 2449
11204, 8015, 71.54, 72, 48.65, 1, 2449
11205, 8016, 71.54, 72, 48.65, 1, 2449
11206, 8017, 71.54, 72, 48.65, 1, 2449
11207, 8017, 71.54, 72, 48.65, 1, 2450
11208, 8018, 71.54, 72, 48.65, 1, 2450
11209, 8018, 71.53, 72, 48.65, 1, 2451
11210, 8019, 71.53, 72, 48.65, 1, 2451
11211, 8020, 71.54, 72, 48.65, 1, 2451
11212, 8021, 71.54, 72, 48.65, 1, 2451
11213, 8022, 71.54, 72, 48.65, 1, 2451
11214, 8023, 71.54, 72, 48.65, 1, 2451
11215, 8024, 71.55, 72, 48.65, 1, 2451
11216, 8025, 71.55, 72, 48.65, 1, 2451
11217, 8025, 71.54, 72, 48.65, 1, 2452
11218, 8025, 71.54, 72, 48.65, 1, 2453
11219, 8025, 71.53, 72, 48.65, 1, 2454
11220, 8026, 71.53, 72, 48.65, 1, 2454
11221, 8027, 71.54, 72, 48.65, 1, 2454
11222, 8028, 71.54, 72, 48.65, 1, 2454
11223, 8029, 71.54, 72, 48.65, 1, 2454
11224, 8030, 71.54, 72, 48.65, 1, 2454
11225, 8031, 71.55, 72, 48.65, 1, 2454
11226, 8032, 71.55, 72, 48.65, 1, 2454
11227, 8032, 71.54, 72, 48.65, 1, 2455
11228, 8033, 71.54, 72, 48.65, 1, 2455
11229, 8033, 71.54, 72, 48.65, 1, 2456
11230, 8033, 71.53, 72, 48.65, 1, 2457
11231, 8034, 71.53, 72, 48.65, 1, 2457
11232, 8035, 71.54, 72, 48.65, 1, 2457
11233, 8036, 71.54, 72, 48.65, 1, 2457
11234, 8037, 71.54, 72, 48.65, 1, 2457
11235, 8038, 71.54, 72, 48.65, 1, 2457
11236, 8039, 71.55, 72, 48.65, 1, 2457
11237, 8040, 71.55, 72, 48.65, 1, 2457
11238, 8041, 71.55, 72, 48.65, 1, 2457
11239, 8042, 71.55, 72, 48.65, 1, 2457
11240, 8043, 71.56, 72, 48.65, 1, 2457
11241, 8043, 71.55, 72, 48.65, 1, 2458
11242, 8044, 71.55, 72, 48.65, 1, 2458
11243, 8044, 71.55, 72, 48.65, 1, 2459
11244, 8044, 71.54, 72, 48.65, 1, 2460
11245, 8045, 71.54, 72, 48.65, 1, 2460
11246, 8046, 71.55, 72, 48.65, 1, 2460
11247, 8046, 71.54, 72, 48.65, 1, 2460
11248, 8046, 71.53, 72, 48.65, 1, 2460
11249, 8046, 71.53, 72, 48.65, 1, 2461
11250, 8047, 71.53, 72, 48.65, 1, 2461
11251, 8048, 71.53, 72, 48.65, 1, 2461
11252, 8049, 71.53, 72, 48.65, 1, 2461
11253, 8049, 71.53, 72, 48.65, 1, 2462
11254, 8050, 71.53, 72, 48.65, 1, 2462
11255, 8051, 71.53, 72, 48.65, 1, 2462
11256, 8052, 71.54, 72, 48.65, 1, 2462
11257, 8053, 71.54, 72, 48.65, 1, 2462
11258, 8053, 71.53, 72, 48.65, 1, 2463
11259, 8054, 71.53, 72, 48.65, 1, 2463
11260, 8054, 71.53, 72, 48.65, 1, 2464
11261, 8054, 71.52, 72, 48.65, 1, 2465
11262, 8055, 71.52, 72, 48.65, 1, 2465
11263, 8056, 71.53, 72, 48.65, 1, 2465
11264, 8057, 71.53, 72, 48.65, 1, 2465
11265, 8058, 71.53, 72, 48.65, 1, 2465
11266, 8059, 71.53, 72, 48.65, 1, 2465
11267, 8060, 71.54, 72, 48.65, 1, 2465
11268, 8061, 71.54, 72, 48.65, 1, 2465
11269, 8062, 71.54, 72, 48.65, 1, 2465
11270, 8063, 71.54, 72, 48.65, 1, 2465
11271, 8064, 71.55, 72, 48.65, 1, 2465
11272, 8065, 71.55, 72, 48.65, 1, 2465
11273, 8066, 71.55, 72, 48.65, 1, 2465
11274, 8067, 71.55, 72, 48.65, 1, 2465
11275, 8068, 71.56, 72, 48.65, 1, 2465
11276, 8069, 71.56, 72, 48.65, 1, 2465
11277, 8069, 71.55, 72, 48.65, 1, 2466
11278, 8070, 71.56, 72, 48.65, 1, 2466
11279, 8071, 71.56, 72, 48.65, 1, 2466
11280, 8072, 71.56, 72, 48.65, 1, 2466
11281, 8073, 71.56, 72, 48.65, 1, 2466
11282, 8073, 71.56, 72, 48.65, 1, 2466
11283, 8074, 71.56, 72, 48.65, 1, 2466
11284, 8075, 71.56, 72, 48.65, 1, 2466
11285, 8075, 71.56, 72, 48.65, 1, 2467
11286, 8075, 71.55, 72, 48.65, 1, 2468
11287, 8076, 71.55, 72, 48.65, 1, 2468
11288, 8077, 71.55, 72, 48.65, 1, 2468
11289, 8078, 71.56, 72, 48.65, 1, 2468
11290, 8079, 71.56, 72, 48.65, 1, 2468
11291, 8080, 71.56, 72, 48.65, 1, 2468
11292, 8081, 71.56, 72, 48.65, 1, 2468
11293, 8082, 71.57, 72, 48.65, 1, 2468
11294, 8083, 71.57, 72, 48.65, 1, 2468
11295, 8084, 71.57, 72, 48.65, 1, 2468
11296, 8084, 71.57, 72, 48.65, 1, 2469
11297, 8084, 71.56, 72, 48.65, 1, 2470
11298, 8085, 71.56, 72, 48.65, 1, 2470
11299, 8085, 71.56, 72, 48.65, 1, 2471
11300, 8086, 71.56, 72, 48.65, 1, 2471
11301, 8087, 71.56, 72, 48.65, 1, 2471
11302, 8088, 71.56, 72, 48.65, 1, 2471
11303, 8088, 71.56, 72, 48.65, 1, 2472
11304, 8089, 71.56, 72, 48.65, 1, 2472
11305, 8090, 71.56, 72, 48.65, 1, 2472
11306, 8090, 71.55, 72, 48.65, 1, 2473
11307, 8091, 71.56, 72, 48.65, 1, 2473
11308, 8092, 71.56, 72, 48.65, 1, 2473
11309, 8093, 71.56, 72, 48.65, 1, 2473
11310, 8093, 71.56, 72, 48.65, 1, 2474
11311, 8094, 71.56, 72, 48.65, 1, 2474
11312, 8095, 71.56, 72, 48.65, 1, 2474
11313, 8095, 71.55, 72, 48.65, 1, 2475
11314, 8096, 71.56, 72, 48.65, 1, 2475
11315, 8097, 71.56, 72, 48.65, 1, 2475
11316, 8098, 71.56, 72, 48.65, 1, 2475
11317, 8098, 71.56, 72, 48.65, 1, 2476
11318, 8099, 71.56, 72, 48.65, 1, 2476
11319, 8099, 71.55, 72, 48.65, 1, 2477
11320, 8100, 71.55, 72, 48.65, 1, 2477
11321, 8101, 71.56, 72, 48.65, 1, 2477
11322, 8102, 71.56, 72, 48.65, 1, 2477
11323, 8102, 71.55, 72, 48.65, 1, 2478
11324, 8103, 71.56, 72, 48.65, 1, 2478
11325, 8104, 71.56, 72, 48.65, 1, 2478
11326, 8105, 71.56, 72, 48.65, 1, 2478
11327, 8106, 71.56, 72, 48.65, 1, 2478
11328, 8107, 71.57, 72, 48.65, 1, 2478
11329, 8108, 71.57, 72, 48.65, 1, 2478
11330, 8109, 71.57, 72, 48.65, 1, 2478
11331, 8109, 71.56, 72, 48.65, 1, 2478
11332, 8110, 71.57, 72, 48.65, 1, 2478
11333, 8111, 71.57, 72, 48.65, 1, 2478
11334, 8112, 71.57, 72, 48.65, 1, 2478
11335, 8113, 71.57, 72, 48.65, 1, 2478
11336, 8114, 71.58, 72, 48.65, 1, 2478
11337, 8114, 71.57, 72, 48.65, 1, 2479
11338, 8114, 71.56, 72, 48.65, 1, 2480
11339, 8115, 71.57, 72, 48.65, 1, 2480
11340, 8116, 71.57, 72, 48.65, 1, 2480
11341, 8116, 71.56, 72, 48.65, 1, 2481
11342, 8116, 71.56, 72, 48.65, 1, 2482
11343, 8117, 71.56, 72, 48.65, 1, 2482
11344, 8118, 71.56, 72, 48.65, 1, 2482
11345, 8119, 71.56, 72, 48.65, 1, 2482
11346, 8120, 71.57, 72, 48.65, 1, 2482
11347, 8121, 71.57, 72, 48.65, 1, 2482
11348, 8122, 71.57, 72, 48.65, 1, 2482
11349, 8122, 71.57, 72, 48.65, 1, 2483
11350, 8123, 71.57, 72, 48.65, 1, 2483
11351, 8124, 71.57, 72, 48.65, 1, 2483
11352, 8124, 71.56, 72, 48.65, 1, 2484
11353, 8124, 71.56, 72, 48.65, 1, 2485
11354, 8125, 71.56, 72, 48.65, 1, 2485
11355, 8125, 71.55, 72, 48.65, 1, 2486
11356, 8126, 71.56, 72, 48.65, 1, 2486
11357, 8127, 71.56, 72, 48.65, 1, 2486
11358, 8128, 71.56, 72, 48.65, 1, 2486
11359, 8129, 71.56, 72, 48.65, 1, 2486
11360, 8130, 71.57, 72, 48.65, 1, 2486
11361, 8131, 71.57, 72, 48.65, 1, 2486
11362, 8131, 71.56, 72, 48.65, 1, 2486
11363, 8132, 71.57, 72, 48.65, 1, 2486
11364, 8133, 71.57, 72, 48.65, 1, 2486
11365, 8134, 71.57, 72, 48.65, 1, 2486
11366, 8134, 71.56, 72, 48.65, 1, 2486
11367, 8135, 71.57, 72, 48.65, 1, 2486
11368, 8136, 71.57, 72, 48.65, 1, 2486
11369, 8136, 71.56, 72, 48.65, 1, 2486
11370, 8137, 71.57, 72, 48.65, 1, 2486
11371, 8138, 71.57, 72, 48.65, 1, 2486
11372, 8138, 71.56, 72, 48.65, 1, 2487
11373, 8139, 71.56, 72, 48.65, 1, 2487
11374, 8139, 71.56, 72, 48.65, 1, 2488
11375, 8140, 71.56, 72, 48.65, 1, 2488
11376, 8141, 71.56, 72, 48.65, 1, 2488
11377, 8142, 71.57, 72, 48.65, 1, 2488
11378, 8143, 71.57, 72, 48.65, 1, 2488
11379, 8144, 71.57, 72, 48.65, 1, 2488
11380, 8145, 71.57, 72, 48.65, 1, 2488
11381, 8146, 71.58, 72, 48.65, 1, 2488
11382, 8147, 71.58, 72, 48.65, 1, 2488
11383, 8147, 71.57, 72, 48.65, 1, 2489
11384, 8148, 71.57, 72, 48.65, 1, 2489
11385, 8148, 71.57, 72, 48.65, 1, 2490
11386, 8149, 71.57, 72, 48.65, 1, 2490
11387, 8150, 71.57, 72, 48.65, 1, 2490
11388, 8151, 71.58, 72, 48.65, 1, 2490
11389, 8152, 71.58, 72, 48.65, 1, 2490
11390, 8152, 71.57, 72, 48.65, 1, 2490
11391, 8153, 71.57, 72, 48.65, 1, 2490
11392, 8154, 71.58, 72, 48.65, 1, 2490
11393, 8154, 71.57, 72, 48.65, 1, 2491
11394, 8155, 71.57, 72, 48.65, 1, 2491
11395, 8156, 71.58, 72, 48.65, 1, 2491
11396, 8156, 71.57, 72, 48.65, 1, 2492
11397, 8157, 71.57, 72, 48.65, 1, 2492
11398, 8158, 71.57, 72, 48.65, 1, 2492
11399, 8159, 71.58, 72, 48.65, 1, 2492
11400, 8160, 71.58, 72, 48.65, 1, 2492
11401, 8161, 71.58, 72, 48.65, 1, 2492
11402, 8161, 71.58, 72, 48.65, 1, 2493
11403, 8161, 71.57, 72, 48.65, 1, 2494
11404, 8162, 71.57, 72, 48.65, 1, 2494
11405, 8162, 71.57, 72, 48.65, 1, 2495
11406, 8163, 71.57, 72, 48.65, 1, 2495
11407, 8163, 71.56, 72, 48.65, 1, 2496
11408, 8164, 71.56, 72, 48.65, 1, 2496
11409, 8164, 71.56, 72, 48.65, 1, 2497
11410, 8165, 71.56, 72, 48.65, 1, 2497
11411, 8166, 71.56, 72, 48.65, 1, 2497
11412, 8167, 71.57, 72, 48.65, 1, 2497
11413, 8167, 71.56, 72, 48.65, 1, 2498
11414, 8167, 71.55, 72, 48.65, 1, 2499
11415, 8168, 71.55, 72, 48.65, 1, 2499
11416, 8168, 71.55, 72, 48.65, 1, 2500
11417, 8169, 71.55, 72, 48.65, 1, 2500
11418, 8170, 71.55, 72, 48.65, 1, 2500
11419, 8170, 71.55, 72, 48.65, 1, 2500
11420, 8171, 71.55, 72, 48.65, 1, 2500
11421, 8171, 71.54, 72, 48.65, 1, 2500
11422, 8172, 71.55, 72, 48.65, 1, 2500
11423, 8173, 71.55, 72, 48.65, 1, 2500
11424, 8174, 71.55, 72, 48.65, 1, 2500
11425, 8175, 71.55, 72, 48.65, 1, 2500
11426, 8175, 71.55, 72, 48.65, 1, 2500
11427, 8176, 71.55, 72, 48.65, 1, 2500
11428, 8176, 71.54, 72, 48.65, 1, 2500
11429, 8177, 71.55, 72, 48.65, 1, 2500
11430, 8177, 71.54, 72, 48.65, 1, 2501
11431, 8178, 71.54, 72, 48.65, 1, 2501
11432, 8179, 71.54, 72, 48.65, 1, 2501
11433, 8179, 71.54, 72, 48.65, 1, 2502
11434, 8180, 71.54, 72, 48.65, 1, 2502
11435, 8181, 71.54, 72, 48.65, 1, 2502
11436, 8182, 71.55, 72, 48.65, 1, 2502
11437, 8183, 71.55, 72, 48.65, 1, 2502
11438, 8183, 71.54, 72, 48.65, 1, 2503
11439, 8184, 71.54, 72, 48.65, 1, 2503
11440, 8184, 71.54, 72, 48.65, 1, 2504
11441, 8184, 71.53, 72, 48.65, 1, 2505
11442, 8185, 71.53, 72, 48.65, 1, 2505
11443, 8185, 71.53, 72, 48.65, 1, 2506
11444, 8186, 71.53, 72, 48.65, 1, 2506
11445, 8187, 71.53, 72, 48.65, 1, 2506
11446, 8187, 71.53, 72, 48.65, 1, 2507
11447, 8188, 71.53, 72, 48.65, 1, 2507
11448, 8188, 71.52, 72, 48.65, 1, 2508
11449, 8188, 71.52, 72, 48.65, 1, 2509
11450, 8188, 71.51, 72, 48.65, 1, 2510
11451, 8189, 71.51, 72, 48.65, 1, 2510
11452, 8189, 71.51, 72, 48.65, 1, 2510
11453, 8190, 71.51, 72, 48.65, 1, 2510
11454, 8191, 71.51, 72, 48.65, 1, 2510
11455, 8192, 71.51, 72, 48.65, 1, 2510
11456, 8193, 71.52, 72, 48.65, 1, 2510
11457, 8194, 71.52, 72, 48.65, 1, 2510
11458, 8195, 71.52, 72, 48.65, 1, 2510
11459, 8196, 71.52, 72, 48.65, 1, 2510
11460, 8197, 71.53, 72, 48.65, 1, 2510
11461, 8198, 71.53, 72, 48.65, 1, 2510
11462, 8199, 71.53, 72, 48.65, 1, 2510
11463, 8199, 71.53, 72, 48.65, 1, 2510
11464, 8200, 71.53, 72, 48.65, 1, 2510
11465, 8201, 71.53, 72, 48.65, 1, 2510
11466, 8202, 71.53, 72, 48.65, 1, 2510
11467, 8203, 71.54, 72, 48.65, 1, 2510
11468, 8203, 71.53, 72, 48.65, 1, 2510
11469, 8204, 71.53, 72, 48.65, 1, 2510
11470, 8205, 71.53, 72, 48.65, 1, 2510
11471, 8206, 71.54, 72, 48.65, 1, 2510
11472, 8207, 71.54, 72, 48.65, 1, 2510
11473, 8208, 71.54, 72, 48.65, 1, 2510
11474, 8208, 71.54, 72, 48.65, 1, 2511
11475, 8208, 71.53, 72, 48.65, 1, 2512
11476, 8209, 71.53, 72, 48.65, 1, 2512
11477, 8209, 71.53, 72, 48.65, 1, 2513
11478, 8209, 71.52, 72, 48.65, 1, 2514
11479, 8209, 71.51, 72, 48.65, 1, 2515
11480, 8210, 71.52, 72, 48.65, 1, 2515
11481, 8211, 71.52, 72, 48.65, 1, 2515
11482, 8211, 71.51, 72, 48.65, 1, 2515
11483, 8211, 71.51, 72, 48.65, 1, 2516
11484, 8211, 71.50, 72, 48.65, 1, 2517
11485, 8212, 71.50, 72, 48.65, 1, 2517
11486, 8213, 71.50, 72, 48.65, 1, 2517
11487, 8213, 71.50, 72, 48.65, 1, 2517
11488, 8214, 71.50, 72, 48.65, 1, 2517
11489, 8215, 71.50, 72, 48.65, 1, 2517
11490, 8216, 71.51, 72, 48.65, 1, 2517
11491, 8216, 71.50, 72, 48.65, 1, 2517
11492, 8217, 71.50, 72, 48.65, 1, 2517
11493, 8218, 71.50, 72, 48.65, 1, 2517
11494, 8219, 71.51, 72, 48.65, 1, 2517
11495, 8220, 71.51, 72, 48.65, 1, 2517
11496, 8221, 71.51, 72, 48.65, 1, 2517
11497, 8222, 71.51, 72, 48.65, 1, 2517
11498, 8223, 71.52, 72, 48.65, 1, 2517
11499, 8223, 71.51, 72, 48.65, 1, 2517
11500, 8223, 71.50, 72, 48.65, 1, 2518
11501, 8224, 71.51, 72, 48.65, 1, 2518
11502, 8225, 71.51, 72, 48.65, 1, 2518
11503, 8226, 71.51, 72, 48.65, 1, 2518
11504, 8227, 71.51, 72, 48.65, 1, 2518
11505, 8227, 71.51, 72, 48.65, 1, 2518
11506, 8228, 71.51, 72, 48.65, 1, 2518
11507, 8229, 71.51, 72, 48.65, 1, 2518
11508, 8230, 71.52, 72, 48.65, 1, 2518
11509, 8231, 71.52, 72, 48.65, 1, 2518
11510, 8232, 71.52, 72, 48.65, 1, 2518
11511, 8232, 71.51, 72, 48.65, 1, 2518
11512, 8233, 71.52, 72, 48.65, 1, 2518
11513, 8234, 71.52, 72, 48.65, 1, 2518
11514, 8235, 71.52, 72, 48.65, 1, 2518
11515, 8236, 71.52, 72, 48.65, 1, 2518
11516, 8237, 71.53, 72, 48.65, 1, 2518
11517, 8237, 71.52, 72, 48.65, 1, 2519
11518, 8237, 71.51, 72, 48.65, 1, 2520
11519, 8238, 71.52, 72, 48.65, 1, 2520
11520, 8239, 71.52, 72, 48.65, 1, 2520
11521, 8240, 71.52, 72, 48.65, 1, 2520
11522, 8241, 71.52, 72, 48.65, 1, 2520
11523, 8242, 71.53, 72, 48.65, 1, 2520
11524, 8243, 71.53, 72, 48.65, 1, 2520
11525, 8244, 71.53, 72, 48.65, 1, 2520
11526, 8245, 71.53, 72, 48.65, 1, 2520
11527, 8246, 71.54, 72, 48.65, 1, 2520
11528, 8247, 71.54, 72, 48.65, 1, 2520
11529, 8247, 71.53, 72, 48.65, 1, 2520
11530, 8248, 71.54, 72, 48.65, 1, 2520
11531, 8248, 71.53, 72, 48.65, 1, 2521
11532, 8248, 71.52, 72, 48.65, 1, 2522
11533, 8248, 71.52, 72, 48.65, 1, 2522
11534, 8248, 71.51, 72, 48.65, 1, 2522
11535, 8249, 71.51, 72, 48.65, 1, 2522
11536, 8250, 71.52, 72, 48.65, 1, 2522
11537, 8251, 71.52, 72, 48.65, 1, 2522
11538, 8252, 71.52, 72, 48.65, 1, 2522
11539, 8253, 71.52, 72, 48.65, 1, 2522
11540, 8253, 71.52, 72, 48.65, 1, 2523
11541, 8254, 71.52, 72, 48.65, 1, 2523
11542, 8254, 71.51, 72, 48.65, 1, 2524
11543, 8255, 71.52, 72, 48.65, 1, 2524
11544, 8256, 71.52, 72, 48.65, 1, 2524
11545, 8257, 71.52, 72, 48.65, 1, 2524
11546, 8258, 71.52, 72, 48.65, 1, 2524
11547, 8259, 71.53, 72, 48.65, 1, 2524
11548, 8259, 71.52, 72, 48.65, 1, 2525
11549, 8260, 71.52, 72, 48.65, 1, 2525
11550, 8260, 71.52, 72, 48.65, 1, 2526
11551, 8261, 71.52, 72, 48.65, 1, 2526
11552, 8261, 71.51, 72, 48.65, 1, 2526
11553, 8262, 71.51, 72, 48.65, 1, 2526
11554, 8263, 71.52, 72, 48.65, 1, 2526
11555, 8264, 71.52, 72, 48.65, 1, 2526
11556, 8265, 71.52, 72, 48.65, 1, 2526
11557, 8266, 71.52, 72, 48.65, 1, 2526
11558, 8267, 71.53, 72, 48.65, 1, 2526
11559, 8267, 71.52, 72, 48.65, 1, 2527
11560, 8268, 71.52, 72, 48.65, 1, 2527
11561, 8269, 71.52, 72, 48.65, 1, 2527
11562, 8270, 71.53, 72, 48.65, 1, 2527
11563, 8270, 71.52, 72, 48.65, 1, 2528
11564, 8271, 71.52, 72, 48.65, 1, 2528
11565, 8272, 71.53, 72, 48.65, 1, 2528
11566, 8273, 71.53, 72, 48.65, 1, 2528
11567, 8274, 71.53, 72, 48.65, 1, 2528
11568, 8274, 71.52, 72, 48.65, 1, 2528
11569, 8275, 71.53, 72, 48.65, 1, 2528
11570, 8275, 71.52, 72, 48.65, 1, 2528
11571, 8276, 71.52, 72, 48.65, 1, 2528
11572, 8277, 71.53, 72, 48.65, 1, 2528
11573, 8278, 71.53, 72, 48.65, 1, 2528
11574, 8279, 71.53, 72, 48.65, 1, 2528
11575, 8279, 71.52, 72, 48.65, 1, 2529
11576, 8279, 71.52, 72, 48.65, 1, 2530
11577, 8280, 71.52, 72, 48.65, 1, 2530
11578, 8281, 71.52, 72, 48.65, 1, 2530
11579, 8282, 71.53, 72, 48.65, 1, 2530
11580, 8283, 71.53, 72, 48.65, 1, 2530
11581, 8284, 71.53, 72, 48.65, 1, 2530
11582, 8284, 71.52, 72, 48.65, 1, 2531
11583, 8285, 71.53, 72, 48.65, 1, 2531
11584, 8286, 71.53, 72, 48.65, 1, 2531
11585, 8287, 71.53, 72, 48.65, 1, 2531
11586, 8288, 71.53, 72, 48.65, 1, 2531
11587, 8289, 71.54, 72, 48.65, 1, 2531
11588, 8290, 71.54, 72, 48.65, 1, 2531
11589, 8291, 71.54, 72, 48.65, 1, 2531
11590, 8292, 71.54, 72, 48.65, 1, 2531
11591, 8293, 71.55, 72, 48.65, 1, 2531
11592, 8294, 71.55, 72, 48.65, 1, 2531
11593, 8294, 71.54, 72, 48.65, 1, 2532
11594, 8295, 71.55, 72, 48.65, 1, 2532
11595, 8295, 71.54, 72, 48.65, 1, 2533
11596, 8295, 71.53, 72, 48.65, 1, 2534
11597, 8296, 71.54, 72, 48.65, 1, 2534
11598, 8297, 71.54, 72, 48.65, 1, 2534
11599, 8298, 71.54, 72, 48.65, 1, 2534
11600, 8299, 71.54, 72, 48.65, 1, 2534
11601, 8300, 71.55, 72, 48.65, 1, 2534
11602, 8301, 71.55, 72, 48.65, 1, 2534
11603, 8302, 71.55, 72, 48.65, 1, 2534
11604, 8303, 71.55, 72, 48.65, 1, 2534
11605, 8304, 71.56, 72, 48.65, 1, 2534
11606, 8305, 71.56, 72, 48.65, 1, 2534
11607, 8306, 71.56, 72, 48.65, 1, 2534
11608, 8307, 71.56, 72, 48.65, 1, 2534
11609, 8308, 71.57, 72, 48.65, 1, 2534
11610, 8309, 71.57, 72, 48.65, 1, 2534
11611, 8309, 71.56, 72, 48.65, 1, 2535
11612, 8310, 71.56, 72, 48.65, 1, 2535
11613, 8310, 71.56, 72, 48.65, 1, 2536
11614, 8311, 71.56, 72, 48.65, 1, 2536
11615, 8312, 71.56, 72, 48.65, 1, 2536
11616, 8313, 71.57, 72, 48.65, 1, 2536
11617, 8314, 71.57, 72, 48.65, 1, 2536
11618, 8314, 71.56, 72, 48.65, 1, 2537
11619, 8315, 71.56, 72, 48.65, 1, 2537
11620, 8315, 71.56, 72, 48.65, 1, 2538
11621, 8316, 71.56, 72, 48.65, 1, 2538
11622, 8317, 71.56, 72, 48.65, 1, 2538
11623, 8317, 71.56, 72, 48.65, 1, 2538
11624, 8318, 71.56, 72, 48.65, 1, 2538
11625, 8319, 71.56, 72, 48.65, 1, 2538
11626, 8320, 71.56, 72, 48.65, 1, 2538
11627, 8320, 71.56, 72, 48.65, 1, 2539
11628, 8321, 71.56, 72, 48.65, 1, 2539
11629, 8322, 71.56, 72, 48.65, 1, 2539
11630, 8323, 71.56, 72, 48.65, 1, 2539
11631, 8324, 71.57, 72, 48.65, 1, 2539
11632, 8325, 71.57, 72, 48.65, 1, 2539
11633, 8326, 71.57, 72, 48.65, 1, 2539
11634, 8327, 71.57, 72, 48.65, 1, 2539
11635, 8328, 71.58, 72, 48.65, 1, 2539
11636, 8329, 71.58, 72, 48.65, 1, 2539
11637, 8330, 71.58, 72, 48.65, 1, 2539
11638, 8330, 71.58, 72, 48.65, 1, 2540
11639, 8330, 71.57, 72, 48.65, 1, 2541
11640, 8330, 71.56, 72, 48.65, 1, 2542
11641, 8330, 71.56, 72, 48.65, 1, 2543
11642, 8330, 71.55, 72, 48.65, 1, 2544
11643, 8331, 71.55, 72, 48.65, 1, 2544
11644, 8332, 71.56, 72, 48.65, 1, 2544
11645, 8333, 71.56, 72, 48.65, 1, 2544
11646, 8333, 71.55, 72, 48.65, 1, 2545
11647, 8334, 71.55, 72, 48.65, 1, 2545
11648, 8335, 71.56, 72, 48.65, 1, 2545
11649, 8336, 71.56, 72, 48.65, 1, 2545
11650, 8337, 71.56, 72, 48.65, 1, 2545
11651, 8338, 71.56, 72, 48.65, 1, 2545
11652, 8339, 71.57, 72, 48.65, 1, 2545
11653, 8340, 71.57, 72, 48.65, 1, 2545
11654, 8340, 71.56, 72, 48.65, 1, 2546
11655, 8341, 71.57, 72, 48.65, 1, 2546
11656, 8342, 71.57, 72, 48.65, 1, 2546
11657, 8342, 71.56, 72, 48.65, 1, 2546
11658, 8343, 71.56, 72, 48.65, 1, 2546
11659, 8343, 71.56, 72, 48.65, 1, 2547
11660, 8344, 71.56, 72, 48.65, 1, 2547
11661, 8345, 71.56, 72, 48.65, 1, 2547
11662, 8345, 71.56, 72, 48.65, 1, 2548
11663, 8346, 71.56, 72, 48.65, 1, 2548
11664, 8346, 71.55, 72, 48.65, 1, 2548
11665, 8347, 71.56, 72, 48.65, 1, 2548
11666, 8348, 71.56, 72, 48.65, 1, 2548
11667, 8348, 71.55, 72, 48.65, 1, 2549
11668, 8348, 71.55, 72, 48.65, 1, 2550
11669, 8349, 71.55, 72, 48.65, 1, 2550
11670, 8350, 71.55, 72, 48.65, 1, 2550
11671, 8351, 71.55, 72, 48.65, 1, 2550
11672, 8352, 71.56, 72, 48.65, 1, 2550
11673, 8353, 71.56, 72, 48.65, 1, 2550
11674, 8354, 71.56, 72, 48.65, 1, 2550
11675, 8354, 71.55, 72, 48.65, 1, 2551
11676, 8355, 71.56, 72, 48.65, 1, 2551
11677, 8356, 71.56, 72, 48.65, 1, 2551
11678, 8357, 71.56, 72, 48.65, 1, 2551
11679, 8358, 71.56, 72, 48.65, 1, 2551
11680, 8358, 71.56, 72, 48.65, 1, 2552
11681, 8358, 71.55, 72, 48.65, 1, 2552
11682, 8359, 71.55, 72, 48.65, 1, 2552
11683, 8360, 71.56, 72, 48.65, 1, 2552
11684, 8361, 71.56, 72, 48.65, 1, 2552
11685, 8362, 71.56, 72, 48.65, 1, 2552
11686, 8363, 71.56, 72, 48.65, 1, 2552
11687, 8363, 71.56, 72, 48.65, 1, 2553
11688, 8364, 71.56, 72, 48.65, 1, 2553
11689, 8365, 71.56, 72, 48.65, 1, 2553
11690, 8366, 71.57, 72, 48.65, 1, 2553
11691, 8367, 71.57, 72, 48.65, 1, 2553
11692, 8368, 71.57, 72, 48.65, 1, 2553
11693, 8368, 71.56, 72, 48.65, 1, 2554
11694, 8369, 71.57, 72, 48.65, 1, 2554
11695, 8370, 71.57, 72, 48.65, 1, 2554
11696, 8370, 71.56, 72, 48.65, 1, 2555
11697, 8371, 71.57, 72, 48.65, 1, 2555
11698, 8372, 71.57, 72, 48.65, 1, 2555
11699, 8372, 71.56, 72, 48.65, 1, 2556
11700, 8372, 71.56, 72, 48.65, 1, 2556
11701, 8372, 71.55, 72, 48.65, 1, 2557
11702, 8373, 71.55, 72, 48.65, 1, 2557
11703, 8374, 71.55, 72, 48.65, 1, 2557
11704, 8375, 71.56, 72, 48.65, 1, 2557
11705, 8376, 71.56, 72, 48.65, 1, 2557
11706, 8377, 71.56, 72, 48.65, 1, 2557
11707, 8378, 71.56, 72, 48.65, 1, 2557
11708, 8379, 71.57, 72, 48.65, 1, 2557
11709, 8380, 71.57, 72, 48.65, 1, 2557
11710, 8381, 71.57, 72, 48.65, 1, 2557
11711, 8382, 71.57, 72, 48.65, 1, 2557
11712, 8383, 71.58, 72, 48.65, 1, 2557
11713, 8384, 71.58, 72, 48.65, 1, 2557
11714, 8385, 71.58, 72, 48.65, 1, 2557
11715, 8386, 71.58, 72, 48.65, 1, 2557
11716, 8387, 71.59, 72, 48.65, 1, 2557
11717, 8388, 71.59, 72, 48.65, 1, 2557
11718, 8388, 71.58, 72, 48.65, 1, 2558
11719, 8389, 71.58, 72, 48.65, 1, 2558
11720, 8390, 71.59, 72, 48.65, 1, 2558
11721, 8390, 71.58, 72, 48.65, 1, 2558
11722, 8391, 71.58, 72, 48.65, 1, 2558
11723, 8392, 71.59, 72, 48.65, 1, 2558
11724, 8392, 71.58, 72, 48.65, 1, 2559
11725, 8393, 71.58, 72, 48.65, 1, 2559
11726, 8394, 71.58, 72, 48.65, 1, 2559
11727, 8395, 71.59, 72, 48.65, 1, 2559
11728, 8396, 71.59, 72, 48.65, 1, 2559
11729, 8397, 71.59, 72, 48.65, 1, 2559
11730, 8398, 71.59, 72, 48.65, 1, 2559
11731, 8399, 71.60, 72, 48.65, 1, 2559
11732, 8399, 71.59, 72, 48.65, 1, 2560
11733, 8399, 71.58, 72, 48.65, 1, 2561
11734, 8399, 71.58, 72, 48.65, 1, 2562
11735, 8400, 71.58, 72, 48.65, 1, 2562
11736, 8401, 71.58, 72, 48.65, 1, 2562
11737, 8402, 71.59, 72, 48.65, 1, 2562
11738, 8403, 71.59, 72, 48.65, 1, 2562
11739, 8404, 71.59, 72, 48.65, 1, 2562
11740, 8404, 71.58, 72, 48.65, 1, 2563
11741, 8405, 71.59, 72, 48.65, 1, 2563
11742, 8405, 71.58, 72, 48.65, 1, 2563
11743, 8406, 71.58, 72, 48.65, 1, 2563
11744, 8407, 71.59, 72, 48.65, 1, 2563
11745, 8408, 71.59, 72, 48.65, 1, 2563
11746, 8409, 71.59, 72, 48.65, 1, 2563
11747, 8410, 71.59, 72, 48.65, 1, 2563
11748, 8411, 71.60, 72, 48.65, 1, 2563
11749, 8411, 71.59, 72, 48.65, 1, 2564
11750, 8412, 71.59, 72, 48.65, 1, 2564
11751, 8413, 71.59, 72, 48.65, 1, 2564
11752, 8414, 71.60, 72, 48.65, 1, 2564
11753, 8415, 71.60, 72, 48.65, 1, 2564
11754, 8416, 71.60, 72, 48.65, 1, 2564
11755, 8417, 71.60, 72, 48.65, 1, 2564
11756, 8418, 71.61, 72, 48.65, 1, 2564
11757, 8419, 71.61, 72, 48.65, 1, 2564
11758, 8420, 71.61, 72, 48.65, 1, 2564
11759, 8421, 71.61, 72, 48.65, 1, 2564
11760, 8421, 71.61, 72, 48.65, 1, 2565
11761, 8422, 71.61, 72, 48.65, 1, 2565
11762, 8423, 71.61, 72, 48.65, 1, 2565
11763, 8423, 71.61, 72, 48.65, 1, 2566
11764, 8423, 71.60, 72, 48.65, 1, 2567
11765, 8424, 71.60, 72, 48.65, 1, 2567
11766, 8425, 71.60, 72, 48.65, 1, 2567
11767, 8426, 71.61, 72, 48.65, 1, 2567
11768, 8427, 71.61, 72, 48.65, 1, 2567
11769, 8428, 71.61, 72, 48.65, 1, 2567
11770, 8428, 71.61, 72, 48.65, 1, 2568
11771, 8429, 71.61, 72, 48.65, 1, 2568
11772, 8430, 71.61, 72, 48.65, 1, 2568
11773, 8431, 71.61, 72, 48.65, 1, 2568
11774, 8432, 71.62, 72, 48.65, 1, 2568
11775, 8432, 71.61, 72, 48.65, 1, 2569
11776, 8433, 71.61, 72, 48.65, 1, 2569
11777, 8434, 71.61, 72, 48.65, 1, 2569
11778, 8435, 71.62, 72, 48.65, 1, 2569
11779, 8436, 71.62, 72, 48.65, 1, 2569
11780, 8436, 71.61, 72, 48.65, 1, 2570
11781, 8437, 71.62, 72, 48.65, 1, 2570
11782, 8438, 71.62, 72, 48.65, 1, 2570
11783, 8439, 71.62, 72, 48.65, 1, 2570
11784, 8440, 71.62, 72, 48.65, 1, 2570
11785, 8441, 71.62, 72, 48.65, 1, 2570
11786, 8442, 71.63, 72, 48.65, 1, 2570
11787, 8443, 71.63, 72, 48.65, 1, 2570
11788, 8444, 71.63, 72, 48.65, 1, 2570
11789, 8444, 71.63, 72, 48.65, 1, 2571
11790, 8445, 71.63, 72, 48.65, 1, 2571
11791, 8445, 71.62, 72, 48.65, 1, 2572
11792, 8446, 71.62, 72, 48.65, 1, 2572
11793, 8446, 71.62, 72, 48.65, 1, 2573
11794, 8446, 71.61, 72, 48.65, 1, 2574
11795, 8447, 71.62, 72, 48.65, 1, 2574
11796, 8448, 71.62, 72, 48.65, 1, 2574
11797, 8449, 71.62, 72, 48.65, 1, 2574
11798, 8450, 71.62, 72, 48.65, 1, 2574
11799, 8451, 71.62, 72, 48.65, 1, 2574
11800, 8451, 71.62, 72, 48.65, 1, 2575
11801, 8452, 71.62, 72, 48.65, 1, 2575
11802, 8453, 71.62, 72, 48.65, 1, 2575
11803, 8454, 71.63, 72, 48.65, 1, 2575
11804, 8455, 71.63, 72, 48.65, 1, 2575
11805, 8456, 71.63, 72, 48.65, 1, 2575
11806, 8457, 71.63, 72, 48.65, 1, 2575
11807, 8457, 71.63, 72, 48.65, 1, 2576
11808, 8457, 71.62, 72, 48.65, 1, 2577
11809, 8458, 71.62, 72, 48.65, 1, 2577
11810, 8459, 71.63, 72, 48.65, 1, 2577
11811, 8460, 71.63, 72, 48.65, 1, 2577
11812, 8461, 71.63, 72, 48.65, 1, 2577
11813, 8462, 71.63, 72, 48.65, 1, 2577
11814, 8463, 71.64, 72, 48.65, 1, 2577
11815, 8464, 71.64, 72, 48.65, 1, 2577
11816, 8464, 71.63, 72, 48.65, 1, 2578
11817, 8465, 71.63, 72, 48.65, 1, 2578
11818, 8466, 71.64, 72, 48.65, 1, 2578
11819, 8467, 71.64, 72, 48.65, 1, 2578
11820, 8468, 71.64, 72, 48.65, 1, 2578
11821, 8469, 71.64, 72, 48.65, 1, 2578
11822, 8469, 71.64, 72, 48.65, 1, 2579
11823, 8469, 71.63, 72, 48.65, 1, 2580
11824, 8470, 71.63, 72, 48.65, 1, 2580
11825, 8471, 71.64, 72, 48.65, 1, 2580
11826, 8472, 71.64, 72, 48.65, 1, 2580
11827, 8473, 71.64, 72, 48.65, 1, 2580
11828, 8474, 71.64, 72, 48.65, 1, 2580
11829, 8474, 71.64, 72, 48.65, 1, 2581
11830, 8475, 71.64, 72, 48.65, 1, 2581
11831, 8476, 71.64, 72, 48.65, 1, 2581
11832, 8477, 71.64, 72, 48.65, 1, 2581
11833, 8477, 71.64, 72, 48.65, 1, 2582
11834, 8478, 71.64, 72, 48.65, 1, 2582
11835, 8478, 71.63, 72, 48.65, 1, 2583
11836, 8478, 71.63, 72, 48.65, 1, 2584
11837, 8479, 71.63, 72, 48.65, 1, 2584
11838, 8479, 71.63, 72, 48.65, 1, 2585
11839, 8479, 71.62, 72, 48.65, 1, 2585
11840, 8480, 71.62, 72, 48.65, 1, 2585
11841, 8481, 71.62, 72, 48.65, 1, 2585
11842, 8481, 71.62, 72, 48.65, 1, 2586
11843, 8481, 71.61, 72, 48.65, 1, 2587
11844, 8482, 71.61, 72, 48.65, 1, 2587
11845, 8483, 71.62, 72, 48.65, 1, 2587
11846, 8484, 71.62, 72, 48.65, 1, 2587
11847, 8485, 71.62, 72, 48.65, 1, 2587
11848, 8486, 71.62, 72, 48.65, 1, 2587
11849, 8487, 71.63, 72, 48.65, 1, 2587
11850, 8488, 71.63, 72, 48.65, 1, 2587
11851, 8489, 71.63, 72, 48.65, 1, 2587
11852, 8489, 71.63, 72, 48.65, 1, 2587
11853, 8490, 71.63, 72, 48.65, 1, 2587
11854, 8490, 71.62, 72, 48.65, 1, 2587
11855, 8491, 71.62, 72, 48.65, 1, 2587
11856, 8492, 71.63, 72, 48.65, 1, 2587
11857, 8493, 71.63, 72, 48.65, 1, 2587
11858, 8494, 71.63, 72, 48.65, 1, 2587
11859, 8495, 71.63, 72, 48.65, 1, 2587
11860, 8496, 71.64, 72, 48.65, 1, 2587
11861, 8497, 71.64, 72, 48.65, 1, 2587
11862, 8498, 71.64, 72, 48.65, 1, 2587
11863, 8499, 71.64, 72, 48.65, 1, 2587
11864, 8500, 71.65, 72, 48.65, 1, 2587
11865, 8501, 71.65, 72, 48.65, 1, 2587
11866, 8502, 71.65, 72, 48.65, 1, 2587
11867, 8503, 71.65, 72, 48.65, 1, 2587
11868, 8504, 71.65, 72, 48.65, 1, 2587
11869, 8505, 71.66, 72, 48.65, 1, 2587
11870, 8506, 71.66, 72, 48.65, 1, 2587
11871, 8507, 71.66, 72, 48.65, 1, 2587
11872, 8508, 71.66, 72, 48.65, 1, 2587
11873, 8509, 71.67, 72, 48.65, 1, 2587
11874, 8510, 71.67, 72, 48.65, 1, 2587
11875, 8510, 71.66, 72, 48.65, 1, 2587
11876, 8511, 71.67, 72, 48.65, 1, 2587
11877, 8512, 71.67, 72, 48.65, 1, 2587
11878, 8513, 71.67, 72, 48.65, 1, 2587
11879, 8514, 71.67, 72, 48.65, 1, 2587
11880, 8515, 71.68, 72, 48.65, 1, 2587
11881, 8515, 71.67, 72, 48.65, 1, 2587
11882, 8516, 71.67, 72, 48.65, 1, 2587
11883, 8516, 71.67, 72, 48.65, 1, 2588
11884, 8517, 71.67, 72, 48.65, 1, 2588
11885, 8518, 71.67, 72, 48.65, 1, 2588
11886, 8519, 71.67, 72, 48.65, 1, 2588
11887, 8519, 71.67, 72, 48.65, 1, 2589
11888, 8520, 71.67, 72, 48.65, 1, 2589
11889, 8521, 71.67, 72, 48.65, 1, 2589
11890, 8521, 71.67, 72, 48.65, 1, 2590
11891, 8522, 71.67, 72, 48.65, 1, 2590
11892, 8523, 71.67, 72, 48.65, 1, 2590
11893, 8523, 71.66, 72, 48.65, 1, 2591
11894, 8524, 71.67, 72, 48.65, 1, 2591
11895, 8525, 71.67, 72, 48.65, 1, 2591
11896, 8526, 71.67, 72, 48.65, 1, 2591
11897, 8526, 71.67, 72, 48.65, 1, 2591
11898, 8527, 71.67, 72, 48.65, 1, 2591
11899, 8528, 71.67, 72, 48.65, 1, 2591
11900, 8529, 71.67, 72, 48.65, 1, 2591
11901, 8530, 71.67, 72, 48.65, 1, 2591
11902, 8531, 71.68, 72, 48.65, 1, 2591
11903, 8532, 71.68, 72, 48.65, 1, 2591
11904, 8532, 71.67, 72, 48.65, 1, 2592
11905, 8533, 71.68, 72, 48.65, 1, 2592
11906, 8533, 71.67, 72, 48.65, 1, 2593
11907, 8533, 71.66, 72, 48.65, 1, 2594
11908, 8534, 71.67, 72, 48.65, 1, 2594
11909, 8535, 71.67, 72, 48.65, 1, 2594
11910, 8536, 71.67, 72, 48.65, 1, 2594
11911, 8536, 71.66, 72, 48.65, 1, 2595
11912, 8537, 71.67, 72, 48.65, 1, 2595
11913, 8537, 71.66, 72, 48.65, 1, 2596
11914, 8538, 71.66, 72, 48.65, 1, 2596
11915, 8539, 71.67, 72, 48.65, 1, 2596
11916, 8540, 71.67, 72, 48.65, 1, 2596
11917, 8541, 71.67, 72, 48.65, 1, 2596
11918, 8542, 71.67, 72, 48.65, 1, 2596
11919, 8543, 71.68, 72, 48.65, 1, 2596
11920, 8544, 71.68, 72, 48.65, 1, 2596
11921, 8545, 71.68, 72, 48.65, 1, 2596
11922, 8546, 71.68, 72, 48.65, 1, 2596
11923, 8547, 71.68, 72, 48.65, 1, 2596
11924, 8548, 71.69, 72, 48.65, 1, 2596
11925, 8549, 71.69, 72, 48.65, 1, 2596
11926, 8550, 71.69, 72, 48.65, 1, 2596
11927, 8551, 71.69, 72, 48.65, 1, 2596
11928, 8552, 71.70, 72, 48.65, 1, 2596
11929, 8553, 71.70, 72, 48.65, 1, 2596
11930, 8554, 71.70, 72, 48.65, 1, 2596
11931, 8555, 71.70, 72, 48.65, 1, 2596
11932, 8556, 71.71, 72, 48.65, 1, 2596
11933, 8557, 71.71, 72, 48.65, 1, 2596
11934, 8558, 71.71, 72, 48.65, 1, 2596
11935, 8559, 71.71, 72, 48.65, 1, 2596
11936, 8560, 71.72, 72, 48.65, 1, 2596
11937, 8561, 71.72, 72, 48.65, 1, 2596
11938, 8562, 71.72, 72, 48.65, 1, 2596
11939, 8563, 71.72, 72, 48.65, 1, 2596
11940, 8564, 71.73, 72, 48.65, 1, 2596
11941, 8564, 71.72, 72, 48.65, 1, 2597
11942, 8564, 71.71, 72, 48.65, 1, 2598
11943, 8565, 71.72, 72, 48.65, 1, 2598
11944, 8566, 71.72, 72, 48.65, 1, 2598
11945, 8567, 71.72, 72, 48.65, 1, 2598
11946, 8567, 71.71, 72, 48.65, 1, 2599
11947, 8568, 71.72, 72, 48.65, 1, 2599
11948, 8569, 71.72, 72, 48.65, 1, 2599
11949, 8569, 71.71, 72, 48.65, 1, 2599
11950, 8570, 71.72, 72, 48.65, 1, 2599
11951, 8571, 71.72, 72, 48.65, 1, 2599
11952, 8572, 71.72, 72, 48.65, 1, 2599
11953, 8573, 71.72, 72, 48.65, 1, 2599
11954, 8574, 71.72, 72, 48.65, 1, 2599
11955, 8575, 71.73, 72, 48.65, 1, 2599
11956, 8576, 71.73, 72, 48.65, 1, 2599
11957, 8576, 71.72, 72, 48.65, 1, 2600
11958, 8576, 71.72, 72, 48.65, 1, 2601
11959, 8576, 71.71, 72, 48.65, 1, 2602
11960, 8577, 71.71, 72, 48.65, 1, 2602
11961, 8578, 71.72, 72, 48.65, 1, 2602
11962, 8579, 71.72, 72, 48.65, 1, 2602
11963, 8579, 71.71, 72, 48.65, 1, 2603
11964, 8580, 71.72, 72, 48.65, 1, 2603
11965, 8581, 71.72, 72, 48.65, 1, 2603
11966, 8582, 71.72, 72, 48.65, 1, 2603
11967, 8583, 71.72, 72, 48.65, 1, 2603
11968, 8584, 71.72, 72, 48.65, 1, 2603
11969, 8585, 71.73, 72, 48.65, 1, 2603
11970, 8586, 71.73, 72, 48.65, 1, 2603
11971, 8587, 71.73, 72, 48.65, 1, 2603
11972, 8588, 71.73, 72, 48.65, 1, 2603
11973, 8589, 71.74, 72, 48.65, 1, 2603
11974, 8589, 71.73, 72, 48.65, 1, 2604
11975, 8589, 71.72, 72, 48.65, 1, 2605
11976, 8590, 71.73, 72, 48.65, 1, 2605
11977, 8591, 71.73, 72, 48.65, 1, 2605
11978, 8592, 71.73, 72, 48.65, 1, 2605
11979, 8593, 71.73, 72, 48.65, 1, 2605
11980, 8594, 71.74, 72, 48.65, 1, 2605
11981, 8595, 71.74, 72, 48.65, 1, 2605
11982, 8596, 71.74, 72, 48.65, 1, 2605
11983, 8596, 71.73, 72, 48.65, 1, 2606
11984, 8596, 71.73, 72, 48.65, 1, 2607
11985, 8597, 71.73, 72, 48.65, 1, 2607
11986, 8598, 71.73, 72, 48.65, 1, 2607
11987, 8599, 71.74, 72, 48.65, 1, 2607
11988, 8599, 71.73, 72, 48.65, 1, 2608
11989, 8599, 71.72, 72, 48.65, 1, 2609
11990, 8600, 71.73, 72, 48.65, 1, 2609
11991, 8600, 71.72, 72, 48.65, 1, 2610
11992, 8600, 71.71, 72, 48.65, 1, 2611
11993, 8601, 71.72, 72, 48.65, 1, 2611
11994, 8602, 71.72, 72, 48.65, 1, 2611
11995, 8603, 71.72, 72, 48.65, 1, 2611
11996, 8603, 71.72, 72, 48.65, 1, 2612
11997, 8604, 71.72, 72, 48.65, 1, 2612
11998, 8605, 71.72, 72, 48.65, 1, 2612
11999, 8605, 71.71, 72, 48.65, 1, 2613
12000, 8606, 71.72, 72, 48.65, 1, 2613
12001, 8607, 71.72, 72, 48.65, 1, 2613
12002, 8608, 71.72, 72, 48.65, 1, 2613
12003, 8609, 71.72, 72, 48.65, 1, 2613
12004, 8610, 71.73, 72, 48.65, 1, 2613
12005, 8611, 71.73, 72, 48.65, 1, 2613
12006, 8612, 71.73, 72, 48.65, 1, 2613
12007, 8613, 71.73, 72, 48.65, 1, 2613
12008, 8613, 71.73, 72, 48.65, 1, 2614
12009, 8614, 71.73, 72, 48.65, 1, 2614
12010, 8614, 71.72, 72, 48.65, 1, 2615
12011, 8614, 71.72, 72, 48.65, 1, 2616
12012, 8615, 71.72, 72, 48.65, 1, 2616
12013, 8615, 71.71, 72, 48.65, 1, 2617
12014, 8615, 71.71, 72, 48.65, 1, 2618
12015, 8616, 71.71, 72, 48.65, 1, 2618
12016, 8616, 71.70, 72, 48.65, 1, 2619
12017, 8616, 71.70, 72, 48.65, 1, 2620
12018, 8617, 71.70, 72, 48.65, 1, 2620
12019, 8618, 71.70, 72, 48.65, 1, 2620
12020, 8619, 71.71, 72, 48.65, 1, 2620
12021, 8620, 71.71, 72, 48.65, 1, 2620
12022, 8620, 71.70, 72, 48.65, 1, 2621
12023, 8620, 71.70, 72, 48.65, 1, 2622
12024, 8620, 71.69, 72, 48.65, 1, 2622
12025, 8621, 71.69, 72, 48.65, 1, 2622
12026, 8622, 71.69, 72, 48.65, 1, 2622
12027, 8622, 71.69, 72, 48.65, 1, 2622
12028, 8623, 71.69, 72, 48.65, 1, 2622
12029, 8623, 71.69, 72, 48.65, 1, 2622
12030, 8624, 71.69, 72, 48.65, 1, 2622
12031, 8625, 71.69, 72, 48.65, 1, 2622
12032, 8626, 71.69, 72, 48.65, 1, 2622
12033, 8627, 71.69, 72, 48.65, 1, 2622
12034, 8627, 71.69, 72, 48.65, 1, 2623
12035, 8628, 71.69, 72, 48.65, 1, 2623
12036, 8629, 71.69, 72, 48.65, 1, 2623
12037, 8629, 71.69, 72, 48.65, 1, 2624
12038, 8630, 71.69, 72, 48.65, 1, 2624
12039, 8631, 71.69, 72, 48.65, 1, 2624
12040, 8632, 71.69, 72, 48.65, 1, 2624
12041, 8633, 71.70, 72, 48.65, 1, 2624
12042, 8634, 71.70, 72, 48.65, 1, 2624
12043, 8635, 71.70, 72, 48.65, 1, 2624
12044, 8636, 71.70, 72, 48.65, 1, 2624
12045, 8637, 71.71, 72, 48.65, 1, 2624
12046, 8637, 71.70, 72, 48.65, 1, 2625
12047, 8637, 71.69, 72, 48.65, 1, 2626
12048, 8638, 71.70, 72, 48.65, 1, 2626
12049, 8639, 71.70, 72, 48.65, 1, 2626
12050, 8640, 71.70, 72, 48.65, 1, 2626
12051, 8640, 71.70, 72, 48.65, 1, 2627
12052, 8641, 71.70, 72, 48.65, 1, 2627
12053, 8642, 71.70, 72, 48.65, 1, 2627
12054, 8643, 71.70, 72, 48.65, 1, 2627
12055, 8644, 71.70, 72, 48.65, 1, 2627
12056, 8645, 71.71, 72, 48.65, 1, 2627
12057, 8645, 71.70, 72, 48.65, 1, 2628
12058, 8646, 71.70, 72, 48.65, 1, 2628
12059, 8646, 71.70, 72, 48.65, 1, 2629
12060, 8647, 71.70, 72, 48.65, 1, 2629
12061, 8648, 71.70, 72, 48.65, 1, 2629
12062, 8649, 71.70, 72, 48.65, 1, 2629
12063, 8650, 71.71, 72, 48.65, 1, 2629
12064, 8651, 71.71, 72, 48.65, 1, 2629
12065, 8652, 71.71, 72, 48.65, 1, 2629
12066, 8653, 71.71, 72, 48.65, 1, 2629
12067, 8653, 71.71, 72, 48.65, 1, 2630
12068, 8654, 71.71, 72, 48.65, 1, 2630
12069, 8655, 71.71, 72, 48.65, 1, 2630
12070, 8656, 71.71, 72, 48.65, 1, 2630
12071, 8657, 71.72, 72, 48.65, 1, 2630
12072, 8658, 71.72, 72, 48.65, 1, 2630
12073, 8659, 71.72, 72, 48.65, 1, 2630
12074, 8660, 71.72, 72, 48.65, 1, 2630
12075, 8660, 71.72, 72, 48.65, 1, 2631
12076, 8661, 71.72, 72, 48.65, 1, 2631
12077, 8661, 71.71, 72, 48.65, 1, 2632
12078, 8661, 71.71, 72, 48.65, 1, 2633
12079, 8662, 71.71, 72, 48.65, 1, 2633
12080, 8662, 71.71, 72, 48.65, 1, 2634
12081, 8662, 71.70, 72, 48.65, 1, 2634
12082, 8662, 71.69, 72, 48.65, 1, 2635
12083, 8662, 71.69, 72, 48.65, 1, 2636
12084, 8662, 71.68, 72, 48.65, 1, 2636
12085, 8662, 71.68, 72, 48.65, 1, 2637
12086, 8663, 71.68, 72, 48.65, 1, 2637
12087, 8664, 71.68, 72, 48.65, 1, 2637
12088, 8664, 71.67, 72, 48.65, 1, 2638
12089, 8664, 71.67, 72, 48.65, 1, 2638
12090, 8665, 71.67, 72, 48.65, 1, 2638
12091, 8665, 71.66, 72, 48.65, 1, 2638
12092, 8665, 71.66, 72, 48.65, 1, 2639
12093, 8666, 71.66, 72, 48.65, 1, 2639
12094, 8667, 71.66, 72, 48.65, 1, 2639
12095, 8668, 71.67, 72, 48.65, 1, 2639
12096, 8669, 71.67, 72, 48.65, 1, 2639
12097, 8669, 71.66, 72, 48.65, 1, 2640
12098, 8670, 71.66, 72, 48.65, 1, 2640
12099, 8671, 71.67, 72, 48.65, 1, 2640
12100, 8672, 71.67, 72, 48.65, 1, 2640
12101, 8673, 71.67, 72, 48.65, 1, 2640
12102, 8674, 71.67, 72, 48.65, 1, 2640
12103, 8675, 71.68, 72, 48.65, 1, 2640
12104, 8676, 71.68, 72, 48.65, 1, 2640
12105, 8677, 71.68, 72, 48.65, 1, 2640
12106, 8677, 71.68, 72, 48.65, 1, 2641
12107, 8677, 71.67, 72, 48.65, 1, 2642
12108, 8678, 71.67, 72, 48.65, 1, 2642
12109, 8678, 71.67, 72, 48.65, 1, 2643
12110, 8679, 71.67, 72, 48.65, 1, 2643
12111, 8679, 71.66, 72, 48.65, 1, 2643
12112, 8680, 71.66, 72, 48.65, 1, 2643
12113, 8680, 71.66, 72, 48.65, 1, 2644
12114, 8681, 71.66, 72, 48.65, 1, 2644
12115, 8681, 71.65, 72, 48.65, 1, 2645
12116, 8682, 71.66, 72, 48.65, 1, 2645
12117, 8683, 71.66, 72, 48.65, 1, 2645
12118, 8683, 71.65, 72, 48.65, 1, 2645
12119, 8684, 71.66, 72, 48.65, 1, 2645
12120, 8684, 71.65, 72, 48.65, 1, 2646
12121, 8685, 71.65, 72, 48.65, 1, 2646
12122, 8686, 71.65, 72, 48.65, 1, 2646
12123, 8686, 71.65, 72, 48.65, 1, 2647
12124, 8686, 71.64, 72, 48.65, 1, 2648
12125, 8686, 71.64, 72, 48.65, 1, 2649
12126, 8687, 71.64, 72, 48.65, 1, 2649
12127, 8688, 71.64, 72, 48.65, 1, 2649
12128, 8689, 71.64, 72, 48.65, 1, 2649
12129, 8690, 71.65, 72, 48.65, 1, 2649
12130, 8691, 71.65, 72, 48.65, 1, 2649
12131, 8692, 71.65, 72, 48.65, 1, 2649
12132, 8692, 71.65, 72, 48.65, 1, 2650
12133, 8693, 71.65, 72, 48.65, 1, 2650
12134, 8694, 71.65, 72, 48.65, 1, 2650
12135, 8695, 71.65, 72, 48.65, 1, 2650
12136, 8696, 71.65, 72, 48.65, 1, 2650
12137, 8697, 71.66, 72, 48.65, 1, 2650
12138, 8698, 71.66, 72, 48.65, 1, 2650
12139, 8699, 71.66, 72, 48.65, 1, 2650
12140, 8700, 71.66, 72, 48.65, 1, 2650
12141, 8701, 71.67, 72, 48.65, 1, 2650
12142, 8702, 71.67, 72, 48.65, 1, 2650
12143, 8703, 71.67, 72, 48.65, 1, 2650
12144, 8704, 71.67, 72, 48.65, 1, 2650
12145, 8705, 71.68, 72, 48.65, 1, 2650
12146, 8706, 71.68, 72, 48.65, 1, 2650
12147, 8707, 71.68, 72, 48.65, 1, 2650
12148, 8708, 71.68, 72, 48.65, 1, 2650
12149, 8708, 71.68, 72, 48.65, 1, 2651
12150, 8709, 71.68, 72, 48.65, 1, 2651
12151, 8709, 71.67, 72, 48.65, 1, 2651
12152, 8710, 71.68, 72, 48.65, 1, 2651
12153, 8711, 71.68, 72, 48.65, 1, 2651
12154, 8712, 71.68, 72, 48.65, 1, 2651
12155, 8712, 71.67, 72, 48.65, 1, 2651
12156, 8712, 71.67, 72, 48.65, 1, 2652
12157, 8713, 71.67, 72, 48.65, 1, 2652
12158, 8714, 71.67, 72, 48.65, 1, 2652
12159, 8715, 71.68, 72, 48.65, 1, 2652
12160, 8716, 71.68, 72, 48.65, 1, 2652
12161, 8717, 71.68, 72, 48.65, 1, 2652
12162, 8717, 71.67, 72, 48.65, 1, 2653
12163, 8717, 71.67, 72, 48.65, 1, 2653
12164, 8718, 71.67, 72, 48.65, 1, 2653
12165, 8718, 71.66, 72, 48.65, 1, 2653
12166, 8719, 71.67, 72, 48.65, 1, 2653
12167, 8720, 71.67, 72, 48.65, 1, 2653
12168, 8720, 71.66, 72, 48.65, 1, 2654
12169, 8720, 71.66, 72, 48.65, 1, 2655
12170, 8721, 71.66, 72, 48.65, 1, 2655
12171, 8722, 71.66, 72, 48.65, 1, 2655
12172, 8723, 71.66, 72, 48.65, 1, 2655
12173, 8724, 71.67, 72, 48.65, 1, 2655
12174, 8725, 71.67, 72, 48.65, 1, 2655
12175, 8726, 71.67, 72, 48.65, 1, 2655
12176, 8726, 71.67, 72, 48.65, 1, 2656
12177, 8726, 71.66, 72, 48.65, 1, 2657
12178, 8727, 71.66, 72, 48.65, 1, 2657
12179, 8728, 71.66, 72, 48.65, 1, 2657
12180, 8729, 71.67, 72, 48.65, 1, 2657
12181, 8729, 71.66, 72, 48.65, 1, 2658
12182, 8730, 71.66, 72, 48.65, 1, 2658
12183, 8731, 71.67, 72, 48.65, 1, 2658
12184, 8732, 71.67, 72, 48.65, 1, 2658
12185, 8733, 71.67, 72, 48.65, 1, 2658
12186, 8734, 71.67, 72, 48.65, 1, 2658
12187, 8734, 71.67, 72, 48.65, 1, 2659
12188, 8734, 71.66, 72, 48.65, 1, 2659
12189, 8735, 71.66, 72, 48.65, 1, 2659
12190, 8736, 71.67, 72, 48.65, 1, 2659
12191, 8737, 71.67, 72, 48.65, 1, 2659
12192, 8738, 71.67, 72, 48.65, 1, 2659
12193, 8739, 71.67, 72, 48.65, 1, 2659
12194, 8739, 71.67, 72, 48.65, 1, 2659
12195, 8740, 71.67, 72, 48.65, 1, 2659
12196, 8740, 71.66, 72, 48.65, 1, 2660
12197, 8740, 71.66, 72, 48.65, 1, 2661
12198, 8741, 71.66, 72, 48.65, 1, 2661
12199, 8742, 71.66, 72, 48.65, 1, 2661
12200, 8742, 71.66, 72, 48.65, 1, 2662
12201, 8743, 71.66, 72, 48.65, 1, 2662
12202, 8743, 71.65, 72, 48.65, 1, 2662
12203, 8743, 71.65, 72, 48.65, 1, 2662
12204, 8744, 71.65, 72, 48.65, 1, 2662
12205, 8745, 71.65, 72, 48.65, 1, 2662
12206, 8746, 71.65, 72, 48.65, 1, 2662
12207, 8747, 71.66, 72, 48.65, 1, 2662
12208, 8748, 71.66, 72, 48.65, 1, 2662
12209, 8749, 71.66, 72, 48.65, 1, 2662
12210, 8750, 71.66, 72, 48.65, 1, 2662
12211, 8750, 71.66, 72, 48.65, 1, 2663
12212, 8750, 71.65, 72, 48.65, 1, 2664
12213, 8751, 71.65, 72, 48.65, 1, 2664
12214, 8751, 71.65, 72, 48.65, 1, 2664
12215, 8752, 71.65, 72, 48.65, 1, 2664
12216, 8753, 71.65, 72, 48.65, 1, 2664
12217, 8754, 71.65, 72, 48.65, 1, 2664
12218, 8755, 71.66, 72, 48.65, 1, 2664
12219, 8755, 71.65, 72, 48.65, 1, 2665
12220, 8755, 71.64, 72, 48.65, 1, 2666
12221, 8755, 71.64, 72, 48.65, 1, 2666
12222, 8755, 71.63, 72, 48.65, 1, 2666
12223, 8756, 71.64, 72, 48.65, 1, 2666
12224, 8757, 71.64, 72, 48.65, 1, 2666
12225, 8757, 71.63, 72, 48.65, 1, 2666
12226, 8758, 71.63, 72, 48.65, 1, 2666
12227, 8759, 71.64, 72, 48.65, 1, 2666
12228, 8760, 71.64, 72, 48.65, 1, 2666
12229, 8760, 71.63, 72, 48.65, 1, 2667
12230, 8761, 71.64, 72, 48.65, 1, 2667
12231, 8762, 71.64, 72, 48.65, 1, 2667
12232, 8763, 71.64, 72, 48.65, 1, 2667
12233, 8763, 71.63, 72, 48.65, 1, 2668
12234, 8764, 71.64, 72, 48.65, 1, 2668
12235, 8765, 71.64, 72, 48.65, 1, 2668
12236, 8766, 71.64, 72, 48.65, 1, 2668
12237, 8766, 71.64, 72, 48.65, 1, 2669
12238, 8767, 71.64, 72, 48.65, 1, 2669
12239, 8768, 71.64, 72, 48.65, 1, 2669
12240, 8768, 71.63, 72, 48.65, 1, 2670
12241, 8769, 71.64, 72, 48.65, 1, 2670
12242, 8770, 71.64, 72, 48.65, 1, 2670
12243, 8771, 71.64, 72, 48.65, 1, 2670
12244, 8772, 71.64, 72, 48.65, 1, 2670
12245, 8773, 71.65, 72, 48.65, 1, 2670
12246, 8774, 71.65, 72, 48.65, 1, 2670
12247, 8774, 71.64, 72, 48.65, 1, 2670
12248, 8774, 71.64, 72, 48.65, 1, 2671
12249, 8775, 71.64, 72, 48.65, 1, 2671
12250, 8776, 71.64, 72, 48.65, 1, 2671
12251, 8777, 71.64, 72, 48.65, 1, 2671
12252, 8778, 71.65, 72, 48.65, 1, 2671
12253, 8779, 71.65, 72, 48.65, 1, 2671
12254, 8780, 71.65, 72, 48.65, 1, 2671
12255, 8781, 71.65, 72, 48.65, 1, 2671
12256, 8781, 71.65, 72, 48.65, 1, 2672
12257, 8781, 71.64, 72, 48.65, 1, 2673
12258, 8782, 71.64, 72, 48.65, 1, 2673
12259, 8783, 71.65, 72, 48.65, 1, 2673
12260, 8783, 71.64, 72, 48.65, 1, 2674
12261, 8784, 71.64, 72, 48.65, 1, 2674
12262, 8785, 71.64, 72, 48.65, 1, 2674
12263, 8785, 71.64, 72, 48.65, 1, 2675
12264, 8786, 71.64, 72, 48.65, 1, 2675
12265, 8786, 71.63, 72, 48.65, 1, 2676
12266, 8786, 71.63, 72, 48.65, 1, 2676
12267, 8787, 71.63, 72, 48.65, 1, 2676
12268, 8788, 71.63, 72, 48.65, 1, 2676
12269, 8789, 71.64, 72, 48.65, 1, 2676
12270, 8790, 71.64, 72, 48.65, 1, 2676
12271, 8790, 71.63, 72, 48.65, 1, 2676
12272, 8791, 71.63, 72, 48.65, 1, 2676
12273, 8792, 71.64, 72, 48.65, 1, 2676
12274, 8793, 71.64, 72, 48.65, 1, 2676
12275, 8794, 71.64, 72, 48.65, 1, 2676
12276, 8795, 71.64, 72, 48.65, 1, 2676
12277, 8795, 71.64, 72, 48.65, 1, 2677
12278, 8795, 71.63, 72, 48.65, 1, 2678
12279, 8796, 71.63, 72, 48.65, 1, 2678
12280, 8797, 71.64, 72, 48.65, 1, 2678
12281, 8798, 71.64, 72, 48.65, 1, 2678
12282, 8798, 71.63, 72, 48.65, 1, 2678
12283, 8799, 71.64, 72, 48.65, 1, 2678
12284, 8800, 71.64, 72, 48.65, 1, 2678
12285, 8800, 71.63, 72, 48.65, 1, 2679
12286, 8801, 71.63, 72, 48.65, 1, 2679
12287, 8802, 71.64, 72, 48.65, 1, 2679
12288, 8803, 71.64, 72, 48.65, 1, 2679
12289, 8804, 71.64, 72, 48.65, 1, 2679
12290, 8805, 71.64, 72, 48.65, 1, 2679
12291, 8806, 71.65, 72, 48.65, 1, 2679
12292, 8807, 71.65, 72, 48.65, 1, 2679
12293, 8808, 71.65, 72, 48.65, 1, 2679
12294, 8809, 71.65, 72, 48.65, 1, 2679
12295, 8809, 71.65, 72, 48.65, 1, 2680
12296, 8810, 71.65, 72, 48.65, 1, 2680
12297, 8810, 71.64, 72, 48.65, 1, 2681
12298, 8810, 71.64, 72, 48.65, 1, 2682
12299, 8811, 71.64, 72, 48.65, 1, 2682
12300, 8812, 71.64, 72, 48.65, 1, 2682
12301, 8812, 71.64, 72, 48.65, 1, 2683
12302, 8813, 71.64, 72, 48.65, 1, 2683
12303, 8814, 71.64, 72, 48.65, 1, 2683
12304, 8814, 71.64, 72, 48.65, 1, 2683
12305, 8815, 71.64, 72, 48.65, 1, 2683
12306, 8816, 71.64, 72, 48.65, 1, 2683
12307, 8817, 71.64, 72, 48.65, 1, 2683
12308, 8817, 71.64, 72, 48.65, 1, 2684
12309, 8817, 71.63, 72, 48.65, 1, 2685
12310, 8817, 71.62, 72, 48.65, 1, 2686
12311, 8818, 71.63, 72, 48.65, 1, 2686
12312, 8819, 71.63, 72, 48.65, 1, 2686
12313, 8819, 71.62, 72, 48.65, 1, 2687
12314, 8820, 71.63, 72, 48.65, 1, 2687
12315, 8821, 71.63, 72, 48.65, 1, 2687
12316, 8822, 71.63, 72, 48.65, 1, 2687
12317, 8823, 71.63, 72, 48.65, 1, 2687
12318, 8823, 71.63, 72, 48.65, 1, 2688
12319, 8824, 71.63, 72, 48.65, 1, 2688
12320, 8825, 71.63, 72, 48.65, 1, 2688
12321, 8826, 71.63, 72, 48.65, 1, 2688
12322, 8827, 71.64, 72, 48.65, 1, 2688
12323, 8827, 71.63, 72, 48.65, 1, 2689
12324, 8827, 71.62, 72, 48.65, 1, 2690
12325, 8828, 71.63, 72, 48.65, 1, 2690
12326, 8829, 71.63, 72, 48.65, 1, 2690
12327, 8830, 71.63, 72, 48.65, 1, 2690
12328, 8830, 71.63, 72, 48.65, 1, 2691
12329, 8830, 71.62, 72, 48.65, 1, 2692
12330, 8830, 71.61, 72, 48.65, 1, 2693
12331, 8831, 71.62, 72, 48.65, 1, 2693
12332, 8832, 71.62, 72, 48.65, 1, 2693
12333, 8833, 71.62, 72, 48.65, 1, 2693
12334, 8834, 71.62, 72, 48.65, 1, 2693
12335, 8834, 71.62, 72, 48.65, 1, 2694
12336, 8835, 71.62, 72, 48.65, 1, 2694
12337, 8836, 71.62, 72, 48.65, 1, 2694
12338, 8837, 71.62, 72, 48.65, 1, 2694
12339, 8838, 71.63, 72, 48.65, 1, 2694
12340, 8838, 71.62, 72, 48.65, 1, 2695
12341, 8839, 71.62, 72, 48.65, 1, 2695
12342, 8840, 71.63, 72, 48.65, 1, 2695
12343, 8841, 71.63, 72, 48.65, 1, 2695
12344, 8842, 71.63, 72, 48.65, 1, 2695
12345, 8843, 71.63, 72, 48.65, 1, 2695
12346, 8844, 71.63, 72, 48.65, 1, 2695
12347, 8845, 71.64, 72, 48.65, 1, 2695
12348, 8846, 71.64, 72, 48.65, 1, 2695
12349, 8847, 71.64, 72, 48.65, 1, 2695
12350, 8847, 71.64, 72, 48.65, 1, 2695
12351, 8848, 71.64, 72, 48.65, 1, 2695
12352, 8849, 71.64, 72, 48.65, 1, 2695
12353, 8850, 71.64, 72, 48.65, 1, 2695
12354, 8851, 71.64, 72, 48.65, 1, 2695
12355, 8852, 71.65, 72, 48.65, 1, 2695
12356, 8853, 71.65, 72, 48.65, 1, 2695
12357, 8854, 71.65, 72, 48.65, 1, 2695
12358, 8855, 71.65, 72, 48.65, 1, 2695
12359, 8855, 71.65, 72, 48.65, 1, 2696
12360, 8856, 71.65, 72, 48.65, 1, 2696
12361, 8857, 71.65, 72, 48.65, 1, 2696
12362, 8858, 71.66, 72, 48.65, 1, 2696
12363, 8859, 71.66, 72, 48.65, 1, 2696
12364, 8860, 71.66, 72, 48.65, 1, 2696
12365, 8861, 71.66, 72, 48.65, 1, 2696
12366, 8862, 71.66, 72, 48.65, 1, 2696
12367, 8863, 71.67, 72, 48.65, 1, 2696
12368, 8864, 71.67, 72, 48.65, 1, 2696
12369, 8865, 71.67, 72, 48.65, 1, 2696
12370, 8866, 71.67, 72, 48.65, 1, 2696
12371, 8867, 71.68, 72, 48.65, 1, 2696
12372, 8868, 71.68, 72, 48.65, 1, 2696
12373, 8869, 71.68, 72, 48.65, 1, 2696
12374, 8870, 71.68, 72, 48.65, 1, 2696
12375, 8871, 71.68, 72, 48.65, 1, 2696
12376, 8872, 71.69, 72, 48.65, 1, 2696
12377, 8873, 71.69, 72, 48.65, 1, 2696
12378, 8874, 71.69, 72, 48.65, 1, 2696
12379, 8875, 71.69, 72, 48.65, 1, 2696
12380, 8875, 71.69, 72, 48.65, 1, 2697
12381, 8876, 71.69, 72, 48.65, 1, 2697
12382, 8877, 71.69, 72, 48.65, 1, 2697
12383, 8877, 71.69, 72, 48.65, 1, 2698
12384, 8878, 71.69, 72, 48.65, 1, 2698
12385, 8879, 71.69, 72, 48.65, 1, 2698
12386, 8880, 71.69, 72, 48.65, 1, 2698
12387, 8880, 71.69, 72, 48.65, 1, 2699
12388, 8881, 71.69, 72, 48.65, 1, 2699
12389, 8882, 71.69, 72, 48.65, 1, 2699
12390, 8883, 71.69, 72, 48.65, 1, 2699
12391, 8884, 71.70, 72, 48.65, 1, 2699
12392, 8884, 71.69, 72, 48.65, 1, 2699
12393, 8884, 71.69, 72, 48.65, 1, 2700
12394, 8884, 71.68, 72, 48.65, 1, 2701
12395, 8885, 71.68, 72, 48.65, 1, 2701
12396, 8885, 71.68, 72, 48.65, 1, 2702
12397, 8885, 71.67, 72, 48.65, 1, 2703
12398, 8886, 71.67, 72, 48.65, 1, 2703
12399, 8887, 71.68, 72, 48.65, 1, 2703
12400, 8888, 71.68, 72, 48.65, 1, 2703
12401, 8888, 71.67, 72, 48.65, 1, 2704
12402, 8889, 71.67, 72, 48.65, 1, 2704
12403, 8890, 71.68, 72, 48.65, 1, 2704
12404, 8891, 71.68, 72, 48.65, 1, 2704
12405, 8891, 71.67, 72, 48.65, 1, 2705
12406, 8891, 71.67, 72, 48.65, 1, 2706
12407, 8892, 71.67, 72, 48.65, 1, 2706
12408, 8893, 71.67, 72, 48.65, 1, 2706
12409, 8894, 71.67, 72, 48.65, 1, 2706
12410, 8895, 71.68, 72, 48.65, 1, 2706
12411, 8895, 71.67, 72, 48.65, 1, 2706
12412, 8896, 71.67, 72, 48.65, 1, 2706
12413, 8897, 71.67, 72, 48.65, 1, 2706
12414, 8897, 71.67, 72, 48.65, 1, 2706
12415, 8898, 71.67, 72, 48.65, 1, 2706
12416, 8899, 71.67, 72, 48.65, 1, 2706
12417, 8900, 71.68, 72, 48.65, 1, 2706
12418, 8901, 71.68, 72, 48.65, 1, 2706
12419, 8901, 71.67, 72, 48.65, 1, 2707
12420, 8902, 71.67, 72, 48.65, 1, 2707
12421, 8903, 71.68, 72, 48.65, 1, 2707
12422, 8904, 71.68, 72, 48.65, 1, 2707
12423, 8905, 71.68, 72, 48.65, 1, 2707
12424, 8905, 71.68, 72, 48.65, 1, 2708
12425, 8906, 71.68, 72, 48.65, 1, 2708
12426, 8906, 71.67, 72, 48.65, 1, 2709
12427, 8906, 71.67, 72, 48.65, 1, 2709
12428, 8907, 71.67, 72, 48.65, 1, 2709
12429, 8908, 71.67, 72, 48.65, 1, 2709
12430, 8908, 71.67, 72, 48.65, 1, 2710
12431, 8908, 71.66, 72, 48.65, 1, 2711
12432, 8908, 71.65, 72, 48.65, 1, 2711
12433, 8909, 71.66, 72, 48.65, 1, 2711
12434, 8909, 71.65, 72, 48.65, 1, 2712
12435, 8909, 71.64, 72, 48.65, 1, 2713
12436, 8910, 71.65, 72, 48.65, 1, 2713
12437, 8911, 71.65, 72, 48.65, 1, 2713
12438, 8912, 71.65, 72, 48.65, 1, 2713
12439, 8913, 71.65, 72, 48.65, 1, 2713
12440, 8914, 71.66, 72, 48.65, 1, 2713
12441, 8915, 71.66, 72, 48.65, 1, 2713
12442, 8915, 71.65, 72, 48.65, 1, 2714
12443, 8916, 71.65, 72, 48.65, 1, 2714
12444, 8917, 71.66, 72, 48.65, 1, 2714
12445, 8918, 71.66, 72, 48.65, 1, 2714
12446, 8919, 71.66, 72, 48.65, 1, 2714
12447, 8920, 71.66, 72, 48.65, 1, 2714
12448, 8921, 71.67, 72, 48.65, 1, 2714
12449, 8922, 71.67, 72, 48.65, 1, 2714
12450, 8923, 71.67, 72, 48.65, 1, 2714
12451, 8924, 71.67, 72, 48.65, 1, 2714
12452, 8925, 71.68, 72, 48.65, 1, 2714
12453, 8926, 71.68, 72, 48.65, 1, 2714
12454, 8927, 71.68, 72, 48.65, 1, 2714
12455, 8927, 71.67, 72, 48.65, 1, 2715
12456, 8928, 71.68, 72, 48.65, 1, 2715
12457, 8929, 71.68, 72, 48.65, 1, 2715
12458, 8930, 71.68, 72, 48.65, 1, 2715
12459, 8931, 71.68, 72, 48.65, 1, 2715
12460, 8931, 71.68, 72, 48.65, 1, 2716
12461, 8932, 71.68, 72, 48.65, 1, 2716
12462, 8933, 71.68, 72, 48.65, 1, 2716
12463, 8934, 71.68, 72, 48.65, 1, 2716
12464, 8935, 71.69, 72, 48.65, 1, 2716
12465, 8936, 71.69, 72, 48.65, 1, 2716
12466, 8937, 71.69, 72, 48.65, 1, 2716
12467, 8938, 71.69, 72, 48.65, 1, 2716
12468, 8939, 71.70, 72, 48.65, 1, 2716
12469, 8939, 71.69, 72, 48.65, 1, 2717
12470, 8940, 71.69, 72, 48.65, 1, 2717
12471, 8941, 71.69, 72, 48.65, 1, 2717
12472, 8942, 71.70, 72, 48.65, 1, 2717
12473, 8943, 71.70, 72, 48.65, 1, 2717
12474, 8943, 71.69, 72, 48.65, 1, 2718
12475, 8944, 71.70, 72, 48.65, 1, 2718
12476, 8945, 71.70, 72, 48.65, 1, 2718
12477, 8946, 71.70, 72, 48.65, 1, 2718
12478, 8947, 71.70, 72, 48.65, 1, 2718
12479, 8948, 71.70, 72, 48.65, 1, 2718
12480, 8949, 71.71, 72, 48.65, 1, 2718
12481, 8950, 71.71, 72, 48.65, 1, 2718
12482, 8951, 71.71, 72, 48.65, 1, 2718
12483, 8952, 71.71, 72, 48.65, 1, 2718
12484, 8953, 71.72, 72, 48.65, 1, 2718
12485, 8954, 71.72, 72, 48.65, 1, 2718
12486, 8955, 71.72, 72, 48.65, 1, 2718
12487, 8955, 71.71, 72, 48.65, 1, 2719
12488, 8956, 71.72, 72, 48.65, 1, 2719
12489, 8956, 71.71, 72, 48.65, 1, 2719
12490, 8957, 71.71, 72, 48.65, 1, 2719
12491, 8958, 71.72, 72, 48.65, 1, 2719
12492, 8958, 71.71, 72, 48.65, 1, 2720
12493, 8959, 71.71, 72, 48.65, 1, 2720
12494, 8960, 71.71, 72, 48.65, 1, 2720
12495, 8960, 71.71, 72, 48.65, 1, 2721
12496, 8961, 71.71, 72, 48.65, 1, 2721
12497, 8961, 71.71, 72, 48.65, 1, 2722
12498, 8962, 71.71, 72, 48.65, 1, 2722
12499, 8963, 71.71, 72, 48.65, 1, 2722
12500, 8964, 71.71, 72, 48.65, 1, 2722
12501, 8965, 71.71, 72, 48.65, 1, 2722
12502, 8966, 71.72, 72, 48.65, 1, 2722
12503, 8966, 71.71, 72, 48.65, 1, 2723
12504, 8966, 71.71, 72, 48.65, 1, 2724
12505, 8967, 71.71, 72, 48.65, 1, 2724
12506, 8968, 71.71, 72, 48.65, 1, 2724
12507, 8969, 71.71, 72, 48.65, 1, 2724
12508, 8969, 71.71, 72, 48.65, 1, 2725
12509, 8970, 71.71, 72, 48.65, 1, 2725
12510, 8971, 71.71, 72, 48.65, 1, 2725
12511, 8972, 71.71, 72, 48.65, 1, 2725
12512, 8973, 71.72, 72, 48.65, 1, 2725
12513, 8974, 71.72, 72, 48.65, 1, 2725
12514, 8975, 71.72, 72, 48.65, 1, 2725
12515, 8976, 71.72, 72, 48.65, 1, 2725
12516, 8976, 71.72, 72, 48.65, 1, 2726
12517, 8977, 71.72, 72, 48.65, 1, 2726
12518, 8977, 71.71, 72, 48.65, 1, 2727
12519, 8978, 71.71, 72, 48.65, 1, 2727
12520, 8979, 71.72, 72, 48.65, 1, 2727
12521, 8980, 71.72, 72, 48.65, 1, 2727
12522, 8981, 71.72, 72, 48.65, 1, 2727
12523, 8982, 71.72, 72, 48.65, 1, 2727
12524, 8983, 71.73, 72, 48.65, 1, 2727
12525, 8984, 71.73, 72, 48.65, 1, 2727
12526, 8984, 71.72, 72, 48.65, 1, 2727
12527, 8984, 71.72, 72, 48.65, 1, 2728
12528, 8984, 71.71, 72, 48.65, 1, 2729
12529, 8985, 71.71, 72, 48.65, 1, 2729
12530, 8986, 71.72, 72, 48.65, 1, 2729
12531, 8986, 71.71, 72, 48.65, 1, 2729
12532, 8987, 71.71, 72, 48.65, 1, 2729
12533, 8988, 71.71, 72, 48.65, 1, 2729
12534, 8989, 71.72, 72, 48.65, 1, 2729
12535, 8990, 71.72, 72, 48.65, 1, 2729
12536, 8990, 71.71, 72, 48.65, 1, 2729
12537, 8990, 71.71, 72, 48.65, 1, 2729
12538, 8991, 71.71, 72, 48.65, 1, 2729
12539, 8991, 71.70, 72, 48.65, 1, 2730
12540, 8991, 71.70, 72, 48.65, 1, 2731
12541, 8992, 71.70, 72, 48.65, 1, 2731
12542, 8993, 71.70, 72, 48.65, 1, 2731
12543, 8994, 71.71, 72, 48.65, 1, 2731
12544, 8995, 71.71, 72, 48.65, 1, 2731
12545, 8996, 71.71, 72, 48.65, 1, 2731
12546, 8996, 71.70, 72, 48.65, 1, 2732
12547, 8997, 71.71, 72, 48.65, 1, 2732
12548, 8997, 71.70, 72, 48.65, 1, 2733
12549, 8998, 71.70, 72, 48.65, 1, 2733
12550, 8998, 71.70, 72, 48.65, 1, 2733
12551, 8999, 71.70, 72, 48.65, 1, 2733
12552, 9000, 71.70, 72, 48.65, 1, 2733
12553, 9001, 71.70, 72, 48.65, 1, 2733
12554, 9002, 71.71, 72, 48.65, 1, 2733
12555, 9002, 71.70, 72, 48.65, 1, 2733
12556, 9003, 71.70, 72, 48.65, 1, 2733
12557, 9004, 71.71, 72, 48.65, 1, 2733
12558, 9004, 71.70, 72, 48.65, 1, 2733
12559, 9005, 71.70, 72, 48.65, 1, 2733
12560, 9005, 71.70, 72, 48.65, 1, 2734
12561, 9006, 71.70, 72, 48.65, 1, 2734
12562, 9007, 71.70, 72, 48.65, 1, 2734
12563, 9008, 71.70, 72, 48.65, 1, 2734
12564, 9008, 71.70, 72, 48.65, 1, 2735
12565, 9009, 71.70, 72, 48.65, 1, 2735
12566, 9010, 71.70, 72, 48.65, 1, 2735
12567, 9011, 71.70, 72, 48.65, 1, 2735
12568, 9012, 71.71, 72, 48.65, 1, 2735
12569, 9013, 71.71, 72, 48.65, 1, 2735
12570, 9013, 71.70, 72, 48.65, 1, 2736
12571, 9014, 71.70, 72, 48.65, 1, 2736
12572, 9014, 71.70, 72, 48.65, 1, 2737
12573, 9015, 71.70, 72, 48.65, 1, 2737
12574, 9016, 71.70, 72, 48.65, 1, 2737
12575, 9016, 71.70, 72, 48.65, 1, 2738
12576, 9017, 71.70, 72, 48.65, 1, 2738
12577, 9017, 71.69, 72, 48.65, 1, 2739
12578, 9018, 71.70, 72, 48.65, 1, 2739
12579, 9018, 71.69, 72, 48.65, 1, 2739
12580, 9019, 71.69, 72, 48.65, 1, 2739
12581, 9020, 71.70, 72, 48.65, 1, 2739
12582, 9020, 71.69, 72, 48.65, 1, 2740
12583, 9021, 71.69, 72, 48.65, 1, 2740
12584, 9021, 71.69, 72, 48.65, 1, 2741
12585, 9022, 71.69, 72, 48.65, 1, 2741
12586, 9022, 71.68, 72, 48.65, 1, 2742
12587, 9023, 71.69, 72, 48.65, 1, 2742
12588, 9024, 71.69, 72, 48.65, 1, 2742
12589, 9024, 71.68, 72, 48.65, 1, 2743
12590, 9025, 71.68, 72, 48.65, 1, 2743
12591, 9026, 71.69, 72, 48.65, 1, 2743
12592, 9026, 71.68, 72, 48.65, 1, 2744
12593, 9027, 71.68, 72, 48.65, 1, 2744
12594, 9028, 71.68, 72, 48.65, 1, 2744
12595, 9028, 71.68, 72, 48.65, 1, 2745
12596, 9028, 71.67, 72, 48.65, 1, 2746
12597, 9028, 71.67, 72, 48.65, 1, 2747
12598, 9029, 71.67, 72, 48.65, 1, 2747
12599, 9029, 71.66, 72, 48.65, 1, 2748
12600, 9030, 71.67, 72, 48.65, 1, 2748
12601, 9030, 71.66, 72, 48.65, 1, 2749
12602, 9031, 71.66, 72, 48.65, 1, 2749
12603, 9031, 71.66, 72, 48.65, 1, 2750
12604, 9031, 71.65, 72, 48.65, 1, 2751
12605, 9032, 71.65, 72, 48.65, 1, 2751
12606, 9033, 71.66, 72, 48.65, 1, 2751
12607, 9034, 71.66, 72, 48.65, 1, 2751
12608, 9035, 71.66, 72, 48.65, 1, 2751
12609, 9036, 71.66, 72, 48.65, 1, 2751
12610, 9036, 71.66, 72, 48.65, 1, 2752
12611, 9036, 71.65, 72, 48.65, 1, 2752
12612, 9037, 71.65, 72, 48.65, 1, 2752
12613, 9038, 71.66, 72, 48.65, 1, 2752
12614, 9039, 71.66, 72, 48.65, 1, 2752
12615, 9040, 71.66, 72, 48.65, 1, 2752
12616, 9041, 71.66, 72, 48.65, 1, 2752
12617, 9042, 71.67, 72, 48.65, 1, 2752
12618, 9043, 71.67, 72, 48.65, 1, 2752
12619, 9043, 71.66, 72, 48.65, 1, 2752
12620, 9044, 71.66, 72, 48.65, 1, 2752
12621, 9044, 71.66, 72, 48.65, 1, 2752
12622, 9045, 71.66, 72, 48.65, 1, 2752
12623, 9046, 71.66, 72, 48.65, 1, 2752
12624, 9047, 71.67, 72, 48.65, 1, 2752
12625, 9048, 71.67, 72, 48.65, 1, 2752
12626, 9049, 71.67, 72, 48.65, 1, 2752
12627, 9050, 71.67, 72, 48.65, 1, 2752
12628, 9051, 71.67, 72, 48.65, 1, 2752
12629, 9052, 71.68, 72, 48.65, 1, 2752
12630, 9053, 71.68, 72, 48.65, 1, 2752
12631, 9054, 71.68, 72, 48.65, 1, 2752
12632, 9054, 71.68, 72, 48.65, 1, 2753
12633, 9055, 71.68, 72, 48.65, 1, 2753
12634, 9056, 71.68, 72, 48.65, 1, 2753
12635, 9057, 71.68, 72, 48.65, 1, 2753
12636, 9058, 71.68, 72, 48.65, 1, 2753
12637, 9059, 71.69, 72, 48.65, 1, 2753
12638, 9059, 71.68, 72, 48.65, 1, 2754
12639, 9060, 71.68, 72, 48.65, 1, 2754
12640, 9060, 71.68, 72, 48.65, 1, 2754
12641, 9061, 71.68, 72, 48.65, 1, 2754
12642, 9061, 71.67, 72, 48.65, 1, 2755
12643, 9062, 71.68, 72, 48.65, 1, 2755
12644, 9063, 71.68, 72, 48.65, 1, 2755
12645, 9064, 71.68, 72, 48.65, 1, 2755
12646, 9064, 71.67, 72, 48.65, 1, 2756
12647, 9064, 71.67, 72, 48.65, 1, 2757
12648, 9064, 71.66, 72, 48.65, 1, 2757
12649, 9065, 71.67, 72, 48.65, 1, 2757
12650, 9066, 71.67, 72, 48.65, 1, 2757
12651, 9067, 71.67, 72, 48.65, 1, 2757
12652, 9068, 71.67, 72, 48.65, 1, 2757
12653, 9069, 71.67, 72, 48.65, 1, 2757
12654, 9070, 71.68, 72, 48.65, 1, 2757
12655, 9071, 71.68, 72, 48.65, 1, 2757
12656, 9072, 71.68, 72, 48.65, 1, 2757
12657, 9073, 71.68, 72, 48.65, 1, 2757
12658, 9074, 71.69, 72, 48.65, 1, 2757
12659, 9075, 71.69, 72, 48.65, 1, 2757
12660, 9076, 71.69, 72, 48.65, 1, 2757
12661, 9077, 71.69, 72, 48.65, 1, 2757
12662, 9078, 71.69, 72, 48.65, 1, 2757
12663, 9078, 71.69, 72, 48.65, 1, 2758
12664, 9079, 71.69, 72, 48.65, 1, 2758
12665, 9080, 71.69, 72, 48.65, 1, 2758
12666, 9080, 71.69, 72, 48.65, 1, 2759
12667, 9080, 71.68, 72, 48.65, 1, 2760
12668, 9081, 71.68, 72, 48.65, 1, 2760
12669, 9082, 71.69, 72, 48.65, 1, 2760
12670, 9083, 71.69, 72, 48.65, 1, 2760
12671, 9083, 71.68, 72, 48.65, 1, 2761
12672, 9084, 71.69, 72, 48.65, 1, 2761
12673, 9085, 71.69, 72, 48.65, 1, 2761
12674, 9086, 71.69, 72, 48.65, 1, 2761
12675, 9086, 71.68, 72, 48.65, 1, 2762
12676, 9086, 71.68, 72, 48.65, 1, 2763
12677, 9086, 71.67, 72, 48.65, 1, 2763
12678, 9086, 71.67, 72, 48.65, 1, 2764
12679, 9087, 71.67, 72, 48.65, 1, 2764
12680, 9088, 71.67, 72, 48.65, 1, 2764
12681, 9088, 71.67, 72, 48.65, 1, 2765
12682, 9089, 71.67, 72, 48.65, 1, 2765
12683, 9090, 71.67, 72, 48.65, 1, 2765
12684, 9090, 71.67, 72, 48.65, 1, 2766
12685, 9090, 71.66, 72, 48.65, 1, 2767
12686, 9090, 71.65, 72, 48.65, 1, 2768
12687, 9091, 71.66, 72, 48.65, 1, 2768
12688, 9092, 71.66, 72, 48.65, 1, 2768
12689, 9092, 71.65, 72, 48.65, 1, 2768
12690, 9093, 71.65, 72, 48.65, 1, 2768
12691, 9094, 71.66, 72, 48.65, 1, 2768
12692, 9095, 71.66, 72, 48.65, 1, 2768
12693, 9096, 71.66, 72, 48.65, 1, 2768
12694, 9097, 71.66, 72, 48.65, 1, 2768
12695, 9098, 71.67, 72, 48.65, 1, 2768
12696, 9099, 71.67, 72, 48.65, 1, 2768
12697, 9099, 71.66, 72, 48.65, 1, 2768
12698, 9100, 71.66, 72, 48.65, 1, 2768
12699, 9101, 71.67, 72, 48.65, 1, 2768
12700, 9101, 71.66, 72, 48.65, 1, 2769
12701, 9102, 71.66, 72, 48.65, 1, 2769
12702, 9103, 71.67, 72, 48.65, 1, 2769
12703, 9104, 71.67, 72, 48.65, 1, 2769
12704, 9105, 71.67, 72, 48.65, 1, 2769
12705, 9106, 71.67, 72, 48.65, 1, 2769
12706, 9106, 71.67, 72, 48.65, 1, 2770
12707, 9106, 71.66, 72, 48.65, 1, 2771
12708, 9107, 71.66, 72, 48.65, 1, 2771
12709, 9108, 71.67, 72, 48.65, 1, 2771
12710, 9108, 71.66, 72, 48.65, 1, 2771
12711, 9109, 71.66, 72, 48.65, 1, 2771
12712, 9110, 71.66, 72, 48.65, 1, 2771
12713, 9111, 71.67, 72, 48.65, 1, 2771
12714, 9111, 71.66, 72, 48.65, 1, 2771
12715, 9111, 71.66, 72, 48.65, 1, 2771
12716, 9112, 71.66, 72, 48.65, 1, 2771
12717, 9113, 71.66, 72, 48.65, 1, 2771
12718, 9114, 71.66, 72, 48.65, 1, 2771
12719, 9115, 71.66, 72, 48.65, 1, 2771
12720, 9115, 71.66, 72, 48.65, 1, 2772
12721, 9116, 71.66, 72, 48.65, 1, 2772
12722, 9117, 71.66, 72, 48.65, 1, 2772
12723, 9118, 71.67, 72, 48.65, 1, 2772
12724, 9119, 71.67, 72, 48.65, 1, 2772
12725, 9120, 71.67, 72, 48.65, 1, 2772
12726, 9121, 71.67, 72, 48.65, 1, 2772
12727, 9122, 71.67, 72, 48.65, 1, 2772
12728, 9122, 71.67, 72, 48.65, 1, 2773
12729, 9123, 71.67, 72, 48.65, 1, 2773
12730, 9124, 71.67, 72, 48.65, 1, 2773
12731, 9125, 71.68, 72, 48.65, 1, 2773
12732, 9125, 71.67, 72, 48.65, 1, 2774
12733, 9126, 71.67, 72, 48.65, 1, 2774
12734, 9127, 71.67, 72, 48.65, 1, 2774
12735, 9127, 71.67, 72, 48.65, 1, 2775
12736, 9127, 71.66, 72, 48.65, 1, 2776
12737, 9128, 71.67, 72, 48.65, 1, 2776
12738, 9129, 71.67, 72, 48.65, 1, 2776
12739, 9129, 71.66, 72, 48.65, 1, 2776
12740, 9130, 71.66, 72, 48.65, 1, 2776
12741, 9130, 71.66, 72, 48.65, 1, 2777
12742, 9131, 71.66, 72, 48.65, 1, 2777
12743, 9132, 71.66, 72, 48.65, 1, 2777
12744, 9132, 71.66, 72, 48.65, 1, 2778
12745, 9133, 71.66, 72, 48.65, 1, 2778
12746, 9134, 71.66, 72, 48.65, 1, 2778
12747, 9135, 71.66, 72, 48.65, 1, 2778
12748, 9136, 71.67, 72, 48.65, 1, 2778
12749, 9136, 71.66, 72, 48.65, 1, 2779
12750, 9137, 71.66, 72, 48.65, 1, 2779
12751, 9137, 71.66, 72, 48.65, 1, 2780
12752, 9138, 71.66, 72, 48.65, 1, 2780
12753, 9139, 71.66, 72, 48.65, 1, 2780
12754, 9140, 71.66, 72, 48.65, 1, 2780
12755, 9140, 71.66, 72, 48.65, 1, 2781
12756, 9140, 71.65, 72, 48.65, 1, 2782
12757, 9141, 71.65, 72, 48.65, 1, 2782
12758, 9142, 71.66, 72, 48.65, 1, 2782
12759, 9142, 71.65, 72, 48.65, 1, 2783
12760, 9143, 71.65, 72, 48.65, 1, 2783
12761, 9144, 71.66, 72, 48.65, 1, 2783
12762, 9144, 71.65, 72, 48.65, 1, 2784
12763, 9145, 71.65, 72, 48.65, 1, 2784
12764, 9146, 71.65, 72, 48.65, 1, 2784
12765, 9147, 71.66, 72, 48.65, 1, 2784
12766, 9148, 71.66, 72, 48.65, 1, 2784
12767, 9149, 71.66, 72, 48.65, 1, 2784
12768, 9149, 71.66, 72, 48.65, 1, 2785
12769, 9150, 71.66, 72, 48.65, 1, 2785
12770, 9151, 71.66, 72, 48.65, 1, 2785
12771, 9152, 71.66, 72, 48.65, 1, 2785
12772, 9152, 71.66, 72, 48.65, 1, 2785
12773, 9153, 71.66, 72, 48.65, 1, 2785
12774, 9154, 71.66, 72, 48.65, 1, 2785
12775, 9155, 71.66, 72, 48.65, 1, 2785
12776, 9156, 71.67, 72, 48.65, 1, 2785
12777, 9157, 71.67, 72, 48.65, 1, 2785
12778, 9158, 71.67, 72, 48.65, 1, 2785
12779, 9158, 71.66, 72, 48.65, 1, 2785
12780, 9158, 71.66, 72, 48.65, 1, 2786
12781, 9158, 71.65, 72, 48.65, 1, 2787
12782, 9159, 71.66, 72, 48.65, 1, 2787
12783, 9160, 71.66, 72, 48.65, 1, 2787
12784, 9161, 71.66, 72, 48.65, 1, 2787
12785, 9161, 71.65, 72, 48.65, 1, 2788
12786, 9161, 71.65, 72, 48.65, 1, 2789
12787, 9162, 71.65, 72, 48.65, 1, 2789
12788, 9163, 71.65, 72, 48.65, 1, 2789
12789, 9164, 71.66, 72, 48.65, 1, 2789
12790, 9165, 71.66, 72, 48.65, 1, 2789
12791, 9166, 71.66, 72, 48.65, 1, 2789
12792, 9167, 71.66, 72, 48.65, 1, 2789
12793, 9167, 71.66, 72, 48.65, 1, 2790
12794, 9167, 71.65, 72, 48.65, 1, 2790
12795, 9167, 71.65, 72, 48.65, 1, 2790
12796, 9168, 71.65, 72, 48.65, 1, 2790
12797, 9169, 71.65, 72, 48.65, 1, 2790
12798, 9170, 71.65, 72, 48.65, 1, 2790
12799, 9170, 71.65, 72, 48.65, 1, 2790
12800, 9171, 71.65, 72, 48.65, 1, 2790
12801, 9171, 71.64, 72, 48.65, 1, 2791
12802, 9172, 71.65, 72, 48.65, 1, 2791
12803, 9173, 71.65, 72, 48.65, 1, 2791
12804, 9173, 71.64, 72, 48.65, 1, 2792
12805, 9174, 71.64, 72, 48.65, 1, 2792
12806, 9175, 71.65, 72, 48.65, 1, 2792
12807, 9175, 71.64, 72, 48.65, 1, 2793
12808, 9176, 71.64, 72, 48.65, 1, 2793
12809, 9176, 71.64, 72, 48.65, 1, 2794
12810, 9176, 71.63, 72, 48.65, 1, 2795
12811, 9176, 71.63, 72, 48.65, 1, 2795
12812, 9177, 71.63, 72, 48.65, 1, 2795
12813, 9178, 71.63, 72, 48.65, 1, 2795
12814, 9179, 71.63, 72, 48.65, 1, 2795
12815, 9180, 71.63, 72, 48.65, 1, 2795
12816, 9181, 71.64, 72, 48.65, 1, 2795
12817, 9182, 71.64, 72, 48.65, 1, 2795
12818, 9183, 71.64, 72, 48.65, 1, 2795
12819, 9184, 71.64, 72, 48.65, 1, 2795
12820, 9185, 71.65, 72, 48.65, 1, 2795
12821, 9186, 71.65, 72, 48.65, 1, 2795
12822, 9187, 71.65, 72, 48.65, 1, 2795
12823, 9188, 71.65, 72, 48.65, 1, 2795
12824, 9189, 71.65, 72, 48.65, 1, 2795
12825, 9190, 71.66, 72, 48.65, 1, 2795
12826, 9191, 71.66, 72, 48.65, 1, 2795
12827, 9192, 71.66, 72, 48.65, 1, 2795
12828, 9193, 71.66, 72, 48.65, 1, 2795
12829, 9194, 71.67, 72, 48.65, 1, 2795
12830, 9195, 71.67, 72, 48.65, 1, 2795
12831, 9196, 71.67, 72, 48.65, 1, 2795
12832, 9196, 71.66, 72, 48.65, 1, 2796
12833, 9197, 71.67, 72, 48.65, 1, 2796
12834, 9198, 71.67, 72, 48.65, 1, 2796
12835, 9199, 71.67, 72, 48.65, 1, 2796
12836, 9199, 71.67, 72, 48.65, 1, 2797
12837, 9199, 71.66, 72, 48.65, 1, 2798
12838, 9200, 71.66, 72, 48.65, 1, 2798
12839, 9200, 71.66, 72, 48.65, 1, 2798
12840, 9200, 71.65, 72, 48.65, 1, 2799
12841, 9201, 71.65, 72, 48.65, 1, 2799
12842, 9202, 71.66, 72, 48.65, 1, 2799
12843, 9203, 71.66, 72, 48.65, 1, 2799
12844, 9204, 71.66, 72, 48.65, 1, 2799
12845, 9205, 71.66, 72, 48.65, 1, 2799
12846, 9206, 71.66, 72, 48.65, 1, 2799
12847, 9207, 71.67, 72, 48.65, 1, 2799
12848, 9207, 71.66, 72, 48.65, 1, 2800
12849, 9208, 71.66, 72, 48.65, 1, 2800
12850, 9208, 71.66, 72, 48.65, 1, 2801
12851, 9208, 71.65, 72, 48.65, 1, 2802
12852, 9209, 71.65, 72, 48.65, 1, 2802
12853, 9210, 71.66, 72, 48.65, 1, 2802
12854, 9211, 71.66, 72, 48.65, 1, 2802
12855, 9212, 71.66, 72, 48.65, 1, 2802
12856, 9213, 71.66, 72, 48.65, 1, 2802
12857, 9214, 71.67, 72, 48.65, 1, 2802
12858, 9215, 71.67, 72, 48.65, 1, 2802
12859, 9216, 71.67, 72, 48.65, 1, 2802
12860, 9217, 71.67, 72, 48.65, 1, 2802
12861, 9218, 71.67, 72, 48.65, 1, 2802
12862, 9218, 71.67, 72, 48.65, 1, 2803
12863, 9219, 71.67, 72, 48.65, 1, 2803
12864, 9220, 71.67, 72, 48.65, 1, 2803
12865, 9221, 71.68, 72, 48.65, 1, 2803
12866, 9222, 71.68, 72, 48.65, 1, 2803
12867, 9223, 71.68, 72, 48.65, 1, 2803
12868, 9224, 71.68, 72, 48.65, 1, 2803
12869, 9224, 71.68, 72, 48.65, 1, 2804
12870, 9225, 71.68, 72, 48.65, 1, 2804
12871, 9226, 71.68, 72, 48.65, 1, 2804
12872, 9227, 71.68, 72, 48.65, 1, 2804
12873, 9227, 71.68, 72, 48.65, 1, 2805
12874, 9228, 71.68, 72, 48.65, 1, 2805
12875, 9229, 71.68, 72, 48.65, 1, 2805
12876, 9230, 71.68, 72, 48.65, 1, 2805
12877, 9230, 71.68, 72, 48.65, 1, 2806
12878, 9230, 71.67, 72, 48.65, 1, 2807
12879, 9231, 71.67, 72, 48.65, 1, 2807
12880, 9232, 71.68, 72, 48.65, 1, 2807
12881, 9233, 71.68, 72, 48.65, 1, 2807
12882, 9233, 71.67, 72, 48.65, 1, 2808
12883, 9234, 71.68, 72, 48.65, 1, 2808
12884, 9235, 71.68, 72, 48.65, 1, 2808
12885, 9236, 71.68, 72, 48.65, 1, 2808
12886, 9237, 71.68, 72, 48.65, 1, 2808
12887, 9237, 71.68, 72, 48.65, 1, 2809
12888, 9238, 71.68, 72, 48.65, 1, 2809
12889, 9238, 71.67, 72, 48.65, 1, 2810
12890, 9239, 71.68, 72, 48.65, 1, 2810
12891, 9240, 71.68, 72, 48.65, 1, 2810
12892, 9241, 71.68, 72, 48.65, 1, 2810
12893, 9241, 71.67, 72, 48.65, 1, 2811
12894, 9241, 71.67, 72, 48.65, 1, 2811
12895, 9242, 71.67, 72, 48.65, 1, 2811
12896, 9243, 71.67, 72, 48.65, 1, 2811
12897, 9244, 71.68, 72, 48.65, 1, 2811
12898, 9245, 71.68, 72, 48.65, 1, 2811
12899, 9246, 71.68, 72, 48.65, 1, 2811
12900, 9246, 71.67, 72, 48.65, 1, 2812
12901, 9247, 71.68, 72, 48.65, 1, 2812
12902, 9247, 71.67, 72, 48.65, 1, 2813
12903, 9247, 71.67, 72, 48.65, 1, 2814
12904, 9248, 71.67, 72, 48.65, 1, 2814
12905, 9248, 71.66, 72, 48.65, 1, 2814
12906, 9249, 71.66, 72, 48.65, 1, 2814
12907, 9250, 71.67, 72, 48.65, 1, 2814
12908, 9250, 71.66, 72, 48.65, 1, 2814
12909, 9251, 71.66, 72, 48.65, 1, 2814
12910, 9252, 71.67, 72, 48.65, 1, 2814
12911, 9253, 71.67, 72, 48.65, 1, 2814
12912, 9253, 71.66, 72, 48.65, 1, 2815
12913, 9254, 71.66, 72, 48.65, 1, 2815
12914, 9255, 71.67, 72, 48.65, 1, 2815
12915, 9255, 71.66, 72, 48.65, 1, 2816
12916, 9256, 71.66, 72, 48.65, 1, 2816
12917, 9257, 71.67, 72, 48.65, 1, 2816
12918, 9257, 71.66, 72, 48.65, 1, 2817
12919, 9258, 71.66, 72, 48.65, 1, 2817
12920, 9259, 71.66, 72, 48.65, 1, 2817
12921, 9260, 71.67, 72, 48.65, 1, 2817
12922, 9261, 71.67, 72, 48.65, 1, 2817
12923, 9262, 71.67, 72, 48.65, 1, 2817
12924, 9263, 71.67, 72, 48.65, 1, 2817
12925, 9263, 71.67, 72, 48.65, 1, 2817
12926, 9263, 71.66, 72, 48.65, 1, 2818
12927, 9264, 71.66, 72, 48.65, 1, 2818
12928, 9265, 71.67, 72, 48.65, 1, 2818
12929, 9266, 71.67, 72, 48.65, 1, 2818
12930, 9267, 71.67, 72, 48.65, 1, 2818
12931, 9268, 71.67, 72, 48.65, 1, 2818
12932, 9269, 71.67, 72, 48.65, 1, 2818
12933, 9270, 71.68, 72, 48.65, 1, 2818
12934, 9271, 71.68, 72, 48.65, 1, 2818
12935, 9272, 71.68, 72, 48.65, 1, 2818
12936, 9272, 71.68, 72, 48.65, 1, 2819
12937, 9272, 71.67, 72, 48.65, 1, 2820
12938, 9273, 71.67, 72, 48.65, 1, 2820
12939, 9274, 71.67, 72, 48.65, 1, 2820
12940, 9275, 71.68, 72, 48.65, 1, 2820
12941, 9276, 71.68, 72, 48.65, 1, 2820
12942, 9277, 71.68, 72, 48.65, 1, 2820
12943, 9278, 71.68, 72, 48.65, 1, 2820
12944, 9279, 71.69, 72, 48.65, 1, 2820
12945, 9280, 71.69, 72, 48.65, 1, 2820
12946, 9281, 71.69, 72, 48.65, 1, 2820
12947, 9282, 71.69, 72, 48.65, 1, 2820
12948, 9282, 71.69, 72, 48.65, 1, 2821
12949, 9283, 71.69, 72, 48.65, 1, 2821
12950, 9284, 71.69, 72, 48.65, 1, 2821
12951, 9285, 71.69, 72, 48.65, 1, 2821
12952, 9285, 71.69, 72, 48.65, 1, 2822
12953, 9286, 71.69, 72, 48.65, 1, 2822
12954, 9286, 71.68, 72, 48.65, 1, 2823
12955, 9287, 71.69, 72, 48.65, 1, 2823
12956, 9287, 71.68, 72, 48.65, 1, 2823
12957, 9288, 71.68, 72, 48.65, 1, 2823
12958, 9289, 71.69, 72, 48.65, 1, 2823
12959, 9290, 71.69, 72, 48.65, 1, 2823
12960, 9291, 71.69, 72, 48.65, 1, 2823
12961, 9292, 71.69, 72, 48.65, 1, 2823
12962, 9293, 71.69, 72, 48.65, 1, 2823
12963, 9293, 71.69, 72, 48.65, 1, 2823
12964, 9293, 71.68, 72, 48.65, 1, 2824
12965, 9294, 71.69, 72, 48.65, 1, 2824
12966, 9295, 71.69, 72, 48.65, 1, 2824
12967, 9296, 71.69, 72, 48.65, 1, 2824
12968, 9296, 71.68, 72, 48.65, 1, 2825
12969, 9296, 71.68, 72, 48.65, 1, 2826
12970, 9297, 71.68, 72, 48.65, 1, 2826
12971, 9297, 71.68, 72, 48.65, 1, 2827
12972, 9297, 71.67, 72, 48.65, 1, 2828
12973, 9298, 71.67, 72, 48.65, 1, 2828
12974, 9299, 71.67, 72, 48.65, 1, 2828
12975, 9300, 71.68, 72, 48.65, 1, 2828
12976, 9301, 71.68, 72, 48.65, 1, 2828
12977, 9301, 71.67, 72, 48.65, 1, 2828
12978, 9302, 71.68, 72, 48.65, 1, 2828
12979, 9303, 71.68, 72, 48.65, 1, 2828
12980, 9304, 71.68, 72, 48.65, 1, 2828
12981, 9305, 71.68, 72, 48.65, 1, 2828
12982, 9306, 71.68, 72, 48.65, 1, 2828
12983, 9307, 71.69, 72, 48.65, 1, 2828
12984, 9308, 71.69, 72, 48.65, 1, 2828
12985, 9308, 71.68, 72, 48.65, 1, 2829
12986, 9309, 71.68, 72, 48.65, 1, 2829
12987, 9310, 71.69, 72, 48.65, 1, 2829
12988, 9310, 71.68, 72, 48.65, 1, 2830
12989, 9311, 71.68, 72, 48.65, 1, 2830
12990, 9312, 71.69, 72, 48.65, 1, 2830
12991, 9313, 71.69, 72, 48.65, 1, 2830
12992, 9313, 71.68, 72, 48.65, 1, 2831
12993, 9314, 71.68, 72, 48.65, 1, 2831
12994, 9315, 71.69, 72, 48.65, 1, 2831
12995, 9316, 71.69, 72, 48.65, 1, 2831
12996, 9316, 71.68, 72, 48.65, 1, 2832
12997, 9317, 71.69, 72, 48.65, 1, 2832
12998, 9317, 71.68, 72, 48.65, 1, 2833
12999, 9318, 71.68, 72, 48.65, 1, 2833
13000, 9319, 71.68, 72, 48.65, 1, 2833
13001, 9319, 71.68, 72, 48.65, 1, 2834
13002, 9320, 71.68, 72, 48.65, 1, 2834
13003, 9320, 71.68, 72, 48.65, 1, 2834
13004, 9321, 71.68, 72, 48.65, 1, 2834
13005, 9321, 71.67, 72, 48.65, 1, 2835
13006, 9322, 71.67, 72, 48.65, 1, 2835
13007, 9323, 71.68, 72, 48.65, 1, 2835
13008, 9323, 71.67, 72, 48.65, 1, 2836
13009, 9324, 71.67, 72, 48.65, 1, 2836
13010, 9325, 71.68, 72, 48.65, 1, 2836
13011, 9325, 71.67, 72, 48.65, 1, 2837
13012, 9325, 71.66, 72, 48.65, 1, 2838
13013, 9326, 71.67, 72, 48.65, 1, 2838
13014, 9327, 71.67, 72, 48.65, 1, 2838
13015, 9328, 71.67, 72, 48.65, 1, 2838
13016, 9328, 71.67, 72, 48.65, 1, 2839
13017, 9329, 71.67, 72, 48.65, 1, 2839
13018, 9330, 71.67, 72, 48.65, 1, 2839
13019, 9331, 71.67, 72, 48.65, 1, 2839
13020, 9332, 71.67, 72, 48.65, 1, 2839
13021, 9333, 71.68, 72, 48.65, 1, 2839
13022, 9334, 71.68, 72, 48.65, 1, 2839
13023, 9335, 71.68, 72, 48.65, 1, 2839
13024, 9336, 71.68, 72, 48.65, 1, 2839
13025, 9337, 71.69, 72, 48.65, 1, 2839
13026, 9337, 71.68, 72, 48.65, 1, 2840
13027, 9337, 71.67, 72, 48.65, 1, 2841
13028, 9338, 71.68, 72, 48.65, 1, 2841
13029, 9338, 71.67, 72, 48.65, 1, 2842
13030, 9338, 71.67, 72, 48.65, 1, 2843
13031, 9338, 71.66, 72, 48.65, 1, 2844
13032, 9339, 71.66, 72, 48.65, 1, 2844
13033, 9339, 71.66, 72, 48.65, 1, 2844
13034, 9339, 71.65, 72, 48.65, 1, 2845
13035, 9340, 71.65, 72, 48.65, 1, 2845
13036, 9341, 71.66, 72, 48.65, 1, 2845
13037, 9341, 71.65, 72, 48.65, 1, 2846
13038, 9342, 71.65, 72, 48.65, 1, 2846
13039, 9343, 71.65, 72, 48.65, 1, 2846
13040, 9344, 71.66, 72, 48.65, 1, 2846
13041, 9345, 71.66, 72, 48.65, 1, 2846
13042, 9345, 71.65, 72, 48.65, 1, 2847
13043, 9346, 71.66, 72, 48.65, 1, 2847
13044, 9347, 71.66, 72, 48.65, 1, 2847
13045, 9348, 71.66, 72, 48.65, 1, 2847
13046, 9349, 71.66, 72, 48.65, 1, 2847
13047, 9350, 71.66, 72, 48.65, 1, 2847
13048, 9351, 71.67, 72, 48.65, 1, 2847
13049, 9352, 71.67, 72, 48.65, 1, 2847
13050, 9353, 71.67, 72, 48.65, 1, 2847
13051, 9353, 71.67, 72, 48.65, 1, 2848
13052, 9354, 71.67, 72, 48.65, 1, 2848
13053, 9355, 71.67, 72, 48.65, 1, 2848
13054, 9356, 71.67, 72, 48.65, 1, 2848
13055, 9357, 71.67, 72, 48.65, 1, 2848
13056, 9358, 71.68, 72, 48.65, 1, 2848
13057, 9359, 71.68, 72, 48.65, 1, 2848
13058, 9360, 71.68, 72, 48.65, 1, 2848
13059, 9361, 71.68, 72, 48.65, 1, 2848
13060, 9361, 71.68, 72, 48.65, 1, 2849
13061, 9362, 71.68, 72, 48.65, 1, 2849
13062, 9362, 71.67, 72, 48.65, 1, 2849
13063, 9363, 71.68, 72, 48.65, 1, 2849
13064, 9364, 71.68, 72, 48.65, 1, 2849
13065, 9365, 71.68, 72, 48.65, 1, 2849
13066, 9366, 71.68, 72, 48.65, 1, 2849
13067, 9367, 71.68, 72, 48.65, 1, 2849
13068, 9368, 71.69, 72, 48.65, 1, 2849
13069, 9369, 71.69, 72, 48.65, 1, 2849
13070, 9370, 71.69, 72, 48.65, 1, 2849
13071, 9371, 71.69, 72, 48.65, 1, 2849
13072, 9372, 71.70, 72, 48.65, 1, 2849
13073, 9372, 71.69, 72, 48.65, 1, 2849
13074, 9372, 71.68, 72, 48.65, 1, 2850
13075, 9372, 71.68, 72, 48.65, 1, 2851
13076, 9373, 71.68, 72, 48.65, 1, 2851
13077, 9374, 71.68, 72, 48.65, 1, 2851
13078, 9374, 71.68, 72, 48.65, 1, 2851
13079, 9375, 71.68, 72, 48.65, 1, 2851
13080, 9375, 71.67, 72, 48.65, 1, 2851
13081, 9375, 71.67, 72, 48.65, 1, 2851
13082, 9375, 71.66, 72, 48.65, 1, 2851
13083, 9376, 71.67, 72, 48.65, 1, 2851
13084, 9376, 71.66, 72, 48.65, 1, 2852
13085, 9377, 71.66, 72, 48.65, 1, 2852
13086, 9377, 71.66, 72, 48.65, 1, 2853
13087, 9378, 71.66, 72, 48.65, 1, 2853
13088, 9378, 71.65, 72, 48.65, 1, 2854
13089, 9379, 71.66, 72, 48.65, 1, 2854
13090, 9380, 71.66, 72, 48.65, 1, 2854
13091, 9381, 71.66, 72, 48.65, 1, 2854
13092, 9382, 71.66, 72, 48.65, 1, 2854
13093, 9382, 71.66, 72, 48.65, 1, 2855
13094, 9383, 71.66, 72, 48.65, 1, 2855
13095, 9384, 71.66, 72, 48.65, 1, 2855
13096, 9385, 71.66, 72, 48.65, 1, 2855
13097, 9386, 71.67, 72, 48.65, 1, 2855
13098, 9386, 71.66, 72, 48.65, 1, 2856
13099, 9386, 71.65, 72, 48.65, 1, 2857
13100, 9387, 71.66, 72, 48.65, 1, 2857
13101, 9388, 71.66, 72, 48.65, 1, 2857
13102, 9389, 71.66, 72, 48.65, 1, 2857
13103, 9390, 71.66, 72, 48.65, 1, 2857
13104, 9391, 71.67, 72, 48.65, 1, 2857
13105, 9391, 71.66, 72, 48.65, 1, 2857
13106, 9392, 71.66, 72, 48.65, 1, 2857
13107, 9393, 71.66, 72, 48.65, 1, 2857
13108, 9394, 71.67, 72, 48.65, 1, 2857
13109, 9395, 71.67, 72, 48.65, 1, 2857
13110, 9396, 71.67, 72, 48.65, 1, 2857
13111, 9396, 71.67, 72, 48.65, 1, 2857
13112, 9397, 71.67, 72, 48.65, 1, 2857
13113, 9398, 71.67, 72, 48.65, 1, 2857
13114, 9399, 71.67, 72, 48.65, 1, 2857
13115, 9400, 71.67, 72, 48.65, 1, 2857
13116, 9401, 71.68, 72, 48.65, 1, 2857
13117, 9402, 71.68, 72, 48.65, 1, 2857
13118, 9403, 71.68, 72, 48.65, 1, 2857
13119, 9404, 71.68, 72, 48.65, 1, 2857
13120, 9405, 71.68, 72, 48.65, 1, 2857
13121, 9405, 71.68, 72, 48.65, 1, 2857
13122, 9406, 71.68, 72, 48.65, 1, 2857
13123, 9407, 71.68, 72, 48.65, 1, 2857
13124, 9407, 71.68, 72, 48.65, 1, 2858
13125, 9408, 71.68, 72, 48.65, 1, 2858
13126, 9409, 71.68, 72, 48.65, 1, 2858
13127, 9410, 71.68, 72, 48.65, 1, 2858
13128, 9411, 71.69, 72, 48.65, 1, 2858
13129, 9412, 71.69, 72, 48.65, 1, 2858
13130, 9412, 71.68, 72, 48.65, 1, 2859
13131, 9413, 71.69, 72, 48.65, 1, 2859
13132, 9414, 71.69, 72, 48.65, 1, 2859
13133, 9415, 71.69, 72, 48.65, 1, 2859
13134, 9416, 71.69, 72, 48.65, 1, 2859
13135, 9417, 71.69, 72, 48.65, 1, 2859
13136, 9418, 71.70, 72, 48.65, 1, 2859
13137, 9418, 71.69, 72, 48.65, 1, 2860
13138, 9419, 71.69, 72, 48.65, 1, 2860
13139, 9419, 71.69, 72, 48.65, 1, 2861
13140, 9420, 71.69, 72, 48.65, 1, 2861
13141, 9421, 71.69, 72, 48.65, 1, 2861
13142, 9422, 71.69, 72, 48.65, 1, 2861
13143, 9422, 71.69, 72, 48.65, 1, 2861
13144, 9422, 71.68, 72, 48.65, 1, 2862
13145, 9422, 71.68, 72, 48.65, 1, 2863
13146, 9422, 71.67, 72, 48.65, 1, 2864
13147, 9422, 71.67, 72, 48.65, 1, 2865
13148, 9423, 71.67, 72, 48.65, 1, 2865
13149, 9424, 71.67, 72, 48.65, 1, 2865
13150, 9425, 71.67, 72, 48.65, 1, 2865
13151, 9426, 71.68, 72, 48.65, 1, 2865
13152, 9427, 71.68, 72, 48.65, 1, 2865
13153, 9428, 71.68, 72, 48.65, 1, 2865
13154, 9428, 71.67, 72, 48.65, 1, 2865
13155, 9428, 71.67, 72, 48.65, 1, 2865
13156, 9429, 71.67, 72, 48.65, 1, 2865
13157, 9430, 71.67, 72, 48.65, 1, 2865
13158, 9431, 71.68, 72, 48.65, 1, 2865
13159, 9431, 71.67, 72, 48.65, 1, 2866
13160, 9432, 71.67, 72, 48.65, 1, 2866
13161, 9433, 71.67, 72, 48.65, 1, 2866
13162, 9434, 71.68, 72, 48.65, 1, 2866
13163, 9435, 71.68, 72, 48.65, 1, 2866
13164, 9436, 71.68, 72, 48.65, 1, 2866
13165, 9437, 71.68, 72, 48.65, 1, 2866
13166, 9437, 71.68, 72, 48.65, 1, 2867
13167, 9437, 71.67, 72, 48.65, 1, 2868
13168, 9438, 71.67, 72, 48.65, 1, 2868
13169, 9439, 71.68, 72, 48.65, 1, 2868
13170, 9440, 71.68, 72, 48.65, 1, 2868
13171, 9441, 71.68, 72, 48.65, 1, 2868
13172, 9442, 71.68, 72, 48.65, 1, 2868
13173, 9443, 71.68, 72, 48.65, 1, 2868
13174, 9443, 71.68, 72, 48.65, 1, 2869
13175, 9444, 71.68, 72, 48.65, 1, 2869
13176, 9444, 71.68, 72, 48.65, 1, 2870
13177, 9445, 71.68, 72, 48.65, 1, 2870
13178, 9445, 71.67, 72, 48.65, 1, 2871
13179, 9445, 71.67, 72, 48.65, 1, 2872
13180, 9446, 71.67, 72, 48.65, 1, 2872
13181, 9447, 71.67, 72, 48.65, 1, 2872
13182, 9448, 71.67, 72, 48.65, 1, 2872
13183, 9448, 71.67, 72, 48.65, 1, 2873
13184, 9449, 71.67, 72, 48.65, 1, 2873
13185, 9449, 71.66, 72, 48.65, 1, 2874
13186, 9450, 71.67, 72, 48.65, 1, 2874
13187, 9451, 71.67, 72, 48.65, 1, 2874
13188, 9452, 71.67, 72, 48.65, 1, 2874
13189, 9452, 71.67, 72, 48.65, 1, 2874
13190, 9452, 71.66, 72, 48.65, 1, 2875
13191, 9453, 71.66, 72, 48.65, 1, 2875
13192, 9453, 71.66, 72, 48.65, 1, 2876
13193, 9454, 71.66, 72, 48.65, 1, 2876
13194, 9455, 71.66, 72, 48.65, 1, 2876
13195, 9455, 71.66, 72, 48.65, 1, 2876
13196, 9456, 71.66, 72, 48.65, 1, 2876
13197, 9457, 71.66, 72, 48.65, 1, 2876
13198, 9457, 71.65, 72, 48.65, 1, 2877
13199, 9457, 71.65, 72, 48.65, 1, 2878
13200, 9457, 71.64, 72, 48.65, 1, 2879
13201, 9458, 71.65, 72, 48.65, 1, 2879
13202, 9458, 71.64, 72, 48.65, 1, 2880
13203, 9458, 71.64, 72, 48.65, 1, 2881
13204, 9459, 71.64, 72, 48.65, 1, 2881
13205, 9459, 71.63, 72, 48.65, 1, 2882
13206, 9460, 71.63, 72, 48.65, 1, 2882
13207, 9461, 71.64, 72, 48.65, 1, 2882
13208, 9462, 71.64, 72, 48.65, 1, 2882
13209, 9463, 71.64, 72, 48.65, 1, 2882
13210, 9464, 71.64, 72, 48.65, 1, 2882
13211, 9465, 71.64, 72, 48.65, 1, 2882
13212, 9466, 71.65, 72, 48.65, 1, 2882
13213, 9467, 71.65, 72, 48.65, 1, 2882
13214, 9467, 71.64, 72, 48.65, 1, 2883
13215, 9467, 71.64, 72, 48.65, 1, 2883
13216, 9468, 71.64, 72, 48.65, 1, 2883
13217, 9468, 71.64, 72, 48.65, 1, 2884
13218, 9468, 71.63, 72, 48.65, 1, 2885
13219, 9469, 71.63, 72, 48.65, 1, 2885
13220, 9470, 71.63, 72, 48.65, 1, 2885
13221, 9471, 71.64, 72, 48.65, 1, 2885
13222, 9471, 71.63, 72, 48.65, 1, 2885
13223, 9471, 71.63, 72, 48.65, 1, 2886
13224, 9472, 71.63, 72, 48.65, 1, 2886
13225, 9473, 71.63, 72, 48.65, 1, 2886
13226, 9474, 71.63, 72, 48.65, 1, 2886
13227, 9475, 71.63, 72, 48.65, 1, 2886
13228, 9476, 71.64, 72, 48.65, 1, 2886
13229, 9476, 71.63, 72, 48.65, 1, 2887
13230, 9477, 71.63, 72, 48.65, 1, 2887
13231, 9477, 71.63, 72, 48.65, 1, 2888
13232, 9477, 71.62, 72, 48.65, 1, 2889
13233, 9478, 71.62, 72, 48.65, 1, 2889
13234, 9479, 71.63, 72, 48.65, 1, 2889
13235, 9480, 71.63, 72, 48.65, 1, 2889
13236, 9480, 71.62, 72, 48.65, 1, 2889
13237, 9481, 71.62, 72, 48.65, 1, 2889
13238, 9482, 71.63, 72, 48.65, 1, 2889
13239, 9482, 71.62, 72, 48.65, 1, 2890
13240, 9483, 71.62, 72, 48.65, 1, 2890
13241, 9484, 71.63, 72, 48.65, 1, 2890
13242, 9485, 71.63, 72, 48.65, 1, 2890
13243, 9486, 71.63, 72, 48.65, 1, 2890
13244, 9486, 71.62, 72, 48.65, 1, 2891
13245, 9487, 71.63, 72, 48.65, 1, 2891
13246, 9488, 71.63, 72, 48.65, 1, 2891
13247, 9488, 71.62, 72, 48.65, 1, 2891
13248, 9489, 71.63, 72, 48.65, 1, 2891
13249, 9490, 71.63, 72, 48.65, 1, 2891
13250, 9490, 71.62, 72, 48.65, 1, 2891
13251, 9491, 71.62, 72, 48.65, 1, 2891
13252, 9492, 71.63, 72, 48.65, 1, 2891
13253, 9493, 71.63, 72, 48.65, 1, 2891
13254, 9494, 71.63, 72, 48.65, 1, 2891
13255, 9495, 71.63, 72, 48.65, 1, 2891
13256, 9496, 71.64, 72, 48.65, 1, 2891
13257, 9497, 71.64, 72, 48.65, 1, 2891
13258, 9497, 71.63, 72, 48.65, 1, 2892
13259, 9498, 71.63, 72, 48.65, 1, 2892
13260, 9499, 71.64, 72, 48.65, 1, 2892
13261, 9500, 71.64, 72, 48.65, 1, 2892
13262, 9501, 71.64, 72, 48.65, 1, 2892
13263, 9502, 71.64, 72, 48.65, 1, 2892
13264, 9503, 71.65, 72, 48.65, 1, 2892
13265, 9504, 71.65, 72, 48.65, 1, 2892
13266, 9505, 71.65, 72, 48.65, 1, 2892
13267, 9506, 71.65, 72, 48.65, 1, 2892
13268, 9507, 71.65, 72, 48.65, 1, 2892
13269, 9507, 71.65, 72, 48.65, 1, 2893
13270, 9508, 71.65, 72, 48.65, 1, 2893
13271, 9508, 71.64, 72, 48.65, 1, 2893
13272, 9508, 71.64, 72, 48.65, 1, 2894
13273, 9508, 71.63, 72, 48.65, 1, 2895
13274, 9509, 71.64, 72, 48.65, 1, 2895
13275, 9509, 71.63, 72, 48.65, 1, 2895
13276, 9510, 71.63, 72, 48.65, 1, 2895
13277, 9510, 71.63, 72, 48.65, 1, 2895
13278, 9510, 71.62, 72, 48.65, 1, 2896
13279, 9511, 71.62, 72, 48.65, 1, 2896
13280, 9511, 71.62, 72, 48.65, 1, 2897
13281, 9512, 71.62, 72, 48.65, 1, 2897
13282, 9513, 71.62, 72, 48.65, 1, 2897
13283, 9514, 71.63, 72, 48.65, 1, 2897
13284, 9515, 71.63, 72, 48.65, 1, 2897
13285, 9516, 71.63, 72, 48.65, 1, 2897
13286, 9517, 71.63, 72, 48.65, 1, 2897
13287, 9518, 71.63, 72, 48.65, 1, 2897
13288, 9518, 71.63, 72, 48.65, 1, 2897
13289, 9519, 71.63, 72, 48.65, 1, 2897
13290, 9520, 71.63, 72, 48.65, 1, 2897
13291, 9521, 71.63, 72, 48.65, 1, 2897
13292, 9521, 71.63, 72, 48.65, 1, 2898
13293, 9521, 71.62, 72, 48.65, 1, 2899
13294, 9522, 71.63, 72, 48.65, 1, 2899
13295, 9522, 71.62, 72, 48.65, 1, 2900
13296, 9523, 71.62, 72, 48.65, 1, 2900
13297, 9524, 71.63, 72, 48.65, 1, 2900
13298, 9525, 71.63, 72, 48.65, 1, 2900
13299, 9526, 71.63, 72, 48.65, 1, 2900
13300, 9527, 71.63, 72, 48.65, 1, 2900
13301, 9527, 71.63, 72, 48.65, 1, 2901
13302, 9528, 71.63, 72, 48.65, 1, 2901
13303, 9529, 71.63, 72, 48.65, 1, 2901
13304, 9529, 71.63, 72, 48.65, 1, 2902
13305, 9530, 71.63, 72, 48.65, 1, 2902
13306, 9531, 71.63, 72, 48.65, 1, 2902
13307, 9531, 71.62, 72, 48.65, 1, 2902
13308, 9532, 71.63, 72, 48.65, 1, 2902
13309, 9533, 71.63, 72, 48.65, 1, 2902
13310, 9534, 71.63, 72, 48.65, 1, 2902
13311, 9534, 71.62, 72, 48.65, 1, 2903
13312, 9534, 71.62, 72, 48.65, 1, 2904
13313, 9535, 71.62, 72, 48.65, 1, 2904
13314, 9536, 71.62, 72, 48.65, 1, 2904
13315, 9537, 71.63, 72, 48.65, 1, 2904
13316, 9538, 71.63, 72, 48.65, 1, 2904
13317, 9538, 71.62, 72, 48.65, 1, 2904
13318, 9538, 71.62, 72, 48.65, 1, 2904
13319, 9539, 71.62, 72, 48.65, 1, 2904
13320, 9540, 71.62, 72, 48.65, 1, 2904
13321, 9541, 71.62, 72, 48.65, 1, 2904
13322, 9542, 71.63, 72, 48.65, 1, 2904
13323, 9543, 71.63, 72, 48.65, 1, 2904
13324, 9543, 71.62, 72, 48.65, 1, 2905
13325, 9544, 71.62, 72, 48.65, 1, 2905
13326, 9545, 71.63, 72, 48.65, 1, 2905
13327, 9546, 71.63, 72, 48.65, 1, 2905
13328, 9547, 71.63, 72, 48.65, 1, 2905
13329, 9548, 71.63, 72, 48.65, 1, 2905
13330, 9549, 71.64, 72, 48.65, 1, 2905
13331, 9550, 71.64, 72, 48.65, 1, 2905
13332, 9550, 71.63, 72, 48.65, 1, 2906
13333, 9551, 71.63, 72, 48.65, 1, 2906
13334, 9552, 71.64, 72, 48.65, 1, 2906
13335, 9553, 71.64, 72, 48.65, 1, 2906
13336, 9554, 71.64, 72, 48.65, 1, 2906
13337, 9555, 71.64, 72, 48.65, 1, 2906
13338, 9555, 71.64, 72, 48.65, 1, 2906
13339, 9556, 71.64, 72, 48.65, 1, 2906
13340, 9557, 71.64, 72, 48.65, 1, 2906
13341, 9558, 71.64, 72, 48.65, 1, 2906
13342, 9558, 71.64, 72, 48.65, 1, 2907
13343, 9559, 71.64, 72, 48.65, 1, 2907
13344, 9560, 71.64, 72, 48.65, 1, 2907
13345, 9561, 71.64, 72, 48.65, 1, 2907
13346, 9562, 71.65, 72, 48.65, 1, 2907
13347, 9562, 71.64, 72, 48.65, 1, 2908
13348, 9563, 71.64, 72, 48.65, 1, 2908
13349, 9564, 71.65, 72, 48.65, 1, 2908
13350, 9565, 71.65, 72, 48.65, 1, 2908
13351, 9566, 71.65, 72, 48.65, 1, 2908
13352, 9567, 71.65, 72, 48.65, 1, 2908
13353, 9567, 71.65, 72, 48.65, 1, 2909
13354, 9568, 71.65, 72, 48.65, 1, 2909
13355, 9569, 71.65, 72, 48.65, 1, 2909
13356, 9570, 71.65, 72, 48.65, 1, 2909
13357, 9571, 71.66, 72, 48.65, 1, 2909
13358, 9572, 71.66, 72, 48.65, 1, 2909
13359, 9572, 71.65, 72, 48.65, 1, 2909
13360, 9573, 71.65, 72, 48.65, 1, 2909
13361, 9574, 71.66, 72, 48.65, 1, 2909
13362, 9575, 71.66, 72, 48.65, 1, 2909
13363, 9576, 71.66, 72, 48.65, 1, 2909
13364, 9577, 71.66, 72, 48.65, 1, 2909
13365, 9577, 71.66, 72, 48.65, 1, 2909
13366, 9578, 71.66, 72, 48.65, 1, 2909
13367, 9579, 71.66, 72, 48.65, 1, 2909
13368, 9579, 71.66, 72, 48.65, 1, 2910
13369, 9580, 71.66, 72, 48.65, 1, 2910
13370, 9580, 71.65, 72, 48.65, 1, 2911
13371, 9581, 71.66, 72, 48.65, 1, 2911
13372, 9582, 71.66, 72, 48.65, 1, 2911
13373, 9583, 71.66, 72, 48.65, 1, 2911
13374, 9584, 71.66, 72, 48.65, 1, 2911
13375, 9585, 71.66, 72, 48.65, 1, 2911
13376, 9585, 71.66, 72, 48.65, 1, 2912
13377, 9585, 71.65, 72, 48.65, 1, 2913
13378, 9586, 71.65, 72, 48.65, 1, 2913
13379, 9587, 71.66, 72, 48.65, 1, 2913
13380, 9588, 71.66, 72, 48.65, 1, 2913
13381, 9589, 71.66, 72, 48.65, 1, 2913
13382, 9589, 71.66, 72, 48.65, 1, 2914
13383, 9590, 71.66, 72, 48.65, 1, 2914
13384, 9591, 71.66, 72, 48.65, 1, 2914
13385, 9591, 71.65, 72, 48.65, 1, 2914
13386, 9592, 71.66, 72, 48.65, 1, 2914
13387, 9593, 71.66, 72, 48.65, 1, 2914
13388, 9594, 71.66, 72, 48.65, 1, 2914
13389, 9595, 71.66, 72, 48.65, 1, 2914
13390, 9596, 71.67, 72, 48.65, 1, 2914
13391, 9597, 71.67, 72, 48.65, 1, 2914
13392, 9598, 71.67, 72, 48.65, 1, 2914
13393, 9599, 71.67, 72, 48.65, 1, 2914
13394, 9600, 71.67, 72, 48.65, 1, 2914
13395, 9601, 71.68, 72, 48.65, 1, 2914
13396, 9602, 71.68, 72, 48.65, 1, 2914
13397, 9602, 71.67, 72, 48.65, 1, 2915
13398, 9603, 71.67, 72, 48.65, 1, 2915
13399, 9604, 71.68, 72, 48.65, 1, 2915
13400, 9605, 71.68, 72, 48.65, 1, 2915
13401, 9606, 71.68, 72, 48.65, 1, 2915
13402, 9607, 71.68, 72, 48.65, 1, 2915
13403, 9608, 71.69, 72, 48.65, 1, 2915
13404, 9609, 71.69, 72, 48.65, 1, 2915
13405, 9610, 71.69, 72, 48.65, 1, 2915
13406, 9611, 71.69, 72, 48.65, 1, 2915
13407, 9611, 71.69, 72, 48.65, 1, 2916
13408, 9612, 71.69, 72, 48.65, 1, 2916
13409, 9613, 71.69, 72, 48.65, 1, 2916
13410, 9614, 71.69, 72, 48.65, 1, 2916
13411, 9614, 71.69, 72, 48.65, 1, 2916
13412, 9615, 71.69, 72, 48.65, 1, 2916
13413, 9616, 71.69, 72, 48.65, 1, 2916
13414, 9617, 71.69, 72, 48.65, 1, 2916
13415, 9618, 71.70, 72, 48.65, 1, 2916
13416, 9619, 71.70, 72, 48.65, 1, 2916
13417, 9620, 71.70, 72, 48.65, 1, 2916
13418, 9621, 71.70, 72, 48.65, 1, 2916
13419, 9621, 71.70, 72, 48.65, 1, 2916
13420, 9621, 71.69, 72, 48.65, 1, 2917
13421, 9622, 71.69, 72, 48.65, 1, 2917
13422, 9623, 71.70, 72, 48.65, 1, 2917
13423, 9624, 71.70, 72, 48.65, 1, 2917
13424, 9625, 71.70, 72, 48.65, 1, 2917
13425, 9625, 71.69, 72, 48.65, 1, 2918
13426, 9625, 71.69, 72, 48.65, 1, 2919
13427, 9626, 71.69, 72, 48.65, 1, 2919
13428, 9626, 71.69, 72, 48.65, 1, 2919
13429, 9626, 71.68, 72, 48.65, 1, 2920
13430, 9627, 71.68, 72, 48.65, 1, 2920
13431, 9627, 71.68, 72, 48.65, 1, 2921
13432, 9628, 71.68, 72, 48.65, 1, 2921
13433, 9629, 71.68, 72, 48.65, 1, 2921
13434, 9630, 71.68, 72, 48.65, 1, 2921
13435, 9630, 71.68, 72, 48.65, 1, 2922
13436, 9630, 71.67, 72, 48.65, 1, 2923
13437, 9631, 71.68, 72, 48.65, 1, 2923
13438, 9632, 71.68, 72, 48.65, 1, 2923
13439, 9632, 71.67, 72, 48.65, 1, 2923
13440, 9633, 71.67, 72, 48.65, 1, 2923
13441, 9634, 71.68, 72, 48.65, 1, 2923
13442, 9635, 71.68, 72, 48.65, 1, 2923
13443, 9636, 71.68, 72, 48.65, 1, 2923
13444, 9636, 71.68, 72, 48.65, 1, 2924
13445, 9637, 71.68, 72, 48.65, 1, 2924
13446, 9638, 71.68, 72, 48.65, 1, 2924
13447, 9639, 71.68, 72, 48.65, 1, 2924
13448, 9639, 71.68, 72, 48.65, 1, 2925
13449, 9640, 71.68, 72, 48.65, 1, 2925
13450, 9641, 71.68, 72, 48.65, 1, 2925
13451, 9642, 71.68, 72, 48.65, 1, 2925
13452, 9643, 71.68, 72, 48.65, 1, 2925
13453, 9643, 71.68, 72, 48.65, 1, 2925
13454, 9644, 71.68, 72, 48.65, 1, 2925
13455, 9645, 71.68, 72, 48.65, 1, 2925
13456, 9646, 71.69, 72, 48.65, 1, 2925
13457, 9646, 71.68, 72, 48.65, 1, 2926
13458, 9647, 71.68, 72, 48.65, 1, 2926
13459, 9648, 71.68, 72, 48.65, 1, 2926
13460, 9648, 71.68, 72, 48.65, 1, 2927
13461, 9649, 71.68, 72, 48.65, 1, 2927
13462, 9650, 71.68, 72, 48.65, 1, 2927
13463, 9651, 71.69, 72, 48.65, 1, 2927
13464, 9652, 71.69, 72, 48.65, 1, 2927
13465, 9653, 71.69, 72, 48.65, 1, 2927
13466, 9654, 71.69, 72, 48.65, 1, 2927
13467, 9655, 71.69, 72, 48.65, 1, 2927
13468, 9656, 71.70, 72, 48.65, 1, 2927
13469, 9657, 71.70, 72, 48.65, 1, 2927
13470, 9657, 71.69, 72, 48.65, 1, 2927
13471, 9658, 71.69, 72, 48.65, 1, 2927
13472, 9659, 71.70, 72, 48.65, 1, 2927
13473, 9660, 71.70, 72, 48.65, 1, 2927
13474, 9661, 71.70, 72, 48.65, 1, 2927
13475, 9662, 71.70, 72, 48.65, 1, 2927
13476, 9663, 71.71, 72, 48.65, 1, 2927
13477, 9664, 71.71, 72, 48.65, 1, 2927
13478, 9665, 71.71, 72, 48.65, 1, 2927
13479, 9666, 71.71, 72, 48.65, 1, 2927
13480, 9667, 71.71, 72, 48.65, 1, 2927
13481, 9668, 71.72, 72, 48.65, 1, 2927
13482, 9669, 71.72, 72, 48.65, 1, 2927
13483, 9669, 71.71, 72, 48.65, 1, 2928
13484, 9669, 71.71, 72, 48.65, 1, 2929
13485, 9670, 71.71, 72, 48.65, 1, 2929
13486, 9671, 71.71, 72, 48.65, 1, 2929
13487, 9672, 71.71, 72, 48.65, 1, 2929
13488, 9673, 71.72, 72, 48.65, 1, 2929
13489, 9674, 71.72, 72, 48.65, 1, 2929
13490, 9674, 71.71, 72, 48.65, 1, 2930
13491, 9675, 71.71, 72, 48.65, 1, 2930
13492, 9675, 71.71, 72, 48.65, 1, 2930
13493, 9676, 71.71, 72, 48.65, 1, 2930
13494, 9676, 71.71, 72, 48.65, 1, 2930
13495, 9676, 71.70, 72, 48.65, 1, 2931
13496, 9677, 71.70, 72, 48.65, 1, 2931
13497, 9678, 71.70, 72, 48.65, 1, 2931
13498, 9679, 71.71, 72, 48.65, 1, 2931
13499, 9680, 71.71, 72, 48.65, 1, 2931
13500, 9681, 71.71, 72, 48.65, 1, 2931
13501, 9682, 71.71, 72, 48.65, 1, 2931
13502, 9682, 71.71, 72, 48.65, 1, 2931
13503, 9683, 71.71, 72, 48.65, 1, 2931
13504, 9684, 71.71, 72, 48.65, 1, 2931
13505, 9685, 71.71, 72, 48.65, 1, 2931
13506, 9686, 71.72, 72, 48.65, 1, 2931
13507, 9686, 71.71, 72, 48.65, 1, 2932
13508, 9686, 71.71, 72, 48.65, 1, 2933
13509, 9686, 71.70, 72, 48.65, 1, 2934
13510, 9687, 71.70, 72, 48.65, 1, 2934
13511, 9688, 71.70, 72, 48.65, 1, 2934
13512, 9689, 71.71, 72, 48.65, 1, 2934
13513, 9690, 71.71, 72, 48.65, 1, 2934
13514, 9691, 71.71, 72, 48.65, 1, 2934
13515, 9692, 71.71, 72, 48.65, 1, 2934
13516, 9692, 71.71, 72, 48.65, 1, 2935
13517, 9692, 71.70, 72, 48.65, 1, 2936
13518, 9693, 71.70, 72, 48.65, 1, 2936
13519, 9694, 71.71, 72, 48.65, 1, 2936
13520, 9694, 71.70, 72, 48.65, 1, 2937
13521, 9695, 71.70, 72, 48.65, 1, 2937
13522, 9696, 71.71, 72, 48.65, 1, 2937
13523, 9697, 71.71, 72, 48.65, 1, 2937
13524, 9697, 71.70, 72, 48.65, 1, 2938
13525, 9697, 71.70, 72, 48.65, 1, 2939
13526, 9697, 71.69, 72, 48.65, 1, 2939
13527, 9698, 71.69, 72, 48.65, 1, 2939
13528, 9698, 71.69, 72, 48.65, 1, 2939
13529, 9699, 71.69, 72, 48.65, 1, 2939
13530, 9700, 71.69, 72, 48.65, 1, 2939
13531, 9700, 71.69, 72, 48.65, 1, 2940
13532, 9701, 71.69, 72, 48.65, 1, 2940
13533, 9702, 71.69, 72, 48.65, 1, 2940
13534, 9702, 71.69, 72, 48.65, 1, 2941
13535, 9703, 71.69, 72, 48.65, 1, 2941
13536, 9703, 71.68, 72, 48.65, 1, 2942
13537, 9704, 71.69, 72, 48.65, 1, 2942
13538, 9705, 71.69, 72, 48.65, 1, 2942
13539, 9705, 71.68, 72, 48.65, 1, 2942
13540, 9706, 71.68, 72, 48.65, 1, 2942
13541, 9707, 71.69, 72, 48.65, 1, 2942
13542, 9707, 71.68, 72, 48.65, 1, 2942
13543, 9708, 71.68, 72, 48.65, 1, 2942
13544, 9708, 71.68, 72, 48.65, 1, 2942
13545, 9709, 71.68, 72, 48.65, 1, 2942
13546, 9710, 71.68, 72, 48.65, 1, 2942
13547, 9710, 71.68, 72, 48.65, 1, 2943
13548, 9710, 71.67, 72, 48.65, 1, 2944
13549, 9711, 71.67, 72, 48.65, 1, 2944
13550, 9712, 71.68, 72, 48.65, 1, 2944
13551, 9713, 71.68, 72, 48.65, 1, 2944
13552, 9714, 71.68, 72, 48.65, 1, 2944
13553, 9715, 71.68, 72, 48.65, 1, 2944
13554, 9715, 71.68, 72, 48.65, 1, 2945
13555, 9715, 71.67, 72, 48.65, 1, 2946
13556, 9716, 71.67, 72, 48.65, 1, 2946
13557, 9717, 71.68, 72, 48.65, 1, 2946
13558, 9717, 71.67, 72, 48.65, 1, 2947
13559, 9718, 71.67, 72, 48.65, 1, 2947
13560, 9718, 71.67, 72, 48.65, 1, 2947
13561, 9719, 71.67, 72, 48.65, 1, 2947
13562, 9719, 71.66, 72, 48.65, 1, 2947
13563, 9720, 71.67, 72, 48.65, 1, 2947
13564, 9720, 71.66, 72, 48.65, 1, 2947
13565, 9721, 71.66, 72, 48.65, 1, 2947
13566, 9721, 71.66, 72, 48.65, 1, 2947
13567, 9721, 71.65, 72, 48.65, 1, 2947
13568, 9722, 71.65, 72, 48.65, 1, 2947
13569, 9723, 71.66, 72, 48.65, 1, 2947
13570, 9724, 71.66, 72, 48.65, 1, 2947
13571, 9725, 71.66, 72, 48.65, 1, 2947
13572, 9726, 71.66, 72, 48.65, 1, 2947
13573, 9726, 71.66, 72, 48.65, 1, 2947
13574, 9727, 71.66, 72, 48.65, 1, 2947
13575, 9727, 71.65, 72, 48.65, 1, 2947
13576, 9728, 71.66, 72, 48.65, 1, 2947
13577, 9729, 71.66, 72, 48.65, 1, 2947
13578, 9729, 71.65, 72, 48.65, 1, 2947
13579, 9730, 71.65, 72, 48.65, 1, 2947
13580, 9731, 71.66, 72, 48.65, 1, 2947
13581, 9732, 71.66, 72, 48.65, 1, 2947
13582, 9733, 71.66, 72, 48.65, 1, 2947
13583, 9733, 71.66, 72, 48.65, 1, 2947
13584, 9734, 71.66, 72, 48.65, 1, 2947
13585, 9734, 71.65, 72, 48.65, 1, 2947
13586, 9734, 71.65, 72, 48.65, 1, 2948
13587, 9734, 71.64, 72, 48.65, 1, 2949
13588, 9734, 71.64, 72, 48.65, 1, 2950
13589, 9735, 71.64, 72, 48.65, 1, 2950
13590, 9735, 71.63, 72, 48.65, 1, 2951
13591, 9736, 71.64, 72, 48.65, 1, 2951
13592, 9737, 71.64, 72, 48.65, 1, 2951
13593, 9738, 71.64, 72, 48.65, 1, 2951
13594, 9739, 71.64, 72, 48.65, 1, 2951
13595, 9739, 71.64, 72, 48.65, 1, 2952
13596, 9740, 71.64, 72, 48.65, 1, 2952
13597, 9741, 71.64, 72, 48.65, 1, 2952
13598, 9741, 71.64, 72, 48.65, 1, 2953
13599, 9741, 71.63, 72, 48.65, 1, 2953
13600, 9742, 71.63, 72, 48.65, 1, 2953
13601, 9742, 71.63, 72, 48.65, 1, 2953
13602, 9742, 71.62, 72, 48.65, 1, 2953
13603, 9742, 71.62, 72, 48.65, 1, 2953
13604, 9743, 71.62, 72, 48.65, 1, 2953
13605, 9744, 71.62, 72, 48.65, 1, 2953
13606, 9745, 71.62, 72, 48.65, 1, 2953
13607, 9746, 71.62, 72, 48.65, 1, 2953
13608, 9747, 71.63, 72, 48.65, 1, 2953
13609, 9747, 71.62, 72, 48.65, 1, 2953
13610, 9748, 71.62, 72, 48.65, 1, 2953
13611, 9748, 71.62, 72, 48.65, 1, 2953
13612, 9749, 71.62, 72, 48.65, 1, 2953
13613, 9750, 71.62, 72, 48.65, 1, 2953
13614, 9751, 71.62, 72, 48.65, 1, 2953
13615, 9751, 71.62, 72, 48.65, 1, 2954
13616, 9752, 71.62, 72, 48.65, 1, 2954
13617, 9753, 71.62, 72, 48.65, 1, 2954
13618, 9754, 71.63, 72, 48.65, 1, 2954
13619, 9755, 71.63, 72, 48.65, 1, 2954
13620, 9755, 71.62, 72, 48.65, 1, 2955
13621, 9756, 71.62, 72, 48.65, 1, 2955
13622, 9757, 71.63, 72, 48.65, 1, 2955
13623, 9758, 71.63, 72, 48.65, 1, 2955
13624, 9759, 71.63, 72, 48.65, 1, 2955
13625, 9760, 71.63, 72, 48.65, 1, 2955
13626, 9761, 71.64, 72, 48.65, 1, 2955
13627, 9762, 71.64, 72, 48.65, 1, 2955
13628, 9762, 71.63, 72, 48.65, 1, 2955
13629, 9763, 71.63, 72, 48.65, 1, 2955
13630, 9764, 71.64, 72, 48.65, 1, 2955
13631, 9765, 71.64, 72, 48.65, 1, 2955
13632, 9765, 71.63, 72, 48.65, 1, 2956
13633, 9766, 71.64, 72, 48.65, 1, 2956
13634, 9766, 71.63, 72, 48.65, 1, 2957
13635, 9767, 71.63, 72, 48.65, 1, 2957
13636, 9768, 71.63, 72, 48.65, 1, 2957
13637, 9769, 71.64, 72, 48.65, 1, 2957
13638, 9769, 71.63, 72, 48.65, 1, 2957
13639, 9770, 71.63, 72, 48.65, 1, 2957
13640, 9770, 71.63, 72, 48.65, 1, 2958
13641, 9771, 71.63, 72, 48.65, 1, 2958
13642, 9772, 71.63, 72, 48.65, 1, 2958
13643, 9773, 71.63, 72, 48.65, 1, 2958
13644, 9774, 71.64, 72, 48.65, 1, 2958
13645, 9775, 71.64, 72, 48.65, 1, 2958
13646, 9776, 71.64, 72, 48.65, 1, 2958
13647, 9777, 71.64, 72, 48.65, 1, 2958
13648, 9778, 71.64, 72, 48.65, 1, 2958
13649, 9779, 71.65, 72, 48.65, 1, 2958
13650, 9780, 71.65, 72, 48.65, 1, 2958
13651, 9780, 71.64, 72, 48.65, 1, 2959
13652, 9781, 71.65, 72, 48.65, 1, 2959
13653, 9782, 71.65, 72, 48.65, 1, 2959
13654, 9782, 71.64, 72, 48.65, 1, 2959
13655, 9782, 71.64, 72, 48.65, 1, 2960
13656, 9783, 71.64, 72, 48.65, 1, 2960
13657, 9784, 71.64, 72, 48.65, 1, 2960
13658, 9784, 71.64, 72, 48.65, 1, 2961
13659, 9785, 71.64, 72, 48.65, 1, 2961
13660, 9786, 71.64, 72, 48.65, 1, 2961
13661, 9787, 71.64, 72, 48.65, 1, 2961
13662, 9788, 71.64, 72, 48.65, 1, 2961
13663, 9789, 71.65, 72, 48.65, 1, 2961
13664, 9790, 71.65, 72, 48.65, 1, 2961
13665, 9790, 71.64, 72, 48.65, 1, 2962
13666, 9790, 71.64, 72, 48.65, 1, 2963
13667, 9790, 71.63, 72, 48.65, 1, 2964
13668, 9791, 71.63, 72, 48.65, 1, 2964
13669, 9792, 71.64, 72, 48.65, 1, 2964
13670, 9793, 71.64, 72, 48.65, 1, 2964
13671, 9794, 71.64, 72, 48.65, 1, 2964
13672, 9794, 71.64, 72, 48.65, 1, 2965
13673, 9795, 71.64, 72, 48.65, 1, 2965
13674, 9796, 71.64, 72, 48.65, 1, 2965
13675, 9796, 71.63, 72, 48.65, 1, 2966
13676, 9797, 71.64, 72, 48.65, 1, 2966
13677, 9798, 71.64, 72, 48.65, 1, 2966
13678, 9798, 71.63, 72, 48.65, 1, 2967
13679, 9799, 71.64, 72, 48.65, 1, 2967
13680, 9800, 71.64, 72, 48.65, 1, 2967
13681, 9801, 71.64, 72, 48.65, 1, 2967
13682, 9801, 71.63, 72, 48.65, 1, 2968
13683, 9802, 71.64, 72, 48.65, 1, 2968
13684, 9803, 71.64, 72, 48.65, 1, 2968
13685, 9804, 71.64, 72, 48.65, 1, 2968
13686, 9805, 71.64, 72, 48.65, 1, 2968
13687, 9805, 71.64, 72, 48.65, 1, 2968
13688, 9805, 71.63, 72, 48.65, 1, 2969
13689, 9806, 71.63, 72, 48.65, 1, 2969
13690, 9806, 71.63, 72, 48.65, 1, 2970
13691, 9807, 71.63, 72, 48.65, 1, 2970
13692, 9808, 71.63, 72, 48.65, 1, 2970
13693, 9809, 71.64, 72, 48.65, 1, 2970
13694, 9809, 71.63, 72, 48.65, 1, 2971
13695, 9810, 71.63, 72, 48.65, 1, 2971
13696, 9810, 71.63, 72, 48.65, 1, 2972
13697, 9810, 71.62, 72, 48.65, 1, 2973
13698, 9810, 71.62, 72, 48.65, 1, 2974
13699, 9811, 71.62, 72, 48.65, 1, 2974
13700, 9811, 71.61, 72, 48.65, 1, 2975
13701, 9812, 71.62, 72, 48.65, 1, 2975
13702, 9813, 71.62, 72, 48.65, 1, 2975
13703, 9814, 71.62, 72, 48.65, 1, 2975
13704, 9815, 71.62, 72, 48.65, 1, 2975
13705, 9816, 71.62, 72, 48.65, 1, 2975
13706, 9817, 71.63, 72, 48.65, 1, 2975
13707, 9817, 71.62, 72, 48.65, 1, 2976
13708, 9818, 71.62, 72, 48.65, 1, 2976
13709, 9819, 71.62, 72, 48.65, 1, 2976
13710, 9819, 71.62, 72, 48.65, 1, 2977
13711, 9820, 71.62, 72, 48.65, 1, 2977
13712, 9820, 71.62, 72, 48.65, 1, 2978
13713, 9821, 71.62, 72, 48.65, 1, 2978
13714, 9822, 71.62, 72, 48.65, 1, 2978
13715, 9822, 71.62, 72, 48.65, 1, 2979
13716, 9822, 71.61, 72, 48.65, 1, 2980
13717, 9823, 71.61, 72, 48.65, 1, 2980
13718, 9824, 71.61, 72, 48.65, 1, 2980
13719, 9825, 71.62, 72, 48.65, 1, 2980
13720, 9826, 71.62, 72, 48.65, 1, 2980
13721, 9826, 71.61, 72, 48.65, 1, 2980
13722, 9827, 71.61, 72, 48.65, 1, 2980
13723, 9828, 71.62, 72, 48.65, 1, 2980
13724, 9829, 71.62, 72, 48.65, 1, 2980
13725, 9830, 71.62, 72, 48.65, 1, 2980
13726, 9831, 71.62, 72, 48.65, 1, 2980
13727, 9832, 71.63, 72, 48.65, 1, 2980
13728, 9833, 71.63, 72, 48.65, 1, 2980
13729, 9834, 71.63, 72, 48.65, 1, 2980
13730, 9835, 71.63, 72, 48.65, 1, 2980
13731, 9836, 71.63, 72, 48.65, 1, 2980
13732, 9836, 71.63, 72, 48.65, 1, 2980
13733, 9836, 71.62, 72, 48.65, 1, 2980
13734, 9836, 71.62, 72, 48.65, 1, 2980
13735, 9836, 71.61, 72, 48.65, 1, 2980
13736, 9836, 71.61, 72, 48.65, 1, 2980
13737, 9837, 71.61, 72, 48.65, 1, 2980
13738, 9838, 71.61, 72, 48.65, 1, 2980
13739, 9839, 71.61, 72, 48.65, 1, 2980
13740, 9839, 71.61, 72, 48.65, 1, 2980
13741, 9840, 71.61, 72, 48.65, 1, 2980
13742, 9841, 71.61, 72, 48.65, 1, 2980
13743, 9842, 71.61, 72, 48.65, 1, 2980
13744, 9843, 71.62, 72, 48.65, 1, 2980
13745, 9844, 71.62, 72, 48.65, 1, 2980
13746, 9845, 71.62, 72, 48.65, 1, 2980
13747, 9845, 71.62, 72, 48.65, 1, 2981
13748, 9846, 71.62, 72, 48.65, 1, 2981
13749, 9847, 71.62, 72, 48.65, 1, 2981
13750, 9848, 71.62, 72, 48.65, 1, 2981
13751, 9849, 71.62, 72, 48.65, 1, 2981
13752, 9850, 71.63, 72, 48.65, 1, 2981
13753, 9850, 71.62, 72, 48.65, 1, 2982
13754, 9850, 71.62, 72, 48.65, 1, 2983
13755, 9851, 71.62, 72, 48.65, 1, 2983
13756, 9852, 71.62, 72, 48.65, 1, 2983
13757, 9852, 71.61, 72, 48.65, 1, 2984
13758, 9853, 71.62, 72, 48.65, 1, 2984
13759, 9853, 71.61, 72, 48.65, 1, 2984
13760, 9854, 71.61, 72, 48.65, 1, 2984
13761, 9855, 71.62, 72, 48.65, 1, 2984
13762, 9856, 71.62, 72, 48.65, 1, 2984
13763, 9857, 71.62, 72, 48.65, 1, 2984
13764, 9858, 71.62, 72, 48.65, 1, 2984
13765, 9859, 71.62, 72, 48.65, 1, 2984
13766, 9860, 71.63, 72, 48.65, 1, 2984
13767, 9861, 71.63, 72, 48.65, 1, 2984
13768, 9862, 71.63, 72, 48.65, 1, 2984
13769, 9863, 71.63, 72, 48.65, 1, 2984
13770, 9864, 71.63, 72, 48.65, 1, 2984
13771, 9864, 71.63, 72, 48.65, 1, 2985
13772, 9864, 71.62, 72, 48.65, 1, 2986
13773, 9864, 71.62, 72, 48.65, 1, 2986
13774, 9865, 71.62, 72, 48.65, 1, 2986
13775, 9865, 71.62, 72, 48.65, 1, 2986
13776, 9866, 71.62, 72, 48.65, 1, 2986
13777, 9866, 71.61, 72, 48.65, 1, 2986
13778, 9867, 71.61, 72, 48.65, 1, 2986
13779, 9868, 71.62, 72, 48.65, 1, 2986
13780, 9868, 71.61, 72, 48.65, 1, 2987
13781, 9869, 71.61, 72, 48.65, 1, 2987
13782, 9870, 71.62, 72, 48.65, 1, 2987
13783, 9871, 71.62, 72, 48.65, 1, 2987
13784, 9871, 71.61, 72, 48.65, 1, 2988
13785, 9872, 71.61, 72, 48.65, 1, 2988
13786, 9873, 71.62, 72, 48.65, 1, 2988
13787, 9874, 71.62, 72, 48.65, 1, 2988
13788, 9875, 71.62, 72, 48.65, 1, 2988
13789, 9876, 71.62, 72, 48.65, 1, 2988
13790, 9877, 71.62, 72, 48.65, 1, 2988
13791, 9878, 71.63, 72, 48.65, 1, 2988
13792, 9879, 71.63, 72, 48.65, 1, 2988
13793, 9880, 71.63, 72, 48.65, 1, 2988
13794, 9881, 71.63, 72, 48.65, 1, 2988
13795, 9882, 71.63, 72, 48.65, 1, 2988
13796, 9883, 71.64, 72, 48.65, 1, 2988
13797, 9883, 71.63, 72, 48.65, 1, 2989
13798, 9884, 71.63, 72, 48.65, 1, 2989
13799, 9884, 71.63, 72, 48.65, 1, 2990
13800, 9884, 71.62, 72, 48.65, 1, 2990
13801, 9885, 71.63, 72, 48.65, 1, 2990
13802, 9886, 71.63, 72, 48.65, 1, 2990
13803, 9887, 71.63, 72, 48.65, 1, 2990
13804, 9888, 71.63, 72, 48.65, 1, 2990
13805, 9889, 71.63, 72, 48.65, 1, 2990
13806, 9889, 71.63, 72, 48.65, 1, 2990
13807, 9890, 71.63, 72, 48.65, 1, 2990
13808, 9891, 71.63, 72, 48.65, 1, 2990
13809, 9892, 71.63, 72, 48.65, 1, 2990
13810, 9892, 71.63, 72, 48.65, 1, 2991
13811, 9893, 71.63, 72, 48.65, 1, 2991
13812, 9893, 71.63, 72, 48.65, 1, 2992
13813, 9894, 71.63, 72, 48.65, 1, 2992
13814, 9895, 71.63, 72, 48.65, 1, 2992
13815, 9896, 71.63, 72, 48.65, 1, 2992
13816, 9897, 71.63, 72, 48.65, 1, 2992
13817, 9898, 71.64, 72, 48.65, 1, 2992
13818, 9899, 71.64, 72, 48.65, 1, 2992
13819, 9900, 71.64, 72, 48.65, 1, 2992
13820, 9900, 71.64, 72, 48.65, 1, 2993
13821, 9901, 71.64, 72, 48.65, 1, 2993
13822, 9902, 71.64, 72, 48.65, 1, 2993
13823, 9903, 71.64, 72, 48.65, 1, 2993
13824, 9904, 71.64, 72, 48.65, 1, 2993
13825, 9904, 71.64, 72, 48.65, 1, 2994
13826, 9905, 71.64, 72, 48.65, 1, 2994
13827, 9905, 71.64, 72, 48.65, 1, 2995
13828, 9906, 71.64, 72, 48.65, 1, 2995
13829, 9907, 71.64, 72, 48.65, 1, 2995
13830, 9908, 71.64, 72, 48.65, 1, 2995
13831, 9908, 71.64, 72, 48.65, 1, 2996
13832, 9908, 71.63, 72, 48.65, 1, 2996
13833, 9909, 71.63, 72, 48.65, 1, 2996
13834, 9910, 71.64, 72, 48.65, 1, 2996
13835, 9911, 71.64, 72, 48.65, 1, 2996
13836, 9912, 71.64, 72, 48.65, 1, 2996
13837, 9913, 71.64, 72, 48.65, 1, 2996
13838, 9914, 71.64, 72, 48.65, 1, 2996
13839, 9915, 71.65, 72, 48.65, 1, 2996
13840, 9916, 71.65, 72, 48.65, 1, 2996
13841, 9917, 71.65, 72, 48.65, 1, 2996
13842, 9917, 71.64, 72, 48.65, 1, 2996
13843, 9918, 71.65, 72, 48.65, 1, 2996
13844, 9918, 71.64, 72, 48.65, 1, 2996
13845, 9919, 71.64, 72, 48.65, 1, 2996
13846, 9920, 71.65, 72, 48.65, 1, 2996
13847, 9920, 71.64, 72, 48.65, 1, 2996
13848, 9921, 71.64, 72, 48.65, 1, 2996
13849, 9922, 71.64, 72, 48.65, 1, 2996
13850, 9923, 71.65, 72, 48.65, 1, 2996
13851, 9923, 71.64, 72, 48.65, 1, 2997
13852, 9924, 71.64, 72, 48.65, 1, 2997
13853, 9925, 71.65, 72, 48.65, 1, 2997
13854, 9926, 71.65, 72, 48.65, 1, 2997
13855, 9926, 71.64, 72, 48.65, 1, 2998
13856, 9927, 71.64, 72, 48.65, 1, 2998
13857, 9928, 71.65, 72, 48.65, 1, 2998
13858, 9928, 71.64, 72, 48.65, 1, 2999
13859, 9929, 71.64, 72, 48.65, 1, 2999
13860, 9929, 71.64, 72, 48.65, 1, 3000
13861, 9930, 71.64, 72, 48.65, 1, 3000
13862, 9931, 71.64, 72, 48.65, 1, 3000
13863, 9932, 71.64, 72, 48.65, 1, 3000
13864, 9932, 71.64, 72, 48.65, 1, 3001
13865, 9932, 71.63, 72, 48.65, 1, 3002
13866, 9933, 71.64, 72, 48.65, 1, 3002
13867, 9933, 71.63, 72, 48.65, 1, 3003
13868, 9933, 71.63, 72, 48.65, 1, 3004
13869, 9933, 71.62, 72, 48.65, 1, 3005
13870, 9934, 71.62, 72, 48.65, 1, 3005
13871, 9934, 71.62, 72, 48.65, 1, 3005
13872, 9934, 71.61, 72, 48.65, 1, 3005
13873, 9935, 71.61, 72, 48.65, 1, 3005
13874, 9936, 71.62, 72, 48.65, 1, 3005
13875, 9937, 71.62, 72, 48.65, 1, 3005
13876, 9937, 71.61, 72, 48.65, 1, 3006
13877, 9938, 71.61, 72, 48.65, 1, 3006
13878, 9938, 71.61, 72, 48.65, 1, 3007
13879, 9939, 71.61, 72, 48.65, 1, 3007
13880, 9940, 71.61, 72, 48.65, 1, 3007
13881, 9941, 71.62, 72, 48.65, 1, 3007
13882, 9942, 71.62, 72, 48.65, 1, 3007
13883, 9942, 71.61, 72, 48.65, 1, 3008
13884, 9942, 71.61, 72, 48.65, 1, 3008
13885, 9943, 71.61, 72, 48.65, 1, 3008
13886, 9944, 71.61, 72, 48.65, 1, 3008
13887, 9945, 71.61, 72, 48.65, 1, 3008
13888, 9946, 71.62, 72, 48.65, 1, 3008
13889, 9947, 71.62, 72, 48.65, 1, 3008
13890, 9948, 71.62, 72, 48.65, 1, 3008
13891, 9949, 71.62, 72, 48.65, 1, 3008
13892, 9950, 71.62, 72, 48.65, 1, 3008
13893, 9951, 71.63, 72, 48.65, 1, 3008
13894, 9952, 71.63, 72, 48.65, 1, 3008
13895, 9952, 71.62, 72, 48.65, 1, 3009
13896, 9953, 71.62, 72, 48.65, 1, 3009
13897, 9953, 71.62, 72, 48.65, 1, 3010
13898, 9954, 71.62, 72, 48.65, 1, 3010
13899, 9955, 71.62, 72, 48.65, 1, 3010
13900, 9956, 71.63, 72, 48.65, 1, 3010
13901, 9956, 71.62, 72, 48.65, 1, 3011
13902, 9957, 71.62, 72, 48.65, 1, 3011
13903, 9958, 71.62, 72, 48.65, 1, 3011
13904, 9959, 71.63, 72, 48.65, 1, 3011
13905, 9960, 71.63, 72, 48.65, 1, 3011
13906, 9961, 71.63, 72, 48.65, 1, 3011
13907, 9962, 71.63, 72, 48.65, 1, 3011
13908, 9963, 71.64, 72, 48.65, 1, 3011
13909, 9963, 71.63, 72, 48.65, 1, 3012
13910, 9964, 71.63, 72, 48.65, 1, 3012
13911, 9965, 71.63, 72, 48.65, 1, 3012
13912, 9965, 71.63, 72, 48.65, 1, 3013
13913, 9966, 71.63, 72, 48.65, 1, 3013
13914, 9967, 71.63, 72, 48.65, 1, 3013
13915, 9968, 71.63, 72, 48.65, 1, 3013
13916, 9969, 71.64, 72, 48.65, 1, 3013
13917, 9969, 71.63, 72, 48.65, 1, 3013
13918, 9970, 71.63, 72, 48.65, 1, 3013
13919, 9971, 71.64, 72, 48.65, 1, 3013
13920, 9971, 71.63, 72, 48.65, 1, 3013
13921, 9971, 71.63, 72, 48.65, 1, 3014
13922, 9972, 71.63, 72, 48.65, 1, 3014
13923, 9973, 71.63, 72, 48.65, 1, 3014
13924, 9973, 71.62, 72, 48.65, 1, 3015
13925, 9974, 71.63, 72, 48.65, 1, 3015
13926, 9975, 71.63, 72, 48.65, 1, 3015
13927, 9976, 71.63, 72, 48.65, 1, 3015
13928, 9977, 71.63, 72, 48.65, 1, 3015
13929, 9978, 71.63, 72, 48.65, 1, 3015
13930, 9978, 71.63, 72, 48.65, 1, 3015
13931, 9979, 71.63, 72, 48.65, 1, 3015
13932, 9980, 71.63, 72, 48.65, 1, 3015
13933, 9981, 71.64, 72, 48.65, 1, 3015
13934, 9982, 71.64, 72, 48.65, 1, 3015
13935, 9983, 71.64, 72, 48.65, 1, 3015
13936, 9984, 71.64, 72, 48.65, 1, 3015
13937, 9985, 71.64, 72, 48.65, 1, 3015
13938, 9986, 71.65, 72, 48.65, 1, 3015
13939, 9986, 71.64, 72, 48.65, 1, 3016
13940, 9986, 71.64, 72, 48.65, 1, 3017
13941, 9987, 71.64, 72, 48.65, 1, 3017
13942, 9988, 71.64, 72, 48.65, 1, 3017
13943, 9988, 71.63, 72, 48.65, 1, 3018
13944, 9988, 71.63, 72, 48.65, 1, 3019
13945, 9988, 71.62, 72, 48.65, 1, 3020
13946, 9988, 71.62, 72, 48.65, 1, 3020
13947, 9989, 71.62, 72, 48.65, 1, 3020
13948, 9990, 71.62, 72, 48.65, 1, 3020
13949, 9991, 71.63, 72, 48.65, 1, 3020
13950, 9992, 71.63, 72, 48.65, 1, 3020
13951, 9993, 71.63, 72, 48.65, 1, 3020
13952, 9994, 71.63, 72, 48.65, 1, 3020
13953, 9994, 71.63, 72, 48.65, 1, 3021
13954, 9995, 71.63, 72, 48.65, 1, 3021
13955, 9996, 71.63, 72, 48.65, 1, 3021
13956, 9997, 71.63, 72, 48.65, 1, 3021
13957, 9998, 71.63, 72, 48.65, 1, 3021
13958, 9998, 71.63, 72, 48.65, 1, 3021
13959, 9998, 71.62, 72, 48.65, 1, 3022
13960, 9999, 71.63, 72, 48.65, 1, 3022
13961, 10000, 71.63, 72, 48.65, 1, 3022
13962, 10001, 71.63, 72, 48.65, 1, 3022
13963, 10002, 71.63, 72, 48.65, 1, 3022
13964, 10002, 71.63, 72, 48.65, 1, 3023
13965, 10003, 71.63, 72, 48.65, 1, 3023
13966, 10003, 71.62, 72, 48.65, 1, 3024
13967, 10004, 71.63, 72, 48.65, 1, 3024
13968, 10005, 71.63, 72, 48.65, 1, 3024
13969, 10006, 71.63, 72, 48.65, 1, 3024
13970, 10007, 71.63, 72, 48.65, 1, 3024
13971, 10007, 71.63, 72, 48.65, 1, 3025
13972, 10008, 71.63, 72, 48.65, 1, 3025
13973, 10009, 71.63, 72, 48.65, 1, 3025
13974, 10010, 71.63, 72, 48.65, 1, 3025
13975, 10010, 71.63, 72, 48.65, 1, 3026
13976, 10011, 71.63, 72, 48.65, 1, 3026
13977, 10012, 71.63, 72, 48.65, 1, 3026
13978, 10012, 71.63, 72, 48.65, 1, 3027
13979, 10012, 71.62, 72, 48.65, 1, 3028
13980, 10013, 71.62, 72, 48.65, 1, 3028
13981, 10014, 71.63, 72, 48.65, 1, 3028
13982, 10015, 71.63, 72, 48.65, 1, 3028
13983, 10015, 71.62, 72, 48.65, 1, 3029
13984, 10016, 71.62, 72, 48.65, 1, 3029
13985, 10017, 71.63, 72, 48.65, 1, 3029
13986, 10018, 71.63, 72, 48.65, 1, 3029
13987, 10019, 71.63, 72, 48.65, 1, 3029
13988, 10019, 71.63, 72, 48.65, 1, 3029
13989, 10019, 71.62, 72, 48.65, 1, 3030
13990, 10020, 71.62, 72, 48.65, 1, 3030
13991, 10021, 71.62, 72, 48.65, 1, 3030
13992, 10022, 71.63, 72, 48.65, 1, 3030
13993, 10023, 71.63, 72, 48.65, 1, 3030
13994, 10023, 71.62, 72, 48.65, 1, 3031
13995, 10024, 71.63, 72, 48.65, 1, 3031
13996, 10025, 71.63, 72, 48.65, 1, 3031
13997, 10026, 71.63, 72, 48.65, 1, 3031
13998, 10027, 71.63, 72, 48.65, 1, 3031
13999, 10027, 71.63, 72, 48.65, 1, 3032
14000, 10028, 71.63, 72, 48.65, 1, 3032
14001, 10029, 71.63, 72, 48.65, 1, 3032
14002, 10029, 71.63, 72, 48.65, 1, 3032
14003, 10030, 71.63, 72, 48.65, 1, 3032
14004, 10031, 71.63, 72, 48.65, 1, 3032
14005, 10031, 71.62, 72, 48.65, 1, 3032
14006, 10031, 71.62, 72, 48.65, 1, 3032
14007, 10032, 71.62, 72, 48.65, 1, 3032
14008, 10033, 71.62, 72, 48.65, 1, 3032
14009, 10034, 71.63, 72, 48.65, 1, 3032
14010, 10035, 71.63, 72, 48.65, 1, 3032
14011, 10036, 71.63, 72, 48.65, 1, 3032
14012, 10037, 71.63, 72, 48.65, 1, 3032
14013, 10038, 71.63, 72, 48.65, 1, 3032
14014, 10038, 71.63, 72, 48.65, 1, 3033
14015, 10039, 71.63, 72, 48.65, 1, 3033
14016, 10039, 71.63, 72, 48.65, 1, 3034
14017, 10040, 71.63, 72, 48.65, 1, 3034
14018, 10041, 71.63, 72, 48.65, 1, 3034
14019, 10042, 71.63, 72, 48.65, 1, 3034
14020, 10042, 71.63, 72, 48.65, 1, 3034
14021, 10043, 71.63, 72, 48.65, 1, 3034
14022, 10044, 71.63, 72, 48.65, 1, 3034
14023, 10045, 71.63, 72, 48.65, 1, 3034
14024, 10046, 71.63, 72, 48.65, 1, 3034
14025, 10047, 71.64, 72, 48.65, 1, 3034
14026, 10048, 71.64, 72, 48.65, 1, 3034
14027, 10049, 71.64, 72, 48.65, 1, 3034
14028, 10050, 71.64, 72, 48.65, 1, 3034
14029, 10051, 71.64, 72, 48.65, 1, 3034
14030, 10052, 71.65, 72, 48.65, 1, 3034
14031, 10052, 71.64, 72, 48.65, 1, 3035
14032, 10053, 71.64, 72, 48.65, 1, 3035
14033, 10054, 71.65, 72, 48.65, 1, 3035
14034, 10055, 71.65, 72, 48.65, 1, 3035
14035, 10055, 71.64, 72, 48.65, 1, 3036
14036, 10056, 71.64, 72, 48.65, 1, 3036
14037, 10057, 71.65, 72, 48.65, 1, 3036
14038, 10058, 71.65, 72, 48.65, 1, 3036
14039, 10059, 71.65, 72, 48.65, 1, 3036
14040, 10060, 71.65, 72, 48.65, 1, 3036
14041, 10061, 71.65, 72, 48.65, 1, 3036
14042, 10062, 71.66, 72, 48.65, 1, 3036
14043, 10063, 71.66, 72, 48.65, 1, 3036
14044, 10064, 71.66, 72, 48.65, 1, 3036
14045, 10064, 71.66, 72, 48.65, 1, 3036
14046, 10065, 71.66, 72, 48.65, 1, 3036
14047, 10066, 71.66, 72, 48.65, 1, 3036
14048, 10067, 71.66, 72, 48.65, 1, 3036
14049, 10068, 71.66, 72, 48.65, 1, 3036
14050, 10068, 71.66, 72, 48.65, 1, 3036
14051, 10068, 71.65, 72, 48.65, 1, 3037
14052, 10069, 71.66, 72, 48.65, 1, 3037
14053, 10069, 71.65, 72, 48.65, 1, 3038
14054, 10070, 71.65, 72, 48.65, 1, 3038
14055, 10071, 71.65, 72, 48.65, 1, 3038
14056, 10072, 71.66, 72, 48.65, 1, 3038
14057, 10072, 71.65, 72, 48.65, 1, 3039
14058, 10072, 71.65, 72, 48.65, 1, 3040
14059, 10072, 71.64, 72, 48.65, 1, 3041
14060, 10073, 71.64, 72, 48.65, 1, 3041
14061, 10073, 71.64, 72, 48.65, 1, 3042
14062, 10074, 71.64, 72, 48.65, 1, 3042
14063, 10074, 71.63, 72, 48.65, 1, 3043
14064, 10075, 71.64, 72, 48.65, 1, 3043
14065, 10076, 71.64, 72, 48.65, 1, 3043
14066, 10076, 71.63, 72, 48.65, 1, 3044
14067, 10077, 71.64, 72, 48.65, 1, 3044
14068, 10077, 71.63, 72, 48.65, 1, 3045
14069, 10078, 71.63, 72, 48.65, 1, 3045
14070, 10079, 71.63, 72, 48.65, 1, 3045
14071, 10080, 71.64, 72, 48.65, 1, 3045
14072, 10081, 71.64, 72, 48.65, 1, 3045
14073, 10081, 71.63, 72, 48.65, 1, 3046
14074, 10081, 71.63, 72, 48.65, 1, 3047
14075, 10082, 71.63, 72, 48.65, 1, 3047
14076, 10082, 71.63, 72, 48.65, 1, 3048
14077, 10083, 71.63, 72, 48.65, 1, 3048
14078, 10084, 71.63, 72, 48.65, 1, 3048
14079, 10085, 71.63, 72, 48.65, 1, 3048
14080, 10086, 71.63, 72, 48.65, 1, 3048
14081, 10087, 71.64, 72, 48.65, 1, 3048
14082, 10088, 71.64, 72, 48.65, 1, 3048
14083, 10089, 71.64, 72, 48.65, 1, 3048
14084, 10090, 71.64, 72, 48.65, 1, 3048
14085, 10091, 71.64, 72, 48.65, 1, 3048
14086, 10092, 71.65, 72, 48.65, 1, 3048
14087, 10093, 71.65, 72, 48.65, 1, 3048
14088, 10094, 71.65, 72, 48.65, 1, 3048
14089, 10095, 71.65, 72, 48.65, 1, 3048
14090, 10096, 71.65, 72, 48.65, 1, 3048
14091, 10096, 71.65, 72, 48.65, 1, 3049
14092, 10096, 71.64, 72, 48.65, 1, 3050
14093, 10096, 71.64, 72, 48.65, 1, 3051
14094, 10096, 71.63, 72, 48.65, 1, 3052
14095, 10096, 71.63, 72, 48.65, 1, 3053
14096, 10096, 71.62, 72, 48.65, 1, 3054
14097, 10097, 71.63, 72, 48.65, 1, 3054
14098, 10098, 71.63, 72, 48.65, 1, 3054
14099, 10098, 71.62, 72, 48.65, 1, 3055
14100, 10099, 71.62, 72, 48.65, 1, 3055
14101, 10100, 71.63, 72, 48.65, 1, 3055
14102, 10101, 71.63, 72, 48.65, 1, 3055
14103, 10102, 71.63, 72, 48.65, 1, 3055
14104, 10102, 71.63, 72, 48.65, 1, 3055
14105, 10103, 71.63, 72, 48.65, 1, 3055
14106, 10104, 71.63, 72, 48.65, 1, 3055
14107, 10104, 71.62, 72, 48.65, 1, 3055
14108, 10105, 71.63, 72, 48.65, 1, 3055
14109, 10106, 71.63, 72, 48.65, 1, 3055
14110, 10106, 71.62, 72, 48.65, 1, 3055
14111, 10107, 71.62, 72, 48.65, 1, 3055
14112, 10108, 71.63, 72, 48.65, 1, 3055
14113, 10108, 71.62, 72, 48.65, 1, 3055
14114, 10109, 71.62, 72, 48.65, 1, 3055
14115, 10110, 71.63, 72, 48.65, 1, 3055
14116, 10111, 71.63, 72, 48.65, 1, 3055
14117, 10111, 71.62, 72, 48.65, 1, 3056
14118, 10112, 71.62, 72, 48.65, 1, 3056
14119, 10113, 71.63, 72, 48.65, 1, 3056
14120, 10114, 71.63, 72, 48.65, 1, 3056
14121, 10114, 71.62, 72, 48.65, 1, 3057
14122, 10115, 71.63, 72, 48.65, 1, 3057
14123, 10116, 71.63, 72, 48.65, 1, 3057
14124, 10117, 71.63, 72, 48.65, 1, 3057
14125, 10118, 71.63, 72, 48.65, 1, 3057
14126, 10119, 71.63, 72, 48.65, 1, 3057
14127, 10119, 71.63, 72, 48.65, 1, 3058
14128, 10120, 71.63, 72, 48.65, 1, 3058
14129, 10121, 71.63, 72, 48.65, 1, 3058
14130, 10122, 71.63, 72, 48.65, 1, 3058
14131, 10123, 71.64, 72, 48.65, 1, 3058
14132, 10124, 71.64, 72, 48.65, 1, 3058
14133, 10125, 71.64, 72, 48.65, 1, 3058
14134, 10126, 71.64, 72, 48.65, 1, 3058
14135, 10126, 71.64, 72, 48.65, 1, 3059
14136, 10126, 71.63, 72, 48.65, 1, 3059
14137, 10126, 71.63, 72, 48.65, 1, 3059
14138, 10127, 71.63, 72, 48.65, 1, 3059
14139, 10128, 71.63, 72, 48.65, 1, 3059
14140, 10129, 71.63, 72, 48.65, 1, 3059
14141, 10129, 71.63, 72, 48.65, 1, 3059
14142, 10130, 71.63, 72, 48.65, 1, 3059
14143, 10131, 71.63, 72, 48.65, 1, 3059
14144, 10132, 71.63, 72, 48.65, 1, 3059
14145, 10133, 71.64, 72, 48.65, 1, 3059
14146, 10133, 71.63, 72, 48.65, 1, 3060
14147, 10134, 71.63, 72, 48.65, 1, 3060
14148, 10135, 71.64, 72, 48.65, 1, 3060
14149, 10135, 71.63, 72, 48.65, 1, 3061
14150, 10136, 71.63, 72, 48.65, 1, 3061
14151, 10136, 71.63, 72, 48.65, 1, 3062
14152, 10136, 71.62, 72, 48.65, 1, 3063
14153, 10137, 71.62, 72, 48.65, 1, 3063
14154, 10138, 71.63, 72, 48.65, 1, 3063
14155, 10138, 71.62, 72, 48.65, 1, 3064
14156, 10139, 71.62, 72, 48.65, 1, 3064
14157, 10139, 71.62, 72, 48.65, 1, 3065
14158, 10140, 71.62, 72, 48.65, 1, 3065
14159, 10141, 71.62, 72, 48.65, 1, 3065
14160, 10142, 71.62, 72, 48.65, 1, 3065
14161, 10143, 71.63, 72, 48.65, 1, 3065
14162, 10143, 71.62, 72, 48.65, 1, 3066
14163, 10143, 71.62, 72, 48.65, 1, 3067
14164, 10144, 71.62, 72, 48.65, 1, 3067
14165, 10145, 71.62, 72, 48.65, 1, 3067
14166, 10145, 71.62, 72, 48.65, 1, 3068
14167, 10146, 71.62, 72, 48.65, 1, 3068
14168, 10146, 71.61, 72, 48.65, 1, 3069
14169, 10147, 71.61, 72, 48.65, 1, 3069
14170, 10148, 71.62, 72, 48.65, 1, 3069
14171, 10149, 71.62, 72, 48.65, 1, 3069
14172, 10150, 71.62, 72, 48.65, 1, 3069
14173, 10150, 71.62, 72, 48.65, 1, 3070
14174, 10151, 71.62, 72, 48.65, 1, 3070
14175, 10151, 71.61, 72, 48.65, 1, 3071
14176, 10151, 71.61, 72, 48.65, 1, 3072
14177, 10152, 71.61, 72, 48.65, 1, 3072
14178, 10153, 71.61, 72, 48.65, 1, 3072
14179, 10154, 71.61, 72, 48.65, 1, 3072
14180, 10155, 71.61, 72, 48.65, 1, 3072
14181, 10155, 71.61, 72, 48.65, 1, 3073
14182, 10155, 71.60, 72, 48.65, 1, 3074
14183, 10156, 71.61, 72, 48.65, 1, 3074
14184, 10156, 71.60, 72, 48.65, 1, 3075
14185, 10157, 71.60, 72, 48.65, 1, 3075
14186, 10157, 71.60, 72, 48.65, 1, 3076
14187, 10158, 71.60, 72, 48.65, 1, 3076
14188, 10159, 71.60, 72, 48.65, 1, 3076
14189, 10160, 71.60, 72, 48.65, 1, 3076
14190, 10161, 71.61, 72, 48.65, 1, 3076
14191, 10162, 71.61, 72, 48.65, 1, 3076
14192, 10162, 71.60, 72, 48.65, 1, 3077
14193, 10163, 71.61, 72, 48.65, 1, 3077
14194, 10163, 71.60, 72, 48.65, 1, 3077
14195, 10164, 71.60, 72, 48.65, 1, 3077
14196, 10165, 71.60, 72, 48.65, 1, 3077
14197, 10165, 71.60, 72, 48.65, 1, 3077
14198, 10166, 71.60, 72, 48.65, 1, 3077
14199, 10167, 71.60, 72, 48.65, 1, 3077
14200, 10167, 71.60, 72, 48.65, 1, 3078
14201, 10168, 71.60, 72, 48.65, 1, 3078
14202, 10169, 71.60, 72, 48.65, 1, 3078
14203, 10169, 71.60, 72, 48.65, 1, 3079
14204, 10170, 71.60, 72, 48.65, 1, 3079
14205, 10170, 71.59, 72, 48.65, 1, 3079
14206, 10170, 71.59, 72, 48.65, 1, 3079
14207, 10171, 71.59, 72, 48.65, 1, 3079
14208, 10171, 71.59, 72, 48.65, 1, 3079
14209, 10172, 71.59, 72, 48.65, 1, 3079
14210, 10172, 71.58, 72, 48.65, 1, 3080
14211, 10173, 71.59, 72, 48.65, 1, 3080
14212, 10174, 71.59, 72, 48.65, 1, 3080
14213, 10174, 71.58, 72, 48.65, 1, 3081
14214, 10175, 71.58, 72, 48.65, 1, 3081
14215, 10176, 71.59, 72, 48.65, 1, 3081
14216, 10176, 71.58, 72, 48.65, 1, 3082
14217, 10177, 71.58, 72, 48.65, 1, 3082
14218, 10177, 71.58, 72, 48.65, 1, 3083
14219, 10178, 71.58, 72, 48.65, 1, 3083
14220, 10178, 71.58, 72, 48.65, 1, 3083
14221, 10179, 71.58, 72, 48.65, 1, 3083
14222, 10180, 71.58, 72, 48.65, 1, 3083
14223, 10181, 71.58, 72, 48.65, 1, 3083
14224, 10182, 71.58, 72, 48.65, 1, 3083
14225, 10182, 71.58, 72, 48.65, 1, 3083
14226, 10182, 71.57, 72, 48.65, 1, 3084
14227, 10182, 71.57, 72, 48.65, 1, 3085
14228, 10183, 71.57, 72, 48.65, 1, 3085
14229, 10184, 71.57, 72, 48.65, 1, 3085
14230, 10185, 71.57, 72, 48.65, 1, 3085
14231, 10186, 71.58, 72, 48.65, 1, 3085
14232, 10187, 71.58, 72, 48.65, 1, 3085
14233, 10188, 71.58, 72, 48.65, 1, 3085
14234, 10188, 71.58, 72, 48.65, 1, 3086
14235, 10188, 71.57, 72, 48.65, 1, 3087
14236, 10189, 71.57, 72, 48.65, 1, 3087
14237, 10190, 71.57, 72, 48.65, 1, 3087
14238, 10191, 71.58, 72, 48.65, 1, 3087
14239, 10192, 71.58, 72, 48.65, 1, 3087
14240, 10192, 71.57, 72, 48.65, 1, 3088
14241, 10192, 71.57, 72, 48.65, 1, 3089
14242, 10193, 71.57, 72, 48.65, 1, 3089
14243, 10194, 71.57, 72, 48.65, 1, 3089
14244, 10195, 71.57, 72, 48.65, 1, 3089
14245, 10195, 71.57, 72, 48.65, 1, 3090
14246, 10196, 71.57, 72, 48.65, 1, 3090
14247, 10197, 71.57, 72, 48.65, 1, 3090
14248, 10198, 71.57, 72, 48.65, 1, 3090
14249, 10199, 71.58, 72, 48.65, 1, 3090
14250, 10199, 71.57, 72, 48.65, 1, 3091
14251, 10199, 71.57, 72, 48.65, 1, 3092
14252, 10199, 71.56, 72, 48.65, 1, 3093
14253, 10199, 71.56, 72, 48.65, 1, 3094
14254, 10199, 71.55, 72, 48.65, 1, 3095
14255, 10200, 71.55, 72, 48.65, 1, 3095
14256, 10200, 71.55, 72, 48.65, 1, 3096
14257, 10201, 71.55, 72, 48.65, 1, 3096
14258, 10202, 71.55, 72, 48.65, 1, 3096
14259, 10203, 71.55, 72, 48.65, 1, 3096
14260, 10204, 71.56, 72, 48.65, 1, 3096
14261, 10205, 71.56, 72, 48.65, 1, 3096
14262, 10206, 71.56, 72, 48.65, 1, 3096
14263, 10207, 71.56, 72, 48.65, 1, 3096
14264, 10207, 71.56, 72, 48.65, 1, 3097
14265, 10208, 71.56, 72, 48.65, 1, 3097
14266, 10209, 71.56, 72, 48.65, 1, 3097
14267, 10210, 71.56, 72, 48.65, 1, 3097
14268, 10210, 71.56, 72, 48.65, 1, 3098
14269, 10210, 71.55, 72, 48.65, 1, 3099
14270, 10211, 71.56, 72, 48.65, 1, 3099
14271, 10211, 71.55, 72, 48.65, 1, 3100
14272, 10212, 71.55, 72, 48.65, 1, 3100
14273, 10213, 71.55, 72, 48.65, 1, 3100
14274, 10214, 71.56, 72, 48.65, 1, 3100
14275, 10214, 71.55, 72, 48.65, 1, 3100
14276, 10214, 71.55, 72, 48.65, 1, 3100
14277, 10215, 71.55, 72, 48.65, 1, 3100
14278, 10216, 71.55, 72, 48.65, 1, 3100
14279, 10216, 71.55, 72, 48.65, 1, 3100
14280, 10217, 71.55, 72, 48.65, 1, 3100
14281, 10218, 71.55, 72, 48.65, 1, 3100
14282, 10219, 71.55, 72, 48.65, 1, 3100
14283, 10219, 71.55, 72, 48.65, 1, 3101
14284, 10220, 71.55, 72, 48.65, 1, 3101
14285, 10221, 71.55, 72, 48.65, 1, 3101
14286, 10221, 71.55, 72, 48.65, 1, 3102
14287, 10221, 71.54, 72, 48.65, 1, 3103
14288, 10222, 71.54, 72, 48.65, 1, 3103
14289, 10223, 71.54, 72, 48.65, 1, 3103
14290, 10224, 71.55, 72, 48.65, 1, 3103
14291, 10225, 71.55, 72, 48.65, 1, 3103
14292, 10226, 71.55, 72, 48.65, 1, 3103
14293, 10226, 71.55, 72, 48.65, 1, 3104
14294, 10226, 71.54, 72, 48.65, 1, 3105
14295, 10227, 71.54, 72, 48.65, 1, 3105
14296, 10228, 71.54, 72, 48.65, 1, 3105
14297, 10229, 71.55, 72, 48.65, 1, 3105
14298, 10230, 71.55, 72, 48.65, 1, 3105
14299, 10231, 71.55, 72, 48.65, 1, 3105
14300, 10232, 71.55, 72, 48.65, 1, 3105
14301, 10232, 71.55, 72, 48.65, 1, 3106
14302, 10233, 71.55, 72, 48.65, 1, 3106
14303, 10234, 71.55, 72, 48.65, 1, 3106
14304, 10235, 71.55, 72, 48.65, 1, 3106
14305, 10236, 71.56, 72, 48.65, 1, 3106
14306, 10237, 71.56, 72, 48.65, 1, 3106
14307, 10238, 71.56, 72, 48.65, 1, 3106
14308, 10239, 71.56, 72, 48.65, 1, 3106
14309, 10240, 71.56, 72, 48.65, 1, 3106
14310, 10241, 71.57, 72, 48.65, 1, 3106
14311, 10242, 71.57, 72, 48.65, 1, 3106
14312, 10243, 71.57, 72, 48.65, 1, 3106
14313, 10244, 71.57, 72, 48.65, 1, 3106
14314, 10245, 71.57, 72, 48.65, 1, 3106
14315, 10245, 71.57, 72, 48.65, 1, 3106
14316, 10246, 71.57, 72, 48.65, 1, 3106
14317, 10246, 71.57, 72, 48.65, 1, 3106
14318, 10246, 71.56, 72, 48.65, 1, 3107
14319, 10247, 71.56, 72, 48.65, 1, 3107
14320, 10247, 71.56, 72, 48.65, 1, 3108
14321, 10248, 71.56, 72, 48.65, 1, 3108
14322, 10248, 71.55, 72, 48.65, 1, 3109
14323, 10249, 71.56, 72, 48.65, 1, 3109
14324, 10250, 71.56, 72, 48.65, 1, 3109
14325, 10250, 71.55, 72, 48.65, 1, 3110
14326, 10250, 71.55, 72, 48.65, 1, 3111
14327, 10251, 71.55, 72, 48.65, 1, 3111
14328, 10252, 71.55, 72, 48.65, 1, 3111
14329, 10253, 71.55, 72, 48.65, 1, 3111
14330, 10253, 71.55, 72, 48.65, 1, 3112
14331, 10254, 71.55, 72, 48.65, 1, 3112
14332, 10254, 71.55, 72, 48.65, 1, 3112
14333, 10255, 71.55, 72, 48.65, 1, 3112
14334, 10256, 71.55, 72, 48.65, 1, 3112
14335, 10257, 71.55, 72, 48.65, 1, 3112
14336, 10257, 71.55, 72, 48.65, 1, 3112
14337, 10258, 71.55, 72, 48.65, 1, 3112
14338, 10258, 71.54, 72, 48.65, 1, 3112
14339, 10258, 71.54, 72, 48.65, 1, 3113
14340, 10259, 71.54, 72, 48.65, 1, 3113
14341, 10260, 71.54, 72, 48.65, 1, 3113
14342, 10260, 71.54, 72, 48.65, 1, 3114
14343, 10261, 71.54, 72, 48.65, 1, 3114
14344, 10261, 71.54, 72, 48.65, 1, 3114
14345, 10261, 71.53, 72, 48.65, 1, 3115
14346, 10262, 71.53, 72, 48.65, 1, 3115
14347, 10263, 71.53, 72, 48.65, 1, 3115
14348, 10264, 71.54, 72, 48.65, 1, 3115
14349, 10265, 71.54, 72, 48.65, 1, 3115
14350, 10266, 71.54, 72, 48.65, 1, 3115
14351, 10267, 71.54, 72, 48.65, 1, 3115
14352, 10268, 71.54, 72, 48.65, 1, 3115
14353, 10269, 71.55, 72, 48.65, 1, 3115
14354, 10270, 71.55, 72, 48.65, 1, 3115
14355, 10270, 71.54, 72, 48.65, 1, 3116
14356, 10270, 71.54, 72, 48.65, 1, 3117
14357, 10271, 71.54, 72, 48.65, 1, 3117
14358, 10272, 71.54, 72, 48.65, 1, 3117
14359, 10273, 71.54, 72, 48.65, 1, 3117
14360, 10273, 71.54, 72, 48.65, 1, 3118
14361, 10274, 71.54, 72, 48.65, 1, 3118
14362, 10274, 71.54, 72, 48.65, 1, 3119
14363, 10275, 71.54, 72, 48.65, 1, 3119
14364, 10276, 71.54, 72, 48.65, 1, 3119
14365, 10277, 71.54, 72, 48.65, 1, 3119
14366, 10277, 71.54, 72, 48.65, 1, 3120
14367, 10277, 71.53, 72, 48.65, 1, 3121
14368, 10278, 71.53, 72, 48.65, 1, 3121
14369, 10279, 71.54, 72, 48.65, 1, 3121
14370, 10280, 71.54, 72, 48.65, 1, 3121
14371, 10281, 71.54, 72, 48.65, 1, 3121
14372, 10282, 71.54, 72, 48.65, 1, 3121
14373, 10283, 71.54, 72, 48.65, 1, 3121
14374, 10284, 71.55, 72, 48.65, 1, 3121
14375, 10285, 71.55, 72, 48.65, 1, 3121
14376, 10286, 71.55, 72, 48.65, 1, 3121
14377, 10286, 71.54, 72, 48.65, 1, 3121
14378, 10287, 71.55, 72, 48.65, 1, 3121
14379, 10288, 71.55, 72, 48.65, 1, 3121
14380, 10289, 71.55, 72, 48.65, 1, 3121
14381, 10290, 71.55, 72, 48.65, 1, 3121
14382, 10291, 71.55, 72, 48.65, 1, 3121
14383, 10291, 71.55, 72, 48.65, 1, 3121
14384, 10291, 71.54, 72, 48.65, 1, 3121
14385, 10292, 71.55, 72, 48.65, 1, 3121
14386, 10292, 71.54, 72, 48.65, 1, 3122
14387, 10293, 71.54, 72, 48.65, 1, 3122
14388, 10294, 71.55, 72, 48.65, 1, 3122
14389, 10295, 71.55, 72, 48.65, 1, 3122
14390, 10296, 71.55, 72, 48.65, 1, 3122
14391, 10296, 71.54, 72, 48.65, 1, 3123
14392, 10296, 71.54, 72, 48.65, 1, 3124
14393, 10297, 71.54, 72, 48.65, 1, 3124
14394, 10297, 71.54, 72, 48.65, 1, 3125
14395, 10298, 71.54, 72, 48.65, 1, 3125
14396, 10299, 71.54, 72, 48.65, 1, 3125
14397, 10300, 71.54, 72, 48.65, 1, 3125
14398, 10301, 71.54, 72, 48.65, 1, 3125
14399, 10302, 71.55, 72, 48.65, 1, 3125
14400, 10302, 71.54, 72, 48.65, 1, 3126
14401, 10303, 71.54, 72, 48.65, 1, 3126
14402, 10303, 71.54, 72, 48.65, 1, 3126
14403, 10304, 71.54, 72, 48.65, 1, 3126
14404, 10305, 71.54, 72, 48.65, 1, 3126
14405, 10306, 71.54, 72, 48.65, 1, 3126
14406, 10307, 71.55, 72, 48.65, 1, 3126
14407, 10308, 71.55, 72, 48.65, 1, 3126
14408, 10309, 71.55, 72, 48.65, 1, 3126
14409, 10309, 71.55, 72, 48.65, 1, 3127
14410, 10310, 71.55, 72, 48.65, 1, 3127
14411, 10310, 71.54, 72, 48.65, 1, 3128
14412, 10310, 71.54, 72, 48.65, 1, 3129
14413, 10311, 71.54, 72, 48.65, 1, 3129
14414, 10311, 71.53, 72, 48.65, 1, 3130
14415, 10311, 71.53, 72, 48.65, 1, 3131
14416, 10311, 71.52, 72, 48.65, 1, 3132
14417, 10312, 71.53, 72, 48.65, 1, 3132
14418, 10313, 71.53, 72, 48.65, 1, 3132
14419, 10314, 71.53, 72, 48.65, 1, 3132
14420, 10315, 71.53, 72, 48.65, 1, 3132
14421, 10316, 71.53, 72, 48.65, 1, 3132
14422, 10317, 71.54, 72, 48.65, 1, 3132
14423, 10318, 71.54, 72, 48.65, 1, 3132
14424, 10318, 71.53, 72, 48.65, 1, 3133
14425, 10318, 71.53, 72, 48.65, 1, 3134
14426, 10318, 71.52, 72, 48.65, 1, 3135
14427, 10319, 71.53, 72, 48.65, 1, 3135
14428, 10320, 71.53, 72, 48.65, 1, 3135
14429, 10321, 71.53, 72, 48.65, 1, 3135
14430, 10321, 71.52, 72, 48.65, 1, 3136
14431, 10322, 71.53, 72, 48.65, 1, 3136
14432, 10322, 71.52, 72, 48.65, 1, 3137
14433, 10322, 71.52, 72, 48.65, 1, 3137
14434, 10322, 71.51, 72, 48.65, 1, 3138
14435, 10323, 71.51, 72, 48.65, 1, 3138
14436, 10324, 71.52, 72, 48.65, 1, 3138
14437, 10324, 71.51, 72, 48.65, 1, 3139
14438, 10324, 71.51, 72, 48.65, 1, 3140
14439, 10324, 71.50, 72, 48.65, 1, 3141
14440, 10324, 71.50, 72, 48.65, 1, 3142
14441, 10325, 71.50, 72, 48.65, 1, 3142
14442, 10326, 71.50, 72, 48.65, 1, 3142
14443, 10326, 71.49, 72, 48.65, 1, 3143
14444, 10327, 71.50, 72, 48.65, 1, 3143
14445, 10328, 71.50, 72, 48.65, 1, 3143
14446, 10329, 71.50, 72, 48.65, 1, 3143
14447, 10330, 71.50, 72, 48.65, 1, 3143
14448, 10330, 71.50, 72, 48.65, 1, 3143
14449, 10330, 71.49, 72, 48.65, 1, 3143
14450, 10331, 71.49, 72, 48.65, 1, 3143
14451, 10332, 71.50, 72, 48.65, 1, 3143
14452, 10333, 71.50, 72, 48.65, 1, 3143
14453, 10334, 71.50, 72, 48.65, 1, 3143
14454, 10334, 71.50, 72, 48.65, 1, 3143
14455, 10335, 71.50, 72, 48.65, 1, 3143
14456, 10336, 71.50, 72, 48.65, 1, 3143
14457, 10336, 71.49, 72, 48.65, 1, 3143
14458, 10336, 71.49, 72, 48.65, 1, 3143
14459, 10336, 71.48, 72, 48.65, 1, 3144
14460, 10336, 71.48, 72, 48.65, 1, 3145
14461, 10336, 71.48, 72, 48.65, 1, 3146
14462, 10337, 71.48, 72, 48.65, 1, 3146
14463, 10337, 71.47, 72, 48.65, 1, 3147
14464, 10338, 71.47, 72, 48.65, 1, 3147
14465, 10338, 71.47, 72, 48.65, 1, 3148
14466, 10338, 71.46, 72, 48.65, 1, 3149
14467, 10338, 71.46, 72, 48.65, 1, 3150
14468, 10338, 71.45, 72, 48.65, 1, 3151
14469, 10339, 71.46, 72, 48.65, 1, 3151
14470, 10339, 71.45, 72, 48.65, 1, 3152
14471, 10340, 71.45, 72, 48.65, 1, 3152
14472, 10341, 71.46, 72, 48.65, 1, 3152
14473, 10342, 71.46, 72, 48.65, 1, 3152
14474, 10343, 71.46, 72, 48.65, 1, 3152
14475, 10344, 71.46, 72, 48.65, 1, 3152
14476, 10344, 71.46, 72, 48.65, 1, 3153
14477, 10345, 71.46, 72, 48.65, 1, 3153
14478, 10346, 71.46, 72, 48.65, 1, 3153
14479, 10346, 71.46, 72, 48.65, 1, 3154
14480, 10347, 71.46, 72, 48.65, 1, 3154
14481, 10347, 71.45, 72, 48.65, 1, 3155
14482, 10348, 71.45, 72, 48.65, 1, 3155
14483, 10348, 71.45, 72, 48.65, 1, 3156
14484, 10349, 71.45, 72, 48.65, 1, 3156
14485, 10349, 71.45, 72, 48.65, 1, 3156
14486, 10349, 71.44, 72, 48.65, 1, 3156
14487, 10350, 71.44, 72, 48.65, 1, 3156
14488, 10351, 71.45, 72, 48.65, 1, 3156
14489, 10352, 71.45, 72, 48.65, 1, 3156
14490, 10352, 71.44, 72, 48.65, 1, 3157
14491, 10353, 71.44, 72, 48.65, 1, 3157
14492, 10353, 71.44, 72, 48.65, 1, 3158
14493, 10354, 71.44, 72, 48.65, 1, 3158
14494, 10354, 71.44, 72, 48.65, 1, 3159
14495, 10355, 71.44, 72, 48.65, 1, 3159
14496, 10355, 71.43, 72, 48.65, 1, 3160
14497, 10355, 71.43, 72, 48.65, 1, 3161
14498, 10356, 71.43, 72, 48.65, 1, 3161
14499, 10357, 71.43, 72, 48.65, 1, 3161
14500, 10358, 71.43, 72, 48.65, 1, 3161
14501, 10359, 71.44, 72, 48.65, 1, 3161
14502, 10360, 71.44, 72, 48.65, 1, 3161
14503, 10361, 71.44, 72, 48.65, 1, 3161
14504, 10361, 71.44, 72, 48.65, 1, 3161
14505, 10362, 71.44, 72, 48.65, 1, 3161
14506, 10363, 71.44, 72, 48.65, 1, 3161
14507, 10363, 71.43, 72, 48.65, 1, 3162
14508, 10364, 71.44, 72, 48.65, 1, 3162
14509, 10364, 71.43, 72, 48.65, 1, 3163
14510, 10365, 71.43, 72, 48.65, 1, 3163
14511, 10366, 71.44, 72, 48.65, 1, 3163
14512, 10367, 71.44, 72, 48.65, 1, 3163
14513, 10367, 71.43, 72, 48.65, 1, 3164
14514, 10368, 71.43, 72, 48.65, 1, 3164
14515, 10369, 71.44, 72, 48.65, 1, 3164
14516, 10370, 71.44, 72, 48.65, 1, 3164
14517, 10371, 71.44, 72, 48.65, 1, 3164
14518, 10372, 71.44, 72, 48.65, 1, 3164
14519, 10372, 71.44, 72, 48.65, 1, 3165
14520, 10373, 71.44, 72, 48.65, 1, 3165
14521, 10373, 71.43, 72, 48.65, 1, 3166
14522, 10374, 71.44, 72, 48.65, 1, 3166
14523, 10375, 71.44, 72, 48.65, 1, 3166
14524, 10376, 71.44, 72, 48.65, 1, 3166
14525, 10377, 71.44, 72, 48.65, 1, 3166
14526, 10378, 71.44, 72, 48.65, 1, 3166
14527, 10378, 71.44, 72, 48.65, 1, 3167
14528, 10379, 71.44, 72, 48.65, 1, 3167
14529, 10379, 71.44, 72, 48.65, 1, 3168
14530, 10380, 71.44, 72, 48.65, 1, 3168
14531, 10381, 71.44, 72, 48.65, 1, 3168
14532, 10382, 71.44, 72, 48.65, 1, 3168
14533, 10383, 71.44, 72, 48.65, 1, 3168
14534, 10384, 71.45, 72, 48.65, 1, 3168
14535, 10384, 71.44, 72, 48.65, 1, 3169
14536, 10384, 71.44, 72, 48.65, 1, 3170
14537, 10385, 71.44, 72, 48.65, 1, 3170
14538, 10386, 71.44, 72, 48.65, 1, 3170
14539, 10386, 71.44, 72, 48.65, 1, 3171
14540, 10386, 71.43, 72, 48.65, 1, 3172
14541, 10387, 71.43, 72, 48.65, 1, 3172
14542, 10388, 71.43, 72, 48.65, 1, 3172
14543, 10389, 71.44, 72, 48.65, 1, 3172
14544, 10390, 71.44, 72, 48.65, 1, 3172
14545, 10391, 71.44, 72, 48.65, 1, 3172
14546, 10392, 71.44, 72, 48.65, 1, 3172
14547, 10393, 71.44, 72, 48.65, 1, 3172
14548, 10394, 71.45, 72, 48.65, 1, 3172
14549, 10394, 71.44, 72, 48.65, 1, 3172
14550, 10395, 71.44, 72, 48.65, 1, 3172
14551, 10396, 71.45, 72, 48.65, 1, 3172
14552, 10397, 71.45, 72, 48.65, 1, 3172
14553, 10397, 71.44, 72, 48.65, 1, 3172
14554, 10398, 71.44, 72, 48.65, 1, 3172
14555, 10399, 71.45, 72, 48.65, 1, 3172
14556, 10400, 71.45, 72, 48.65, 1, 3172
14557, 10401, 71.45, 72, 48.65, 1, 3172
14558, 10401, 71.45, 72, 48.65, 1, 3172
14559, 10402, 71.45, 72, 48.65, 1, 3172
14560, 10403, 71.45, 72, 48.65, 1, 3172
14561, 10403, 71.44, 72, 48.65, 1, 3172
14562, 10403, 71.44, 72, 48.65, 1, 3172
14563, 10404, 71.44, 72, 48.65, 1, 3172
14564, 10405, 71.44, 72, 48.65, 1, 3172
14565, 10406, 71.45, 72, 48.65, 1, 3172
14566, 10407, 71.45, 72, 48.65, 1, 3172
14567, 10408, 71.45, 72, 48.65, 1, 3172
14568, 10409, 71.45, 72, 48.65, 1, 3172
14569, 10409, 71.45, 72, 48.65, 1, 3172
14570, 10410, 71.45, 72, 48.65, 1, 3172
14571, 10410, 71.44, 72, 48.65, 1, 3173
14572, 10411, 71.45, 72, 48.65, 1, 3173
14573, 10412, 71.45, 72, 48.65, 1, 3173
14574, 10413, 71.45, 72, 48.65, 1, 3173
14575, 10414, 71.45, 72, 48.65, 1, 3173
14576, 10415, 71.45, 72, 48.65, 1, 3173
14577, 10416, 71.46, 72, 48.65, 1, 3173
14578, 10416, 71.45, 72, 48.65, 1, 3174
14579, 10416, 71.45, 72, 48.65, 1, 3175
14580, 10416, 71.44, 72, 48.65, 1, 3176
14581, 10417, 71.44, 72, 48.65, 1, 3176
14582, 10417, 71.44, 72, 48.65, 1, 3177
14583, 10418, 71.44, 72, 48.65, 1, 3177
14584, 10419, 71.44, 72, 48.65, 1, 3177
14585, 10420, 71.44, 72, 48.65, 1, 3177
14586, 10421, 71.45, 72, 48.65, 1, 3177
14587, 10422, 71.45, 72, 48.65, 1, 3177
14588, 10422, 71.44, 72, 48.65, 1, 3178
14589, 10423, 71.44, 72, 48.65, 1, 3178
14590, 10424, 71.45, 72, 48.65, 1, 3178
14591, 10425, 71.45, 72, 48.65, 1, 3178
14592, 10426, 71.45, 72, 48.65, 1, 3178
14593, 10427, 71.45, 72, 48.65, 1, 3178
14594, 10428, 71.45, 72, 48.65, 1, 3178
14595, 10429, 71.46, 72, 48.65, 1, 3178
14596, 10430, 71.46, 72, 48.65, 1, 3178
14597, 10431, 71.46, 72, 48.65, 1, 3178
14598, 10431, 71.45, 72, 48.65, 1, 3178
14599, 10432, 71.46, 72, 48.65, 1, 3178
14600, 10432, 71.45, 72, 48.65, 1, 3179
14601, 10433, 71.45, 72, 48.65, 1, 3179
14602, 10434, 71.46, 72, 48.65, 1, 3179
14603, 10434, 71.45, 72, 48.65, 1, 3180
14604, 10435, 71.45, 72, 48.65, 1, 3180
14605, 10435, 71.45, 72, 48.65, 1, 3181
14606, 10435, 71.44, 72, 48.65, 1, 3182
14607, 10436, 71.45, 72, 48.65, 1, 3182
14608, 10437, 71.45, 72, 48.65, 1, 3182
14609, 10438, 71.45, 72, 48.65, 1, 3182
14610, 10439, 71.45, 72, 48.65, 1, 3182
14611, 10439, 71.45, 72, 48.65, 1, 3183
14612, 10440, 71.45, 72, 48.65, 1, 3183
14613, 10441, 71.45, 72, 48.65, 1, 3183
14614, 10442, 71.45, 72, 48.65, 1, 3183
14615, 10442, 71.45, 72, 48.65, 1, 3184
14616, 10443, 71.45, 72, 48.65, 1, 3184
14617, 10444, 71.45, 72, 48.65, 1, 3184
14618, 10445, 71.45, 72, 48.65, 1, 3184
14619, 10446, 71.45, 72, 48.65, 1, 3184
14620, 10447, 71.46, 72, 48.65, 1, 3184
14621, 10448, 71.46, 72, 48.65, 1, 3184
14622, 10449, 71.46, 72, 48.65, 1, 3184
14623, 10450, 71.46, 72, 48.65, 1, 3184
14624, 10451, 71.46, 72, 48.65, 1, 3184
14625, 10452, 71.47, 72, 48.65, 1, 3184
14626, 10453, 71.47, 72, 48.65, 1, 3184
14627, 10454, 71.47, 72, 48.65, 1, 3184
14628, 10455, 71.47, 72, 48.65, 1, 3184
14629, 10455, 71.47, 72, 48.65, 1, 3185
14630, 10456, 71.47, 72, 48.65, 1, 3185
14631, 10457, 71.47, 72, 48.65, 1, 3185
14632, 10458, 71.47, 72, 48.65, 1, 3185
14633, 10459, 71.48, 72, 48.65, 1, 3185
14634, 10459, 71.47, 72, 48.65, 1, 3186
14635, 10459, 71.47, 72, 48.65, 1, 3187
14636, 10459, 71.46, 72, 48.65, 1, 3188
14637, 10459, 71.46, 72, 48.65, 1, 3189
14638, 10460, 71.46, 72, 48.65, 1, 3189
14639, 10460, 71.45, 72, 48.65, 1, 3190
14640, 10460, 71.45, 72, 48.65, 1, 3191
14641, 10460, 71.44, 72, 48.65, 1, 3192
14642, 10460, 71.44, 72, 48.65, 1, 3192
14643, 10460, 71.43, 72, 48.65, 1, 3192
14644, 10460, 71.43, 72, 48.65, 1, 3193
14645, 10461, 71.43, 72, 48.65, 1, 3193
14646, 10462, 71.43, 72, 48.65, 1, 3193
14647, 10463, 71.43, 72, 48.65, 1, 3193
14648, 10464, 71.44, 72, 48.65, 1, 3193
14649, 10465, 71.44, 72, 48.65, 1, 3193
14650, 10466, 71.44, 72, 48.65, 1, 3193
14651, 10467, 71.44, 72, 48.65, 1, 3193
14652, 10467, 71.44, 72, 48.65, 1, 3194
14653, 10467, 71.43, 72, 48.65, 1, 3195
14654, 10467, 71.43, 72, 48.65, 1, 3196
14655, 10468, 71.43, 72, 48.65, 1, 3196
14656, 10469, 71.43, 72, 48.65, 1, 3196
14657, 10470, 71.43, 72, 48.65, 1, 3196
14658, 10471, 71.44, 72, 48.65, 1, 3196
14659, 10471, 71.43, 72, 48.65, 1, 3197
14660, 10472, 71.43, 72, 48.65, 1, 3197
14661, 10473, 71.43, 72, 48.65, 1, 3197
14662, 10473, 71.43, 72, 48.65, 1, 3198
14663, 10474, 71.43, 72, 48.65, 1, 3198
14664, 10475, 71.43, 72, 48.65, 1, 3198
14665, 10476, 71.44, 72, 48.65, 1, 3198
14666, 10477, 71.44, 72, 48.65, 1, 3198
14667, 10477, 71.43, 72, 48.65, 1, 3199
14668, 10478, 71.43, 72, 48.65, 1, 3199
14669, 10479, 71.44, 72, 48.65, 1, 3199
14670, 10480, 71.44, 72, 48.65, 1, 3199
14671, 10480, 71.43, 72, 48.65, 1, 3200
14672, 10481, 71.44, 72, 48.65, 1, 3200
14673, 10482, 71.44, 72, 48.65, 1, 3200
14674, 10483, 71.44, 72, 48.65, 1, 3200
14675, 10484, 71.44, 72, 48.65, 1, 3200
14676, 10484, 71.44, 72, 48.65, 1, 3201
14677, 10485, 71.44, 72, 48.65, 1, 3201
14678, 10486, 71.44, 72, 48.65, 1, 3201
14679, 10487, 71.44, 72, 48.65, 1, 3201
14680, 10487, 71.44, 72, 48.65, 1, 3202
14681, 10488, 71.44, 72, 48.65, 1, 3202
14682, 10489, 71.44, 72, 48.65, 1, 3202
14683, 10489, 71.44, 72, 48.65, 1, 3203
14684, 10490, 71.44, 72, 48.65, 1, 3203
14685, 10490, 71.43, 72, 48.65, 1, 3204
14686, 10491, 71.44, 72, 48.65, 1, 3204
14687, 10492, 71.44, 72, 48.65, 1, 3204
14688, 10493, 71.44, 72, 48.65, 1, 3204
14689, 10494, 71.44, 72, 48.65, 1, 3204
14690, 10495, 71.44, 72, 48.65, 1, 3204
14691, 10496, 71.45, 72, 48.65, 1, 3204
14692, 10496, 71.44, 72, 48.65, 1, 3205
14693, 10497, 71.44, 72, 48.65, 1, 3205
14694, 10497, 71.44, 72, 48.65, 1, 3206
14695, 10498, 71.44, 72, 48.65, 1, 3206
14696, 10499, 71.44, 72, 48.65, 1, 3206
14697, 10500, 71.44, 72, 48.65, 1, 3206
14698, 10500, 71.44, 72, 48.65, 1, 3207
14699, 10501, 71.44, 72, 48.65, 1, 3207
14700, 10502, 71.44, 72, 48.65, 1, 3207
14701, 10503, 71.44, 72, 48.65, 1, 3207
14702, 10504, 71.45, 72, 48.65, 1, 3207
14703, 10504, 71.44, 72, 48.65, 1, 3207
14704, 10505, 71.44, 72, 48.65, 1, 3207
14705, 10505, 71.44, 72, 48.65, 1, 3208
14706, 10506, 71.44, 72, 48.65, 1, 3208
14707, 10507, 71.44, 72, 48.65, 1, 3208
14708, 10508, 71.44, 72, 48.65, 1, 3208
14709, 10509, 71.45, 72, 48.65, 1, 3208
14710, 10509, 71.44, 72, 48.65, 1, 3209
14711, 10510, 71.44, 72, 48.65, 1, 3209
14712, 10510, 71.44, 72, 48.65, 1, 3210
14713, 10511, 71.44, 72, 48.65, 1, 3210
14714, 10511, 71.44, 72, 48.65, 1, 3211
14715, 10512, 71.44, 72, 48.65, 1, 3211
14716, 10513, 71.44, 72, 48.65, 1, 3211
14717, 10514, 71.44, 72, 48.65, 1, 3211
14718, 10515, 71.44, 72, 48.65, 1, 3211
14719, 10515, 71.44, 72, 48.65, 1, 3212
14720, 10515, 71.43, 72, 48.65, 1, 3213
14721, 10516, 71.44, 72, 48.65, 1, 3213
14722, 10517, 71.44, 72, 48.65, 1, 3213
14723, 10517, 71.43, 72, 48.65, 1, 3214
14724, 10517, 71.43, 72, 48.65, 1, 3215
14725, 10518, 71.43, 72, 48.65, 1, 3215
14726, 10519, 71.43, 72, 48.65, 1, 3215
14727, 10520, 71.43, 72, 48.65, 1, 3215
14728, 10521, 71.44, 72, 48.65, 1, 3215
14729, 10522, 71.44, 72, 48.65, 1, 3215
14730, 10522, 71.43, 72, 48.65, 1, 3216
14731, 10523, 71.43, 72, 48.65, 1, 3216
14732, 10523, 71.43, 72, 48.65, 1, 3216
14733, 10524, 71.43, 72, 48.65, 1, 3216
14734, 10524, 71.43, 72, 48.65, 1, 3216
14735, 10525, 71.43, 72, 48.65, 1, 3216
14736, 10526, 71.43, 72, 48.65, 1, 3216
14737, 10527, 71.43, 72, 48.65, 1, 3216
14738, 10528, 71.43, 72, 48.65, 1, 3216
14739, 10529, 71.44, 72, 48.65, 1, 3216
14740, 10529, 71.43, 72, 48.65, 1, 3216
14741, 10530, 71.43, 72, 48.65, 1, 3216
14742, 10531, 71.44, 72, 48.65, 1, 3216
14743, 10532, 71.44, 72, 48.65, 1, 3216
14744, 10533, 71.44, 72, 48.65, 1, 3216
14745, 10534, 71.44, 72, 48.65, 1, 3216
14746, 10534, 71.44, 72, 48.65, 1, 3216
14747, 10535, 71.44, 72, 48.65, 1, 3216
14748, 10536, 71.44, 72, 48.65, 1, 3216
14749, 10536, 71.44, 72, 48.65, 1, 3216
14750, 10537, 71.44, 72, 48.65, 1, 3216
14751, 10537, 71.43, 72, 48.65, 1, 3216
14752, 10538, 71.43, 72, 48.65, 1, 3216
14753, 10538, 71.43, 72, 48.65, 1, 3216
14754, 10539, 71.43, 72, 48.65, 1, 3216
14755, 10539, 71.43, 72, 48.65, 1, 3216
14756, 10540, 71.43, 72, 48.65, 1, 3216
14757, 10541, 71.43, 72, 48.65, 1, 3216
14758, 10541, 71.43, 72, 48.65, 1, 3217
14759, 10542, 71.43, 72, 48.65, 1, 3217
14760, 10543, 71.43, 72, 48.65, 1, 3217
14761, 10543, 71.42, 72, 48.65, 1, 3218
14762, 10544, 71.43, 72, 48.65, 1, 3218
14763, 10545, 71.43, 72, 48.65, 1, 3218
14764, 10546, 71.43, 72, 48.65, 1, 3218
14765, 10546, 71.43, 72, 48.65, 1, 3219
14766, 10547, 71.43, 72, 48.65, 1, 3219
14767, 10548, 71.43, 72, 48.65, 1, 3219
14768, 10548, 71.42, 72, 48.65, 1, 3220
14769, 10549, 71.43, 72, 48.65, 1, 3220
14770, 10550, 71.43, 72, 48.65, 1, 3220
14771, 10550, 71.42, 72, 48.65, 1, 3220
14772, 10550, 71.42, 72, 48.65, 1, 3220
14773, 10550, 71.41, 72, 48.65, 1, 3220
14774, 10551, 71.42, 72, 48.65, 1, 3220
14775, 10552, 71.42, 72, 48.65, 1, 3220
14776, 10552, 71.41, 72, 48.65, 1, 3221
14777, 10552, 71.41, 72, 48.65, 1, 3222
14778, 10552, 71.40, 72, 48.65, 1, 3223
14779, 10553, 71.41, 72, 48.65, 1, 3223
14780, 10554, 71.41, 72, 48.65, 1, 3223
14781, 10554, 71.40, 72, 48.65, 1, 3224
14782, 10555, 71.40, 72, 48.65, 1, 3224
14783, 10555, 71.40, 72, 48.65, 1, 3225
14784, 10556, 71.40, 72, 48.65, 1, 3225
14785, 10556, 71.40, 72, 48.65, 1, 3226
14786, 10556, 71.39, 72, 48.65, 1, 3226
14787, 10557, 71.39, 72, 48.65, 1, 3226
14788, 10558, 71.40, 72, 48.65, 1, 3226
14789, 10558, 71.39, 72, 48.65, 1, 3226
14790, 10558, 71.39, 72, 48.65, 1, 3227
14791, 10559, 71.39, 72, 48.65, 1, 3227
14792, 10560, 71.39, 72, 48.65, 1, 3227
14793, 10561, 71.39, 72, 48.65, 1, 3227
14794, 10562, 71.39, 72, 48.65, 1, 3227
14795, 10562, 71.39, 72, 48.65, 1, 3228
14796, 10563, 71.39, 72, 48.65, 1, 3228
14797, 10564, 71.39, 72, 48.65, 1, 3228
14798, 10565, 71.39, 72, 48.65, 1, 3228
14799, 10566, 71.40, 72, 48.65, 1, 3228
14800, 10567, 71.40, 72, 48.65, 1, 3228
14801, 10568, 71.40, 72, 48.65, 1, 3228
14802, 10569, 71.40, 72, 48.65, 1, 3228
14803, 10570, 71.40, 72, 48.65, 1, 3228
14804, 10571, 71.41, 72, 48.65, 1, 3228
14805, 10572, 71.41, 72, 48.65, 1, 3228
14806, 10573, 71.41, 72, 48.65, 1, 3228
14807, 10574, 71.41, 72, 48.65, 1, 3228
14808, 10575, 71.41, 72, 48.65, 1, 3228
14809, 10576, 71.42, 72, 48.65, 1, 3228
14810, 10577, 71.42, 72, 48.65, 1, 3228
14811, 10578, 71.42, 72, 48.65, 1, 3228
14812, 10579, 71.42, 72, 48.65, 1, 3228
14813, 10579, 71.42, 72, 48.65, 1, 3229
14814, 10580, 71.42, 72, 48.65, 1, 3229
14815, 10581, 71.42, 72, 48.65, 1, 3229
14816, 10582, 71.42, 72, 48.65, 1, 3229
14817, 10583, 71.42, 72, 48.65, 1, 3229
14818, 10584, 71.43, 72, 48.65, 1, 3229
14819, 10585, 71.43, 72, 48.65, 1, 3229
14820, 10586, 71.43, 72, 48.65, 1, 3229
14821, 10587, 71.43, 72, 48.65, 1, 3229
14822, 10588, 71.43, 72, 48.65, 1, 3229
14823, 10588, 71.43, 72, 48.65, 1, 3230
14824, 10589, 71.43, 72, 48.65, 1, 3230
14825, 10590, 71.43, 72, 48.65, 1, 3230
14826, 10591, 71.44, 72, 48.65, 1, 3230
14827, 10592, 71.44, 72, 48.65, 1, 3230
14828, 10593, 71.44, 72, 48.65, 1, 3230
14829, 10594, 71.44, 72, 48.65, 1, 3230
14830, 10595, 71.44, 72, 48.65, 1, 3230
14831, 10596, 71.44, 72, 48.65, 1, 3230
14832, 10596, 71.44, 72, 48.65, 1, 3231
14833, 10597, 71.44, 72, 48.65, 1, 3231
14834, 10598, 71.44, 72, 48.65, 1, 3231
14835, 10599, 71.45, 72, 48.65, 1, 3231
14836, 10600, 71.45, 72, 48.65, 1, 3231
14837, 10601, 71.45, 72, 48.65, 1, 3231
14838, 10602, 71.45, 72, 48.65, 1, 3231
14839, 10603, 71.45, 72, 48.65, 1, 3231
14840, 10604, 71.46, 72, 48.65, 1, 3231
14841, 10605, 71.46, 72, 48.65, 1, 3231
14842, 10605, 71.45, 72, 48.65, 1, 3232
14843, 10606, 71.45, 72, 48.65, 1, 3232
14844, 10607, 71.46, 72, 48.65, 1, 3232
14845, 10608, 71.46, 72, 48.65, 1, 3232
14846, 10609, 71.46, 72, 48.65, 1, 3232
14847, 10609, 71.46, 72, 48.65, 1, 3233
14848, 10609, 71.45, 72, 48.65, 1, 3234
14849, 10609, 71.45, 72, 48.65, 1, 3235
14850, 10610, 71.45, 72, 48.65, 1, 3235
14851, 10611, 71.45, 72, 48.65, 1, 3235
14852, 10611, 71.44, 72, 48.65, 1, 3236
14853, 10612, 71.45, 72, 48.65, 1, 3236
14854, 10613, 71.45, 72, 48.65, 1, 3236
14855, 10613, 71.44, 72, 48.65, 1, 3237
14856, 10614, 71.45, 72, 48.65, 1, 3237
14857, 10615, 71.45, 72, 48.65, 1, 3237
14858, 10616, 71.45, 72, 48.65, 1, 3237
14859, 10617, 71.45, 72, 48.65, 1, 3237
14860, 10618, 71.45, 72, 48.65, 1, 3237
14861, 10619, 71.46, 72, 48.65, 1, 3237
14862, 10620, 71.46, 72, 48.65, 1, 3237
14863, 10621, 71.46, 72, 48.65, 1, 3237
14864, 10622, 71.46, 72, 48.65, 1, 3237
14865, 10623, 71.46, 72, 48.65, 1, 3237
14866, 10624, 71.47, 72, 48.65, 1, 3237
14867, 10625, 71.47, 72, 48.65, 1, 3237
14868, 10626, 71.47, 72, 48.65, 1, 3237
14869, 10626, 71.46, 72, 48.65, 1, 3238
14870, 10627, 71.47, 72, 48.65, 1, 3238
14871, 10627, 71.46, 72, 48.65, 1, 3239
14872, 10628, 71.46, 72, 48.65, 1, 3239
14873, 10629, 71.47, 72, 48.65, 1, 3239
14874, 10630, 71.47, 72, 48.65, 1, 3239
14875, 10630, 71.46, 72, 48.65, 1, 3240
14876, 10630, 71.46, 72, 48.65, 1, 3241
14877, 10630, 71.45, 72, 48.65, 1, 3242
14878, 10631, 71.45, 72, 48.65, 1, 3242
14879, 10632, 71.46, 72, 48.65, 1, 3242
14880, 10633, 71.46, 72, 48.65, 1, 3242
14881, 10634, 71.46, 72, 48.65, 1, 3242
14882, 10635, 71.46, 72, 48.65, 1, 3242
14883, 10636, 71.46, 72, 48.65, 1, 3242
14884, 10636, 71.46, 72, 48.65, 1, 3243
14885, 10637, 71.46, 72, 48.65, 1, 3243
14886, 10638, 71.46, 72, 48.65, 1, 3243
14887, 10639, 71.47, 72, 48.65, 1, 3243
14888, 10640, 71.47, 72, 48.65, 1, 3243
14889, 10641, 71.47, 72, 48.65, 1, 3243
14890, 10642, 71.47, 72, 48.65, 1, 3243
14891, 10643, 71.47, 72, 48.65, 1, 3243
14892, 10644, 71.47, 72, 48.65, 1, 3243
14893, 10645, 71.48, 72, 48.65, 1, 3243
14894, 10646, 71.48, 72, 48.65, 1, 3243
14895, 10646, 71.47, 72, 48.65, 1, 3244
14896, 10647, 71.48, 72, 48.65, 1, 3244
14897, 10648, 71.48, 72, 48.65, 1, 3244
14898, 10649, 71.48, 72, 48.65, 1, 3244
14899, 10650, 71.48, 72, 48.65, 1, 3244
14900, 10650, 71.48, 72, 48.65, 1, 3245
14901, 10651, 71.48, 72, 48.65, 1, 3245
14902, 10652, 71.48, 72, 48.65, 1, 3245
14903, 10652, 71.48, 72, 48.65, 1, 3245
14904, 10653, 71.48, 72, 48.65, 1, 3245
14905, 10654, 71.48, 72, 48.65, 1, 3245
14906, 10655, 71.48, 72, 48.65, 1, 3245
14907, 10655, 71.48, 72, 48.65, 1, 3246
14908, 10656, 71.48, 72, 48.65, 1, 3246
14909, 10657, 71.48, 72, 48.65, 1, 3246
14910, 10658, 71.48, 72, 48.65, 1, 3246
14911, 10658, 71.48, 72, 48.65, 1, 3247
14912, 10658, 71.47, 72, 48.65, 1, 3248
14913, 10659, 71.47, 72, 48.65, 1, 3248
14914, 10660, 71.48, 72, 48.65, 1, 3248
14915, 10661, 71.48, 72, 48.65, 1, 3248
14916, 10662, 71.48, 72, 48.65, 1, 3248
14917, 10663, 71.48, 72, 48.65, 1, 3248
14918, 10664, 71.48, 72, 48.65, 1, 3248
14919, 10664, 71.48, 72, 48.65, 1, 3249
14920, 10664, 71.47, 72, 48.65, 1, 3250
14921, 10665, 71.48, 72, 48.65, 1, 3250
14922, 10666, 71.48, 72, 48.65, 1, 3250
14923, 10667, 71.48, 72, 48.65, 1, 3250
14924, 10668, 71.48, 72, 48.65, 1, 3250
14925, 10668, 71.48, 72, 48.65, 1, 3251
14926, 10669, 71.48, 72, 48.65, 1, 3251
14927, 10670, 71.48, 72, 48.65, 1, 3251
14928, 10670, 71.48, 72, 48.65, 1, 3252
14929, 10671, 71.48, 72, 48.65, 1, 3252
14930, 10672, 71.48, 72, 48.65, 1, 3252
14931, 10673, 71.48, 72, 48.65, 1, 3252
14932, 10673, 71.48, 72, 48.65, 1, 3252
14933, 10673, 71.47, 72, 48.65, 1, 3253
14934, 10674, 71.47, 72, 48.65, 1, 3253
14935, 10675, 71.48, 72, 48.65, 1, 3253
14936, 10676, 71.48, 72, 48.65, 1, 3253
14937, 10677, 71.48, 72, 48.65, 1, 3253
14938, 10677, 71.48, 72, 48.65, 1, 3254
14939, 10678, 71.48, 72, 48.65, 1, 3254
14940, 10679, 71.48, 72, 48.65, 1, 3254
14941, 10680, 71.48, 72, 48.65, 1, 3254
14942, 10681, 71.48, 72, 48.65, 1, 3254
14943, 10682, 71.48, 72, 48.65, 1, 3254
14944, 10682, 71.48, 72, 48.65, 1, 3254
14945, 10683, 71.48, 72, 48.65, 1, 3254
14946, 10683, 71.48, 72, 48.65, 1, 3255
14947, 10684, 71.48, 72, 48.65, 1, 3255
14948, 10685, 71.48, 72, 48.65, 1, 3255
14949, 10686, 71.48, 72, 48.65, 1, 3255
14950, 10686, 71.48, 72, 48.65, 1, 3256
14951, 10687, 71.48, 72, 48.65, 1, 3256
14952, 10687, 71.48, 72, 48.65, 1, 3256
14953, 10688, 71.48, 72, 48.65, 1, 3256
14954, 10689, 71.48, 72, 48.65, 1, 3256
14955, 10690, 71.48, 72, 48.65, 1, 3256
14956, 10690, 71.48, 72, 48.65, 1, 3257
14957, 10691, 71.48, 72, 48.65, 1, 3257
14958, 10692, 71.48, 72, 48.65, 1, 3257
14959, 10693, 71.48, 72, 48.65, 1, 3257
14960, 10694, 71.48, 72, 48.65, 1, 3257
14961, 10694, 71.48, 72, 48.65, 1, 3258
14962, 10695, 71.48, 72, 48.65, 1, 3258
14963, 10695, 71.48, 72, 48.65, 1, 3259
14964, 10696, 71.48, 72, 48.65, 1, 3259
14965, 10697, 71.48, 72, 48.65, 1, 3259
14966, 10698, 71.48, 72, 48.65, 1, 3259
14967, 10698, 71.48, 72, 48.65, 1, 3260
14968, 10699, 71.48, 72, 48.65, 1, 3260
14969, 10700, 71.48, 72, 48.65, 1, 3260
14970, 10701, 71.48, 72, 48.65, 1, 3260
14971, 10702, 71.48, 72, 48.65, 1, 3260
14972, 10703, 71.49, 72, 48.65, 1, 3260
14973, 10704, 71.49, 72, 48.65, 1, 3260
14974, 10705, 71.49, 72, 48.65, 1, 3260
14975, 10706, 71.49, 72, 48.65, 1, 3260
14976, 10706, 71.49, 72, 48.65, 1, 3261
14977, 10707, 71.49, 72, 48.65, 1, 3261
14978, 10708, 71.49, 72, 48.65, 1, 3261
14979, 10709, 71.49, 72, 48.65, 1, 3261
14980, 10710, 71.50, 72, 48.65, 1, 3261
14981, 10711, 71.50, 72, 48.65, 1, 3261
14982, 10711, 71.49, 72, 48.65, 1, 3262
14983, 10712, 71.49, 72, 48.65, 1, 3262
14984, 10713, 71.50, 72, 48.65, 1, 3262
14985, 10714, 71.50, 72, 48.65, 1, 3262
14986, 10714, 71.49, 72, 48.65, 1, 3263
14987, 10714, 71.49, 72, 48.65, 1, 3263
14988, 10715, 71.49, 72, 48.65, 1, 3263
14989, 10715, 71.49, 72, 48.65, 1, 3263
14990, 10716, 71.49, 72, 48.65, 1, 3263
14991, 10716, 71.48, 72, 48.65, 1, 3263
14992, 10717, 71.48, 72, 48.65, 1, 3263
14993, 10718, 71.49, 72, 48.65, 1, 3263
14994, 10719, 71.49, 72, 48.65, 1, 3263
14995, 10720, 71.49, 72, 48.65, 1, 3263
14996, 10720, 71.49, 72, 48.65, 1, 3264
14997, 10721, 71.49, 72, 48.65, 1, 3264
14998, 10722, 71.49, 72, 48.65, 1, 3264
14999, 10723, 71.49, 72, 48.65, 1, 3264
15000, 10724, 71.49, 72, 48.65, 1, 3264
15001, 10725, 71.50, 72, 48.65, 1, 3264
15002, 10726, 71.50, 72, 48.65, 1, 3264
15003, 10726, 71.49, 72, 48.65, 1, 3265
15004, 10727, 71.49, 72, 48.65, 1, 3265
15005, 10727, 71.49, 72, 48.65, 1, 3266
15006, 10728, 71.49, 72, 48.65, 1, 3266
15007, 10729, 71.49, 72, 48.65, 1, 3266
15008, 10729, 71.49, 72, 48.65, 1, 3267
15009, 10730, 71.49, 72, 48.65, 1, 3267
15010, 10730, 71.49, 72, 48.65, 1, 3268
15011, 10731, 71.49, 72, 48.65, 1, 3268
15012, 10732, 71.49, 72, 48.65, 1, 3268
15013, 10733, 71.49, 72, 48.65, 1, 3268
15014, 10734, 71.49, 72, 48.65, 1, 3268
15015, 10735, 71.50, 72, 48.65, 1, 3268
15016, 10735, 71.49, 72, 48.65, 1, 3269
15017, 10736, 71.49, 72, 48.65, 1, 3269
15018, 10736, 71.49, 72, 48.65, 1, 3270
15019, 10736, 71.48, 72, 48.65, 1, 3270
15020, 10736, 71.48, 72, 48.65, 1, 3270
15021, 10737, 71.48, 72, 48.65, 1, 3270
15022, 10738, 71.48, 72, 48.65, 1, 3270
15023, 10738, 71.48, 72, 48.65, 1, 3270
15024, 10739, 71.48, 72, 48.65, 1, 3270
15025, 10739, 71.47, 72, 48.65, 1, 3270
15026, 10740, 71.48, 72, 48.65, 1, 3270
15027, 10741, 71.48, 72, 48.65, 1, 3270
15028, 10742, 71.48, 72, 48.65, 1, 3270
15029, 10743, 71.48, 72, 48.65, 1, 3270
15030, 10743, 71.48, 72, 48.65, 1, 3271
15031, 10744, 71.48, 72, 48.65, 1, 3271
15032, 10744, 71.47, 72, 48.65, 1, 3272
15033, 10744, 71.47, 72, 48.65, 1, 3272
15034, 10744, 71.46, 72, 48.65, 1, 3272
15035, 10745, 71.47, 72, 48.65, 1, 3272
15036, 10746, 71.47, 72, 48.65, 1, 3272
15037, 10747, 71.47, 72, 48.65, 1, 3272
15038, 10747, 71.47, 72, 48.65, 1, 3272
15039, 10747, 71.46, 72, 48.65, 1, 3273
15040, 10748, 71.46, 72, 48.65, 1, 3273
15041, 10749, 71.46, 72, 48.65, 1, 3273
15042, 10750, 71.47, 72, 48.65, 1, 3273
15043, 10751, 71.47, 72, 48.65, 1, 3273
15044, 10752, 71.47, 72, 48.65, 1, 3273
15045, 10753, 71.47, 72, 48.65, 1, 3273
15046, 10753, 71.47, 72, 48.65, 1, 3274
15047, 10754, 71.47, 72, 48.65, 1, 3274
15048, 10755, 71.47, 72, 48.65, 1, 3274
15049, 10755, 71.47, 72, 48.65, 1, 3275
15050, 10755, 71.46, 72, 48.65, 1, 3276
15051, 10755, 71.46, 72, 48.65, 1, 3276
15052, 10756, 71.46, 72, 48.65, 1, 3276
15053, 10756, 71.45, 72, 48.65, 1, 3277
15054, 10757, 71.46, 72, 48.65, 1, 3277
15055, 10758, 71.46, 72, 48.65, 1, 3277
15056, 10759, 71.46, 72, 48.65, 1, 3277
15057, 10759, 71.46, 72, 48.65, 1, 3278
15058, 10760, 71.46, 72, 48.65, 1, 3278
15059, 10761, 71.46, 72, 48.65, 1, 3278
15060, 10762, 71.46, 72, 48.65, 1, 3278
15061, 10763, 71.46, 72, 48.65, 1, 3278
15062, 10764, 71.46, 72, 48.65, 1, 3278
15063, 10765, 71.47, 72, 48.65, 1, 3278
15064, 10765, 71.46, 72, 48.65, 1, 3279
15065, 10766, 71.46, 72, 48.65, 1, 3279
15066, 10767, 71.47, 72, 48.65, 1, 3279
15067, 10768, 71.47, 72, 48.65, 1, 3279
15068, 10769, 71.47, 72, 48.65, 1, 3279
15069, 10769, 71.46, 72, 48.65, 1, 3280
15070, 10770, 71.47, 72, 48.65, 1, 3280
15071, 10771, 71.47, 72, 48.65, 1, 3280
15072, 10771, 71.46, 72, 48.65, 1, 3281
15073, 10772, 71.47, 72, 48.65, 1, 3281
15074, 10773, 71.47, 72, 48.65, 1, 3281
15075, 10774, 71.47, 72, 48.65, 1, 3281
15076, 10775, 71.47, 72, 48.65, 1, 3281
15077, 10776, 71.47, 72, 48.65, 1, 3281
15078, 10777, 71.47, 72, 48.65, 1, 3281
15079, 10777, 71.47, 72, 48.65, 1, 3282
15080, 10778, 71.47, 72, 48.65, 1, 3282
15081, 10779, 71.47, 72, 48.65, 1, 3282
15082, 10780, 71.48, 72, 48.65, 1, 3282
15083, 10780, 71.47, 72, 48.65, 1, 3283
15084, 10781, 71.47, 72, 48.65, 1, 3283
15085, 10782, 71.47, 72, 48.65, 1, 3283
15086, 10783, 71.48, 72, 48.65, 1, 3283
15087, 10783, 71.47, 72, 48.65, 1, 3284
15088, 10784, 71.47, 72, 48.65, 1, 3284
15089, 10785, 71.48, 72, 48.65, 1, 3284
15090, 10786, 71.48, 72, 48.65, 1, 3284
15091, 10786, 71.47, 72, 48.65, 1, 3285
15092, 10786, 71.47, 72, 48.65, 1, 3286
15093, 10787, 71.47, 72, 48.65, 1, 3286
15094, 10788, 71.47, 72, 48.65, 1, 3286
15095, 10789, 71.47, 72, 48.65, 1, 3286
15096, 10790, 71.48, 72, 48.65, 1, 3286
15097, 10790, 71.47, 72, 48.65, 1, 3287
15098, 10791, 71.47, 72, 48.65, 1, 3287
15099, 10791, 71.47, 72, 48.65, 1, 3288
15100, 10792, 71.47, 72, 48.65, 1, 3288
15101, 10793, 71.47, 72, 48.65, 1, 3288
15102, 10793, 71.47, 72, 48.65, 1, 3289
15103, 10794, 71.47, 72, 48.65, 1, 3289
15104, 10794, 71.46, 72, 48.65, 1, 3289
15105, 10795, 71.47, 72, 48.65, 1, 3289
15106, 10796, 71.47, 72, 48.65, 1, 3289
15107, 10797, 71.47, 72, 48.65, 1, 3289
15108, 10798, 71.47, 72, 48.65, 1, 3289
15109, 10799, 71.47, 72, 48.65, 1, 3289
15110, 10800, 71.48, 72, 48.65, 1, 3289
15111, 10801, 71.48, 72, 48.65, 1, 3289
15112, 10802, 71.48, 72, 48.65, 1, 3289
15113, 10803, 71.48, 72, 48.65, 1, 3289
15114, 10803, 71.48, 72, 48.65, 1, 3290
15115, 10804, 71.48, 72, 48.65, 1, 3290
15116, 10805, 71.48, 72, 48.65, 1, 3290
15117, 10805, 71.48, 72, 48.65, 1, 3291
15118, 10806, 71.48, 72, 48.65, 1, 3291
15119, 10807, 71.48, 72, 48.65, 1, 3291
15120, 10808, 71.48, 72, 48.65, 1, 3291
15121, 10808, 71.48, 72, 48.65, 1, 3292
15122, 10809, 71.48, 72, 48.65, 1, 3292
15123, 10809, 71.47, 72, 48.65, 1, 3293
15124, 10810, 71.48, 72, 48.65, 1, 3293
15125, 10811, 71.48, 72, 48.65, 1, 3293
15126, 10812, 71.48, 72, 48.65, 1, 3293
15127, 10812, 71.47, 72, 48.65, 1, 3294
15128, 10813, 71.48, 72, 48.65, 1, 3294
15129, 10814, 71.48, 72, 48.65, 1, 3294
15130, 10814, 71.47, 72, 48.65, 1, 3295
15131, 10815, 71.48, 72, 48.65, 1, 3295
15132, 10816, 71.48, 72, 48.65, 1, 3295
15133, 10816, 71.47, 72, 48.65, 1, 3295
15134, 10817, 71.47, 72, 48.65, 1, 3295
15135, 10817, 71.47, 72, 48.65, 1, 3296
15136, 10818, 71.47, 72, 48.65, 1, 3296
15137, 10819, 71.47, 72, 48.65, 1, 3296
15138, 10820, 71.48, 72, 48.65, 1, 3296
15139, 10821, 71.48, 72, 48.65, 1, 3296
15140, 10822, 71.48, 72, 48.65, 1, 3296
15141, 10823, 71.48, 72, 48.65, 1, 3296
15142, 10824, 71.48, 72, 48.65, 1, 3296
15143, 10825, 71.49, 72, 48.65, 1, 3296
15144, 10826, 71.49, 72, 48.65, 1, 3296
15145, 10826, 71.48, 72, 48.65, 1, 3297
15146, 10827, 71.48, 72, 48.65, 1, 3297
15147, 10828, 71.49, 72, 48.65, 1, 3297
15148, 10829, 71.49, 72, 48.65, 1, 3297
15149, 10830, 71.49, 72, 48.65, 1, 3297
15150, 10831, 71.49, 72, 48.65, 1, 3297
15151, 10832, 71.49, 72, 48.65, 1, 3297
15152, 10833, 71.50, 72, 48.65, 1, 3297
15153, 10834, 71.50, 72, 48.65, 1, 3297
15154, 10835, 71.50, 72, 48.65, 1, 3297
15155, 10836, 71.50, 72, 48.65, 1, 3297
15156, 10837, 71.50, 72, 48.65, 1, 3297
15157, 10838, 71.50, 72, 48.65, 1, 3297
15158, 10839, 71.51, 72, 48.65, 1, 3297
15159, 10839, 71.50, 72, 48.65, 1, 3298
15160, 10839, 71.50, 72, 48.65, 1, 3299
15161, 10840, 71.50, 72, 48.65, 1, 3299
15162, 10840, 71.49, 72, 48.65, 1, 3300
15163, 10841, 71.50, 72, 48.65, 1, 3300
15164, 10842, 71.50, 72, 48.65, 1, 3300
15165, 10843, 71.50, 72, 48.65, 1, 3300
15166, 10844, 71.50, 72, 48.65, 1, 3300
15167, 10845, 71.50, 72, 48.65, 1, 3300
15168, 10846, 71.51, 72, 48.65, 1, 3300
15169, 10847, 71.51, 72, 48.65, 1, 3300
15170, 10848, 71.51, 72, 48.65, 1, 3300
15171, 10849, 71.51, 72, 48.65, 1, 3300
15172, 10850, 71.51, 72, 48.65, 1, 3300
15173, 10851, 71.52, 72, 48.65, 1, 3300
15174, 10852, 71.52, 72, 48.65, 1, 3300
15175, 10853, 71.52, 72, 48.65, 1, 3300
15176, 10854, 71.52, 72, 48.65, 1, 3300
15177, 10855, 71.52, 72, 48.65, 1, 3300
15178, 10856, 71.52, 72, 48.65, 1, 3300
15179, 10856, 71.52, 72, 48.65, 1, 3300
15180, 10857, 71.52, 72, 48.65, 1, 3300
15181, 10858, 71.52, 72, 48.65, 1, 3300
15182, 10858, 71.52, 72, 48.65, 1, 3300
15183, 10858, 71.51, 72, 48.65, 1, 3300
15184, 10858, 71.51, 72, 48.65, 1, 3301
15185, 10859, 71.51, 72, 48.65, 1, 3301
15186, 10860, 71.51, 72, 48.65, 1, 3301
15187, 10860, 71.51, 72, 48.65, 1, 3302
15188, 10861, 71.51, 72, 48.65, 1, 3302
15189, 10862, 71.51, 72, 48.65, 1, 3302
15190, 10863, 71.51, 72, 48.65, 1, 3302
15191, 10863, 71.51, 72, 48.65, 1, 3303
15192, 10864, 71.51, 72, 48.65, 1, 3303
15193, 10865, 71.51, 72, 48.65, 1, 3303
15194, 10866, 71.52, 72, 48.65, 1, 3303
15195, 10867, 71.52, 72, 48.65, 1, 3303
15196, 10867, 71.51, 72, 48.65, 1, 3304
15197, 10867, 71.51, 72, 48.65, 1, 3305
15198, 10868, 71.51, 72, 48.65, 1, 3305
15199, 10868, 71.50, 72, 48.65, 1, 3306
15200, 10869, 71.51, 72, 48.65, 1, 3306
15201, 10870, 71.51, 72, 48.65, 1, 3306
15202, 10870, 71.50, 72, 48.65, 1, 3307
15203, 10870, 71.50, 72, 48.65, 1, 3308
15204, 10871, 71.50, 72, 48.65, 1, 3308
15205, 10872, 71.50, 72, 48.65, 1, 3308
15206, 10873, 71.50, 72, 48.65, 1, 3308
15207, 10874, 71.51, 72, 48.65, 1, 3308
15208, 10875, 71.51, 72, 48.65, 1, 3308
15209, 10876, 71.51, 72, 48.65, 1, 3308
15210, 10877, 71.51, 72, 48.65, 1, 3308
15211, 10877, 71.51, 72, 48.65, 1, 3309
15212, 10877, 71.50, 72, 48.65, 1, 3310
15213, 10877, 71.50, 72, 48.65, 1, 3311
15214, 10878, 71.50, 72, 48.65, 1, 3311
15215, 10879, 71.50, 72, 48.65, 1, 3311
15216, 10880, 71.50, 72, 48.65, 1, 3311
15217, 10881, 71.51, 72, 48.65, 1, 3311
15218, 10882, 71.51, 72, 48.65, 1, 3311
15219, 10883, 71.51, 72, 48.65, 1, 3311
15220, 10884, 71.51, 72, 48.65, 1, 3311
15221, 10885, 71.51, 72, 48.65, 1, 3311
15222, 10886, 71.51, 72, 48.65, 1, 3311
15223, 10886, 71.51, 72, 48.65, 1, 3312
15224, 10887, 71.51, 72, 48.65, 1, 3312
15225, 10887, 71.51, 72, 48.65, 1, 3313
15226, 10887, 71.50, 72, 48.65, 1, 3314
15227, 10888, 71.50, 72, 48.65, 1, 3314
15228, 10889, 71.51, 72, 48.65, 1, 3314
15229, 10890, 71.51, 72, 48.65, 1, 3314
15230, 10890, 71.50, 72, 48.65, 1, 3315
15231, 10891, 71.51, 72, 48.65, 1, 3315
15232, 10891, 71.50, 72, 48.65, 1, 3316
15233, 10892, 71.50, 72, 48.65, 1, 3316
15234, 10893, 71.50, 72, 48.65, 1, 3316
15235, 10894, 71.51, 72, 48.65, 1, 3316
15236, 10894, 71.50, 72, 48.65, 1, 3317
15237, 10895, 71.50, 72, 48.65, 1, 3317
15238, 10896, 71.51, 72, 48.65, 1, 3317
15239, 10896, 71.50, 72, 48.65, 1, 3317
15240, 10897, 71.50, 72, 48.65, 1, 3317
15241, 10898, 71.50, 72, 48.65, 1, 3317
15242, 10899, 71.51, 72, 48.65, 1, 3317
15243, 10900, 71.51, 72, 48.65, 1, 3317
15244, 10901, 71.51, 72, 48.65, 1, 3317
15245, 10902, 71.51, 72, 48.65, 1, 3317
15246, 10903, 71.51, 72, 48.65, 1, 3317
15247, 10904, 71.52, 72, 48.65, 1, 3317
15248, 10904, 71.51, 72, 48.65, 1, 3317
15249, 10905, 71.51, 72, 48.65, 1, 3317
15250, 10906, 71.51, 72, 48.65, 1, 3317
15251, 10907, 71.52, 72, 48.65, 1, 3317
15252, 10908, 71.52, 72, 48.65, 1, 3317
15253, 10909, 71.52, 72, 48.65, 1, 3317
15254, 10910, 71.52, 72, 48.65, 1, 3317
15255, 10911, 71.52, 72, 48.65, 1, 3317
15256, 10912, 71.53, 72, 48.65, 1, 3317
15257, 10913, 71.53, 72, 48.65, 1, 3317
15258, 10914, 71.53, 72, 48.65, 1, 3317
15259, 10915, 71.53, 72, 48.65, 1, 3317
15260, 10916, 71.53, 72, 48.65, 1, 3317
15261, 10916, 71.53, 72, 48.65, 1, 3318
15262, 10917, 71.53, 72, 48.65, 1, 3318
15263, 10918, 71.53, 72, 48.65, 1, 3318
15264, 10918, 71.53, 72, 48.65, 1, 3319
15265, 10919, 71.53, 72, 48.65, 1, 3319
15266, 10919, 71.52, 72, 48.65, 1, 3320
15267, 10920, 71.53, 72, 48.65, 1, 3320
15268, 10920, 71.52, 72, 48.65, 1, 3321
15269, 10921, 71.52, 72, 48.65, 1, 3321
15270, 10922, 71.53, 72, 48.65, 1, 3321
15271, 10922, 71.52, 72, 48.65, 1, 3322
15272, 10922, 71.52, 72, 48.65, 1, 3323
15273, 10923, 71.52, 72, 48.65, 1, 3323
15274, 10924, 71.52, 72, 48.65, 1, 3323
15275, 10924, 71.52, 72, 48.65, 1, 3324
15276, 10925, 71.52, 72, 48.65, 1, 3324
15277, 10925, 71.51, 72, 48.65, 1, 3325
15278, 10926, 71.51, 72, 48.65, 1, 3325
15279, 10927, 71.52, 72, 48.65, 1, 3325
15280, 10927, 71.51, 72, 48.65, 1, 3326
15281, 10928, 71.51, 72, 48.65, 1, 3326
15282, 10929, 71.52, 72, 48.65, 1, 3326
15283, 10930, 71.52, 72, 48.65, 1, 3326
15284, 10931, 71.52, 72, 48.65, 1, 3326
15285, 10932, 71.52, 72, 48.65, 1, 3326
15286, 10933, 71.52, 72, 48.65, 1, 3326
15287, 10933, 71.52, 72, 48.65, 1, 3326
15288, 10934, 71.52, 72, 48.65, 1, 3326
15289, 10934, 71.52, 72, 48.65, 1, 3327
15290, 10934, 71.51, 72, 48.65, 1, 3328
15291, 10934, 71.51, 72, 48.65, 1, 3328
15292, 10935, 71.51, 72, 48.65, 1, 3328
15293, 10936, 71.51, 72, 48.65, 1, 3328
15294, 10936, 71.51, 72, 48.65, 1, 3329
15295, 10937, 71.51, 72, 48.65, 1, 3329
15296, 10937, 71.50, 72, 48.65, 1, 3330
15297, 10938, 71.50, 72, 48.65, 1, 3330
15298, 10939, 71.51, 72, 48.65, 1, 3330
15299, 10939, 71.50, 72, 48.65, 1, 3331
15300, 10940, 71.50, 72, 48.65, 1, 3331
15301, 10940, 71.50, 72, 48.65, 1, 3332
15302, 10941, 71.50, 72, 48.65, 1, 3332
15303, 10942, 71.50, 72, 48.65, 1, 3332
15304, 10943, 71.50, 72, 48.65, 1, 3332
15305, 10944, 71.51, 72, 48.65, 1, 3332
15306, 10944, 71.50, 72, 48.65, 1, 3332
15307, 10945, 71.50, 72, 48.65, 1, 3332
15308, 10946, 71.51, 72, 48.65, 1, 3332
15309, 10947, 71.51, 72, 48.65, 1, 3332
15310, 10948, 71.51, 72, 48.65, 1, 3332
15311, 10949, 71.51, 72, 48.65, 1, 3332
15312, 10950, 71.51, 72, 48.65, 1, 3332
15313, 10951, 71.51, 72, 48.65, 1, 3332
15314, 10952, 71.52, 72, 48.65, 1, 3332
15315, 10953, 71.52, 72, 48.65, 1, 3332
15316, 10953, 71.51, 72, 48.65, 1, 3333
15317, 10954, 71.52, 72, 48.65, 1, 3333
15318, 10955, 71.52, 72, 48.65, 1, 3333
15319, 10956, 71.52, 72, 48.65, 1, 3333
15320, 10957, 71.52, 72, 48.65, 1, 3333
15321, 10958, 71.52, 72, 48.65, 1, 3333
15322, 10958, 71.52, 72, 48.65, 1, 3334
15323, 10959, 71.52, 72, 48.65, 1, 3334
15324, 10960, 71.52, 72, 48.65, 1, 3334
15325, 10960, 71.52, 72, 48.65, 1, 3335
15326, 10960, 71.51, 72, 48.65, 1, 3336
15327, 10961, 71.51, 72, 48.65, 1, 3336
15328, 10962, 71.52, 72, 48.65, 1, 3336
15329, 10962, 71.51, 72, 48.65, 1, 3337
15330, 10963, 71.51, 72, 48.65, 1, 3337
15331, 10964, 71.52, 72, 48.65, 1, 3337
15332, 10965, 71.52, 72, 48.65, 1, 3337
15333, 10966, 71.52, 72, 48.65, 1, 3337
15334, 10966, 71.51, 72, 48.65, 1, 3337
15335, 10967, 71.52, 72, 48.65, 1, 3337
15336, 10968, 71.52, 72, 48.65, 1, 3337
15337, 10969, 71.52, 72, 48.65, 1, 3337
15338, 10969, 71.52, 72, 48.65, 1, 3338
15339, 10970, 71.52, 72, 48.65, 1, 3338
15340, 10970, 71.51, 72, 48.65, 1, 3339
15341, 10971, 71.51, 72, 48.65, 1, 3339
15342, 10972, 71.52, 72, 48.65, 1, 3339
15343, 10973, 71.52, 72, 48.65, 1, 3339
15344, 10974, 71.52, 72, 48.65, 1, 3339
15345, 10975, 71.52, 72, 48.65, 1, 3339
15346, 10976, 71.52, 72, 48.65, 1, 3339
15347, 10976, 71.52, 72, 48.65, 1, 3339
15348, 10977, 71.52, 72, 48.65, 1, 3339
15349, 10978, 71.52, 72, 48.65, 1, 3339
15350, 10979, 71.52, 72, 48.65, 1, 3339
15351, 10979, 71.52, 72, 48.65, 1, 3339
15352, 10979, 71.52, 72, 48.65, 1, 3339
15353, 10979, 71.51, 72, 48.65, 1, 3340
15354, 10980, 71.51, 72, 48.65, 1, 3340
15355, 10981, 71.51, 72, 48.65, 1, 3340
15356, 10981, 71.51, 72, 48.65, 1, 3341
15357, 10981, 71.50, 72, 48.65, 1, 3342
15358, 10982, 71.51, 72, 48.65, 1, 3342
15359, 10983, 71.51, 72, 48.65, 1, 3342
15360, 10984, 71.51, 72, 48.65, 1, 3342
15361, 10984, 71.51, 72, 48.65, 1, 3343
15362, 10984, 71.50, 72, 48.65, 1, 3344
15363, 10985, 71.50, 72, 48.65, 1, 3344
15364, 10985, 71.50, 72, 48.65, 1, 3345
15365, 10986, 71.50, 72, 48.65, 1, 3345
15366, 10987, 71.50, 72, 48.65, 1, 3345
15367, 10987, 71.50, 72, 48.65, 1, 3346
15368, 10987, 71.49, 72, 48.65, 1, 3347
15369, 10988, 71.49, 72, 48.65, 1, 3347
15370, 10989, 71.50, 72, 48.65, 1, 3347
15371, 10990, 71.50, 72, 48.65, 1, 3347
15372, 10990, 71.49, 72, 48.65, 1, 3348
15373, 10991, 71.50, 72, 48.65, 1, 3348
15374, 10991, 71.49, 72, 48.65, 1, 3349
15375, 10992, 71.49, 72, 48.65, 1, 3349
15376, 10992, 71.49, 72, 48.65, 1, 3350
15377, 10993, 71.49, 72, 48.65, 1, 3350
15378, 10993, 71.49, 72, 48.65, 1, 3351
15379, 10994, 71.49, 72, 48.65, 1, 3351
15380, 10995, 71.49, 72, 48.65, 1, 3351
15381, 10995, 71.48, 72, 48.65, 1, 3352
15382, 10995, 71.48, 72, 48.65, 1, 3353
15383, 10995, 71.48, 72, 48.65, 1, 3353
15384, 10996, 71.48, 72, 48.65, 1, 3353
15385, 10997, 71.48, 72, 48.65, 1, 3353
15386, 10998, 71.48, 72, 48.65, 1, 3353
15387, 10999, 71.48, 72, 48.65, 1, 3353
15388, 10999, 71.48, 72, 48.65, 1, 3353
15389, 11000, 71.48, 72, 48.65, 1, 3353
15390, 11001, 71.48, 72, 48.65, 1, 3353
15391, 11001, 71.48, 72, 48.65, 1, 3354
15392, 11002, 71.48, 72, 48.65, 1, 3354
15393, 11003, 71.48, 72, 48.65, 1, 3354
15394, 11004, 71.48, 72, 48.65, 1, 3354
15395, 11005, 71.48, 72, 48.65, 1, 3354
15396, 11006, 71.49, 72, 48.65, 1, 3354
15397, 11006, 71.48, 72, 48.65, 1, 3355
15398, 11007, 71.48, 72, 48.65, 1, 3355
15399, 11008, 71.49, 72, 48.65, 1, 3355
15400, 11008, 71.48, 72, 48.65, 1, 3355
15401, 11008, 71.48, 72, 48.65, 1, 3356
15402, 11008, 71.47, 72, 48.65, 1, 3357
15403, 11009, 71.47, 72, 48.65, 1, 3357
15404, 11009, 71.47, 72, 48.65, 1, 3358
15405, 11010, 71.47, 72, 48.65, 1, 3358
15406, 11011, 71.47, 72, 48.65, 1, 3358
15407, 11012, 71.47, 72, 48.65, 1, 3358
15408, 11012, 71.47, 72, 48.65, 1, 3359
15409, 11012, 71.46, 72, 48.65, 1, 3360
15410, 11013, 71.47, 72, 48.65, 1, 3360
15411, 11014, 71.47, 72, 48.65, 1, 3360
15412, 11015, 71.47, 72, 48.65, 1, 3360
15413, 11016, 71.47, 72, 48.65, 1, 3360
15414, 11017, 71.47, 72, 48.65, 1, 3360
15415, 11018, 71.48, 72, 48.65, 1, 3360
15416, 11019, 71.48, 72, 48.65, 1, 3360
15417, 11020, 71.48, 72, 48.65, 1, 3360
15418, 11021, 71.48, 72, 48.65, 1, 3360
15419, 11022, 71.48, 72, 48.65, 1, 3360
15420, 11023, 71.49, 72, 48.65, 1, 3360
15421, 11024, 71.49, 72, 48.65, 1, 3360
15422, 11025, 71.49, 72, 48.65, 1, 3360
15423, 11026, 71.49, 72, 48.65, 1, 3360
15424, 11027, 71.49, 72, 48.65, 1, 3360
15425, 11028, 71.49, 72, 48.65, 1, 3360
15426, 11029, 71.50, 72, 48.65, 1, 3360
15427, 11030, 71.50, 72, 48.65, 1, 3360
15428, 11030, 71.49, 72, 48.65, 1, 3361
15429, 11031, 71.50, 72, 48.65, 1, 3361
15430, 11032, 71.50, 72, 48.65, 1, 3361
15431, 11032, 71.49, 72, 48.65, 1, 3362
15432, 11033, 71.49, 72, 48.65, 1, 3362
15433, 11033, 71.49, 72, 48.65, 1, 3363
15434, 11034, 71.49, 72, 48.65, 1, 3363
15435, 11034, 71.49, 72, 48.65, 1, 3364
15436, 11034, 71.48, 72, 48.65, 1, 3364
15437, 11035, 71.48, 72, 48.65, 1, 3364
15438, 11036, 71.49, 72, 48.65, 1, 3364
15439, 11037, 71.49, 72, 48.65, 1, 3364
15440, 11037, 71.48, 72, 48.65, 1, 3364
15441, 11038, 71.49, 72, 48.65, 1, 3364
15442, 11038, 71.48, 72, 48.65, 1, 3365
15443, 11038, 71.48, 72, 48.65, 1, 3366
15444, 11039, 71.48, 72, 48.65, 1, 3366
15445, 11039, 71.47, 72, 48.65, 1, 3367
15446, 11040, 71.47, 72, 48.65, 1, 3367
15447, 11041, 71.48, 72, 48.65, 1, 3367
15448, 11042, 71.48, 72, 48.65, 1, 3367
15449, 11043, 71.48, 72, 48.65, 1, 3367
15450, 11043, 71.48, 72, 48.65, 1, 3368
15451, 11044, 71.48, 72, 48.65, 1, 3368
15452, 11045, 71.48, 72, 48.65, 1, 3368
15453, 11046, 71.48, 72, 48.65, 1, 3368
15454, 11046, 71.48, 72, 48.65, 1, 3369
15455, 11046, 71.47, 72, 48.65, 1, 3370
15456, 11047, 71.47, 72, 48.65, 1, 3370
15457, 11048, 71.48, 72, 48.65, 1, 3370
15458, 11049, 71.48, 72, 48.65, 1, 3370
15459, 11050, 71.48, 72, 48.65, 1, 3370
15460, 11050, 71.47, 72, 48.65, 1, 3370
15461, 11051, 71.48, 72, 48.65, 1, 3370
15462, 11052, 71.48, 72, 48.65, 1, 3370
15463, 11053, 71.48, 72, 48.65, 1, 3370
15464, 11053, 71.48, 72, 48.65, 1, 3371
15465, 11053, 71.47, 72, 48.65, 1, 3372
15466, 11053, 71.47, 72, 48.65, 1, 3373
15467, 11054, 71.47, 72, 48.65, 1, 3373
15468, 11055, 71.47, 72, 48.65, 1, 3373
15469, 11055, 71.47, 72, 48.65, 1, 3374
15470, 11055, 71.46, 72, 48.65, 1, 3375
15471, 11056, 71.46, 72, 48.65, 1, 3375
15472, 11057, 71.46, 72, 48.65, 1, 3375
15473, 11057, 71.46, 72, 48.65, 1, 3375
15474, 11058, 71.46, 72, 48.65, 1, 3375
15475, 11059, 71.46, 72, 48.65, 1, 3375
15476, 11060, 71.47, 72, 48.65, 1, 3375
15477, 11061, 71.47, 72, 48.65, 1, 3375
15478, 11061, 71.46, 72, 48.65, 1, 3375
15479, 11062, 71.46, 72, 48.65, 1, 3375
15480, 11063, 71.47, 72, 48.65, 1, 3375
15481, 11063, 71.46, 72, 48.65, 1, 3375
15482, 11063, 71.46, 72, 48.65, 1, 3375
15483, 11064, 71.46, 72, 48.65, 1, 3375
15484, 11065, 71.46, 72, 48.65, 1, 3375
15485, 11066, 71.46, 72, 48.65, 1, 3375
15486, 11066, 71.46, 72, 48.65, 1, 3376
15487, 11066, 71.45, 72, 48.65, 1, 3377
15488, 11067, 71.46, 72, 48.65, 1, 3377
15489, 11068, 71.46, 72, 48.65, 1, 3377
15490, 11069, 71.46, 72, 48.65, 1, 3377
15491, 11070, 71.46, 72, 48.65, 1, 3377
15492, 11070, 71.46, 72, 48.65, 1, 3377
15493, 11071, 71.46, 72, 48.65, 1, 3377
15494, 11071, 71.45, 72, 48.65, 1, 3378
15495, 11071, 71.45, 72, 48.65, 1, 3379
15496, 11072, 71.45, 72, 48.65, 1, 3379
15497, 11073, 71.45, 72, 48.65, 1, 3379
15498, 11074, 71.45, 72, 48.65, 1, 3379
15499, 11075, 71.46, 72, 48.65, 1, 3379
15500, 11075, 71.45, 72, 48.65, 1, 3380
15501, 11075, 71.45, 72, 48.65, 1, 3381
15502, 11076, 71.45, 72, 48.65, 1, 3381
15503, 11076, 71.44, 72, 48.65, 1, 3382
15504, 11077, 71.45, 72, 48.65, 1, 3382
15505, 11078, 71.45, 72, 48.65, 1, 3382
15506, 11078, 71.44, 72, 48.65, 1, 3383
15507, 11078, 71.44, 72, 48.65, 1, 3384
15508, 11079, 71.44, 72, 48.65, 1, 3384
15509, 11080, 71.44, 72, 48.65, 1, 3384
15510, 11081, 71.44, 72, 48.65, 1, 3384
15511, 11082, 71.45, 72, 48.65, 1, 3384
15512, 11082, 71.44, 72, 48.65, 1, 3385
15513, 11083, 71.44, 72, 48.65, 1, 3385
15514, 11084, 71.45, 72, 48.65, 1, 3385
15515, 11084, 71.44, 72, 48.65, 1, 3386
15516, 11085, 71.44, 72, 48.65, 1, 3386
15517, 11086, 71.44, 72, 48.65, 1, 3386
15518, 11086, 71.44, 72, 48.65, 1, 3387
15519, 11087, 71.44, 72, 48.65, 1, 3387
15520, 11088, 71.44, 72, 48.65, 1, 3387
15521, 11089, 71.45, 72, 48.65, 1, 3387
15522, 11089, 71.44, 72, 48.65, 1, 3388
15523, 11090, 71.44, 72, 48.65, 1, 3388
15524, 11091, 71.44, 72, 48.65, 1, 3388
15525, 11091, 71.44, 72, 48.65, 1, 3388
15526, 11092, 71.44, 72, 48.65, 1, 3388
15527, 11093, 71.44, 72, 48.65, 1, 3388
15528, 11094, 71.45, 72, 48.65, 1, 3388
15529, 11095, 71.45, 72, 48.65, 1, 3388
15530, 11096, 71.45, 72, 48.65, 1, 3388
15531, 11097, 71.45, 72, 48.65, 1, 3388
15532, 11098, 71.45, 72, 48.65, 1, 3388
15533, 11098, 71.45, 72, 48.65, 1, 3388
15534, 11099, 71.45, 72, 48.65, 1, 3388
15535, 11100, 71.45, 72, 48.65, 1, 3388
15536, 11101, 71.45, 72, 48.65, 1, 3388
15537, 11102, 71.46, 72, 48.65, 1, 3388
15538, 11103, 71.46, 72, 48.65, 1, 3388
15539, 11104, 71.46, 72, 48.65, 1, 3388
15540, 11105, 71.46, 72, 48.65, 1, 3388
15541, 11105, 71.46, 72, 48.65, 1, 3389
15542, 11106, 71.46, 72, 48.65, 1, 3389
15543, 11107, 71.46, 72, 48.65, 1, 3389
15544, 11107, 71.46, 72, 48.65, 1, 3390
15545, 11108, 71.46, 72, 48.65, 1, 3390
15546, 11109, 71.46, 72, 48.65, 1, 3390
15547, 11110, 71.46, 72, 48.65, 1, 3390
15548, 11111, 71.46, 72, 48.65, 1, 3390
15549, 11112, 71.46, 72, 48.65, 1, 3390
15550, 11113, 71.47, 72, 48.65, 1, 3390
15551, 11114, 71.47, 72, 48.65, 1, 3390
15552, 11115, 71.47, 72, 48.65, 1, 3390
15553, 11116, 71.47, 72, 48.65, 1, 3390
15554, 11116, 71.47, 72, 48.65, 1, 3390
15555, 11117, 71.47, 72, 48.65, 1, 3390
15556, 11117, 71.46, 72, 48.65, 1, 3390
15557, 11118, 71.47, 72, 48.65, 1, 3390
15558, 11119, 71.47, 72, 48.65, 1, 3390
15559, 11120, 71.47, 72, 48.65, 1, 3390
15560, 11120, 71.47, 72, 48.65, 1, 3390
15561, 11120, 71.46, 72, 48.65, 1, 3391
15562, 11121, 71.46, 72, 48.65, 1, 3391
15563, 11122, 71.46, 72, 48.65, 1, 3391
15564, 11123, 71.47, 72, 48.65, 1, 3391
15565, 11123, 71.46, 72, 48.65, 1, 3392
15566, 11124, 71.46, 72, 48.65, 1, 3392
15567, 11125, 71.47, 72, 48.65, 1, 3392
15568, 11126, 71.47, 72, 48.65, 1, 3392
15569, 11127, 71.47, 72, 48.65, 1, 3392
15570, 11128, 71.47, 72, 48.65, 1, 3392
15571, 11129, 71.47, 72, 48.65, 1, 3392
15572, 11129, 71.47, 72, 48.65, 1, 3392
15573, 11130, 71.47, 72, 48.65, 1, 3392
15574, 11131, 71.47, 72, 48.65, 1, 3392
15575, 11132, 71.47, 72, 48.65, 1, 3392
15576, 11132, 71.47, 72, 48.65, 1, 3392
15577, 11133, 71.47, 72, 48.65, 1, 3392
15578, 11134, 71.47, 72, 48.65, 1, 3392
15579, 11135, 71.47, 72, 48.65, 1, 3392
15580, 11136, 71.48, 72, 48.65, 1, 3392
15581, 11137, 71.48, 72, 48.65, 1, 3392
15582, 11138, 71.48, 72, 48.65, 1, 3392
15583, 11138, 71.48, 72, 48.65, 1, 3393
15584, 11139, 71.48, 72, 48.65, 1, 3393
15585, 11140, 71.48, 72, 48.65, 1, 3393
15586, 11141, 71.48, 72, 48.65, 1, 3393
15587, 11142, 71.48, 72, 48.65, 1, 3393
15588, 11142, 71.48, 72, 48.65, 1, 3394
15589, 11142, 71.47, 72, 48.65, 1, 3395
15590, 11143, 71.48, 72, 48.65, 1, 3395
15591, 11144, 71.48, 72, 48.65, 1, 3395
15592, 11144, 71.47, 72, 48.65, 1, 3396
15593, 11145, 71.47, 72, 48.65, 1, 3396
15594, 11146, 71.48, 72, 48.65, 1, 3396
15595, 11147, 71.48, 72, 48.65, 1, 3396
15596, 11148, 71.48, 72, 48.65, 1, 3396
15597, 11149, 71.48, 72, 48.65, 1, 3396
15598, 11150, 71.48, 72, 48.65, 1, 3396
15599, 11151, 71.49, 72, 48.65, 1, 3396
15600, 11151, 71.48, 72, 48.65, 1, 3397
15601, 11151, 71.48, 72, 48.65, 1, 3398
15602, 11151, 71.47, 72, 48.65, 1, 3399
15603, 11152, 71.47, 72, 48.65, 1, 3399
15604, 11152, 71.47, 72, 48.65, 1, 3400
15605, 11152, 71.46, 72, 48.65, 1, 3400
15606, 11153, 71.47, 72, 48.65, 1, 3400
15607, 11153, 71.46, 72, 48.65, 1, 3400
15608, 11154, 71.46, 72, 48.65, 1, 3400
15609, 11154, 71.46, 72, 48.65, 1, 3400
15610, 11155, 71.46, 72, 48.65, 1, 3400
15611, 11156, 71.46, 72, 48.65, 1, 3400
15612, 11157, 71.46, 72, 48.65, 1, 3400
15613, 11158, 71.47, 72, 48.65, 1, 3400
15614, 11159, 71.47, 72, 48.65, 1, 3400
15615, 11160, 71.47, 72, 48.65, 1, 3400
15616, 11161, 71.47, 72, 48.65, 1, 3400
15617, 11161, 71.47, 72, 48.65, 1, 3400
15618, 11162, 71.47, 72, 48.65, 1, 3400
15619, 11163, 71.47, 72, 48.65, 1, 3400
15620, 11163, 71.47, 72, 48.65, 1, 3400
15621, 11164, 71.47, 72, 48.65, 1, 3400
15622, 11164, 71.46, 72, 48.65, 1, 3400
15623, 11165, 71.47, 72, 48.65, 1, 3400
15624, 11166, 71.47, 72, 48.65, 1, 3400
15625, 11166, 71.46, 72, 48.65, 1, 3401
15626, 11167, 71.46, 72, 48.65, 1, 3401
15627, 11168, 71.47, 72, 48.65, 1, 3401
15628, 11169, 71.47, 72, 48.65, 1, 3401
15629, 11169, 71.46, 72, 48.65, 1, 3402
15630, 11169, 71.46, 72, 48.65, 1, 3403
15631, 11170, 71.46, 72, 48.65, 1, 3403
15632, 11171, 71.46, 72, 48.65, 1, 3403
15633, 11172, 71.46, 72, 48.65, 1, 3403
15634, 11172, 71.46, 72, 48.65, 1, 3404
15635, 11172, 71.46, 72, 48.65, 1, 3405
15636, 11173, 71.46, 72, 48.65, 1, 3405
15637, 11174, 71.46, 72, 48.65, 1, 3405
15638, 11175, 71.46, 72, 48.65, 1, 3405
15639, 11175, 71.46, 72, 48.65, 1, 3406
15640, 11176, 71.46, 72, 48.65, 1, 3406
15641, 11177, 71.46, 72, 48.65, 1, 3406
15642, 11177, 71.46, 72, 48.65, 1, 3406
15643, 11178, 71.46, 72, 48.65, 1, 3406
15644, 11179, 71.46, 72, 48.65, 1, 3406
15645, 11180, 71.46, 72, 48.65, 1, 3406
15646, 11181, 71.46, 72, 48.65, 1, 3406
15647, 11181, 71.46, 72, 48.65, 1, 3406
15648, 11182, 71.46, 72, 48.65, 1, 3406
15649, 11182, 71.46, 72, 48.65, 1, 3407
15650, 11183, 71.46, 72, 48.65, 1, 3407
15651, 11184, 71.46, 72, 48.65, 1, 3407
15652, 11185, 71.46, 72, 48.65, 1, 3407
15653, 11185, 71.46, 72, 48.65, 1, 3408
15654, 11186, 71.46, 72, 48.65, 1, 3408
15655, 11186, 71.45, 72, 48.65, 1, 3409
15656, 11187, 71.46, 72, 48.65, 1, 3409
15657, 11188, 71.46, 72, 48.65, 1, 3409
15658, 11189, 71.46, 72, 48.65, 1, 3409
15659, 11190, 71.46, 72, 48.65, 1, 3409
15660, 11190, 71.46, 72, 48.65, 1, 3410
15661, 11190, 71.45, 72, 48.65, 1, 3411
15662, 11191, 71.45, 72, 48.65, 1, 3411
15663, 11192, 71.46, 72, 48.65, 1, 3411
15664, 11193, 71.46, 72, 48.65, 1, 3411
15665, 11194, 71.46, 72, 48.65, 1, 3411
15666, 11195, 71.46, 72, 48.65, 1, 3411
15667, 11195, 71.46, 72, 48.65, 1, 3412
15668, 11196, 71.46, 72, 48.65, 1, 3412
15669, 11197, 71.46, 72, 48.65, 1, 3412
15670, 11198, 71.46, 72, 48.65, 1, 3412
15671, 11199, 71.46, 72, 48.65, 1, 3412
15672, 11200, 71.47, 72, 48.65, 1, 3412
15673, 11200, 71.46, 72, 48.65, 1, 3413
15674, 11200, 71.46, 72, 48.65, 1, 3414
15675, 11201, 71.46, 72, 48.65, 1, 3414
15676, 11202, 71.46, 72, 48.65, 1, 3414
15677, 11203, 71.46, 72, 48.65, 1, 3414
15678, 11204, 71.46, 72, 48.65, 1, 3414
15679, 11205, 71.47, 72, 48.65, 1, 3414
15680, 11206, 71.47, 72, 48.65, 1, 3414
15681, 11206, 71.46, 72, 48.65, 1, 3415
15682, 11206, 71.46, 72, 48.65, 1, 3416
15683, 11207, 71.46, 72, 48.65, 1, 3416
15684, 11208, 71.46, 72, 48.65, 1, 3416
15685, 11209, 71.46, 72, 48.65, 1, 3416
15686, 11210, 71.47, 72, 48.65, 1, 3416
15687, 11211, 71.47, 72, 48.65, 1, 3416
15688, 11212, 71.47, 72, 48.65, 1, 3416
15689, 11212, 71.46, 72, 48.65, 1, 3417
15690, 11213, 71.47, 72, 48.65, 1, 3417
15691, 11214, 71.47, 72, 48.65, 1, 3417
15692, 11215, 71.47, 72, 48.65, 1, 3417
15693, 11215, 71.46, 72, 48.65, 1, 3418
15694, 11215, 71.46, 72, 48.65, 1, 3419
15695, 11216, 71.46, 72, 48.65, 1, 3419
15696, 11217, 71.46, 72, 48.65, 1, 3419
15697, 11218, 71.47, 72, 48.65, 1, 3419
15698, 11219, 71.47, 72, 48.65, 1, 3419
15699, 11220, 71.47, 72, 48.65, 1, 3419
15700, 11220, 71.46, 72, 48.65, 1, 3420
15701, 11220, 71.46, 72, 48.65, 1, 3421
15702, 11220, 71.46, 72, 48.65, 1, 3422
15703, 11220, 71.45, 72, 48.65, 1, 3422
15704, 11221, 71.45, 72, 48.65, 1, 3422
15705, 11222, 71.45, 72, 48.65, 1, 3422
15706, 11223, 71.46, 72, 48.65, 1, 3422
15707, 11223, 71.45, 72, 48.65, 1, 3422
15708, 11224, 71.45, 72, 48.65, 1, 3422
15709, 11224, 71.45, 72, 48.65, 1, 3422
15710, 11224, 71.44, 72, 48.65, 1, 3422
15711, 11225, 71.45, 72, 48.65, 1, 3422
15712, 11226, 71.45, 72, 48.65, 1, 3422
15713, 11227, 71.45, 72, 48.65, 1, 3422
15714, 11228, 71.45, 72, 48.65, 1, 3422
15715, 11229, 71.45, 72, 48.65, 1, 3422
15716, 11230, 71.46, 72, 48.65, 1, 3422
15717, 11231, 71.46, 72, 48.65, 1, 3422
15718, 11231, 71.45, 72, 48.65, 1, 3423
15719, 11232, 71.45, 72, 48.65, 1, 3423
15720, 11233, 71.46, 72, 48.65, 1, 3423
15721, 11234, 71.46, 72, 48.65, 1, 3423
15722, 11234, 71.45, 72, 48.65, 1, 3424
15723, 11234, 71.45, 72, 48.65, 1, 3425
15724, 11234, 71.44, 72, 48.65, 1, 3425
15725, 11235, 71.45, 72, 48.65, 1, 3425
15726, 11236, 71.45, 72, 48.65, 1, 3425
15727, 11237, 71.45, 72, 48.65, 1, 3425
15728, 11237, 71.45, 72, 48.65, 1, 3426
15729, 11238, 71.45, 72, 48.65, 1, 3426
15730, 11239, 71.45, 72, 48.65, 1, 3426
15731, 11239, 71.44, 72, 48.65, 1, 3427
15732, 11239, 71.44, 72, 48.65, 1, 3428
15733, 11239, 71.44, 72, 48.65, 1, 3429
15734, 11240, 71.44, 72, 48.65, 1, 3429
15735, 11241, 71.44, 72, 48.65, 1, 3429
15736, 11242, 71.44, 72, 48.65, 1, 3429
15737, 11243, 71.44, 72, 48.65, 1, 3429
15738, 11244, 71.44, 72, 48.65, 1, 3429
15739, 11245, 71.45, 72, 48.65, 1, 3429
15740, 11245, 71.44, 72, 48.65, 1, 3429
15741, 11246, 71.44, 72, 48.65, 1, 3429
15742, 11246, 71.44, 72, 48.65, 1, 3429
15743, 11247, 71.44, 72, 48.65, 1, 3429
15744, 11247, 71.44, 72, 48.65, 1, 3430
15745, 11248, 71.44, 72, 48.65, 1, 3430
15746, 11249, 71.44, 72, 48.65, 1, 3430
15747, 11250, 71.44, 72, 48.65, 1, 3430
15748, 11250, 71.44, 72, 48.65, 1, 3431
15749, 11250, 71.43, 72, 48.65, 1, 3432
15750, 11251, 71.43, 72, 48.65, 1, 3432
15751, 11252, 71.44, 72, 48.65, 1, 3432
15752, 11252, 71.43, 72, 48.65, 1, 3433
15753, 11253, 71.43, 72, 48.65, 1, 3433
15754, 11254, 71.44, 72, 48.65, 1, 3433
15755, 11255, 71.44, 72, 48.65, 1, 3433
15756, 11256, 71.44, 72, 48.65, 1, 3433
15757, 11257, 71.44, 72, 48.65, 1, 3433
15758, 11258, 71.44, 72, 48.65, 1, 3433
15759, 11258, 71.44, 72, 48.65, 1, 3434
15760, 11259, 71.44, 72, 48.65, 1, 3434
15761, 11259, 71.44, 72, 48.65, 1, 3435
15762, 11260, 71.44, 72, 48.65, 1, 3435
15763, 11261, 71.44, 72, 48.65, 1, 3435
15764, 11261, 71.43, 72, 48.65, 1, 3435
15765, 11262, 71.44, 72, 48.65, 1, 3435
15766, 11263, 71.44, 72, 48.65, 1, 3435
15767, 11263, 71.43, 72, 48.65, 1, 3435
15768, 11264, 71.44, 72, 48.65, 1, 3435
15769, 11265, 71.44, 72, 48.65, 1, 3435
15770, 11265, 71.43, 72, 48.65, 1, 3436
15771, 11265, 71.43, 72, 48.65, 1, 3437
15772, 11266, 71.43, 72, 48.65, 1, 3437
15773, 11266, 71.43, 72, 48.65, 1, 3438
15774, 11267, 71.43, 72, 48.65, 1, 3438
15775, 11268, 71.43, 72, 48.65, 1, 3438
15776, 11269, 71.43, 72, 48.65, 1, 3438
15777, 11269, 71.43, 72, 48.65, 1, 3439
15778, 11269, 71.42, 72, 48.65, 1, 3440
15779, 11270, 71.42, 72, 48.65, 1, 3440
15780, 11271, 71.43, 72, 48.65, 1, 3440
15781, 11272, 71.43, 72, 48.65, 1, 3440
15782, 11273, 71.43, 72, 48.65, 1, 3440
15783, 11274, 71.43, 72, 48.65, 1, 3440
15784, 11275, 71.43, 72, 48.65, 1, 3440
15785, 11275, 71.43, 72, 48.65, 1, 3441
15786, 11276, 71.43, 72, 48.65, 1, 3441
15787, 11277, 71.43, 72, 48.65, 1, 3441
15788, 11277, 71.43, 72, 48.65, 1, 3442
15789, 11278, 71.43, 72, 48.65, 1, 3442
15790, 11279, 71.43, 72, 48.65, 1, 3442
15791, 11280, 71.43, 72, 48.65, 1, 3442
15792, 11281, 71.43, 72, 48.65, 1, 3442
15793, 11281, 71.43, 72, 48.65, 1, 3443
15794, 11282, 71.43, 72, 48.65, 1, 3443
15795, 11283, 71.43, 72, 48.65, 1, 3443
15796, 11284, 71.44, 72, 48.65, 1, 3443
15797, 11285, 71.44, 72, 48.65, 1, 3443
15798, 11286, 71.44, 72, 48.65, 1, 3443
15799, 11287, 71.44, 72, 48.65, 1, 3443
15800, 11288, 71.44, 72, 48.65, 1, 3443
15801, 11289, 71.44, 72, 48.65, 1, 3443
15802, 11289, 71.44, 72, 48.65, 1, 3444
15803, 11290, 71.44, 72, 48.65, 1, 3444
15804, 11291, 71.44, 72, 48.65, 1, 3444
15805, 11292, 71.45, 72, 48.65, 1, 3444
15806, 11292, 71.44, 72, 48.65, 1, 3445
15807, 11292, 71.44, 72, 48.65, 1, 3446
15808, 11293, 71.44, 72, 48.65, 1, 3446
15809, 11294, 71.44, 72, 48.65, 1, 3446
15810, 11295, 71.44, 72, 48.65, 1, 3446
15811, 11295, 71.44, 72, 48.65, 1, 3447
15812, 11295, 71.43, 72, 48.65, 1, 3448
15813, 11296, 71.43, 72, 48.65, 1, 3448
15814, 11297, 71.44, 72, 48.65, 1, 3448
15815, 11298, 71.44, 72, 48.65, 1, 3448
15816, 11298, 71.43, 72, 48.65, 1, 3449
15817, 11298, 71.43, 72, 48.65, 1, 3450
15818, 11299, 71.43, 72, 48.65, 1, 3450
15819, 11299, 71.43, 72, 48.65, 1, 3450
15820, 11299, 71.42, 72, 48.65, 1, 3451
15821, 11300, 71.42, 72, 48.65, 1, 3451
15822, 11300, 71.42, 72, 48.65, 1, 3452
15823, 11301, 71.42, 72, 48.65, 1, 3452
15824, 11302, 71.42, 72, 48.65, 1, 3452
15825, 11302, 71.42, 72, 48.65, 1, 3453
15826, 11303, 71.42, 72, 48.65, 1, 3453
15827, 11304, 71.42, 72, 48.65, 1, 3453
15828, 11305, 71.42, 72, 48.65, 1, 3453
15829, 11306, 71.43, 72, 48.65, 1, 3453
15830, 11306, 71.42, 72, 48.65, 1, 3454
15831, 11306, 71.42, 72, 48.65, 1, 3455
15832, 11307, 71.42, 72, 48.65, 1, 3455
15833, 11308, 71.42, 72, 48.65, 1, 3455
15834, 11309, 71.42, 72, 48.65, 1, 3455
15835, 11310, 71.42, 72, 48.65, 1, 3455
15836, 11310, 71.42, 72, 48.65, 1, 3455
15837, 11310, 71.42, 72, 48.65, 1, 3456
15838, 11311, 71.42, 72, 48.65, 1, 3456
15839, 11312, 71.42, 72, 48.65, 1, 3456
15840, 11313, 71.42, 72, 48.65, 1, 3456
15841, 11314, 71.42, 72, 48.65, 1, 3456
15842, 11314, 71.42, 72, 48.65, 1, 3457
15843, 11315, 71.42, 72, 48.65, 1, 3457
15844, 11316, 71.42, 72, 48.65, 1, 3457
15845, 11317, 71.42, 72, 48.65, 1, 3457
15846, 11317, 71.42, 72, 48.65, 1, 3458
15847, 11318, 71.42, 72, 48.65, 1, 3458
15848, 11319, 71.42, 72, 48.65, 1, 3458
15849, 11320, 71.42, 72, 48.65, 1, 3458
15850, 11321, 71.43, 72, 48.65, 1, 3458
15851, 11322, 71.43, 72, 48.65, 1, 3458
15852, 11323, 71.43, 72, 48.65, 1, 3458
15853, 11324, 71.43, 72, 48.65, 1, 3458
15854, 11325, 71.43, 72, 48.65, 1, 3458
15855, 11326, 71.43, 72, 48.65, 1, 3458
15856, 11327, 71.44, 72, 48.65, 1, 3458
15857, 11328, 71.44, 72, 48.65, 1, 3458
15858, 11328, 71.43, 72, 48.65, 1, 3459
15859, 11328, 71.43, 72, 48.65, 1, 3459
15860, 11329, 71.43, 72, 48.65, 1, 3459
15861, 11330, 71.43, 72, 48.65, 1, 3459
15862, 11331, 71.43, 72, 48.65, 1, 3459
15863, 11332, 71.44, 72, 48.65, 1, 3459
15864, 11332, 71.43, 72, 48.65, 1, 3459
15865, 11333, 71.43, 72, 48.65, 1, 3459
15866, 11334, 71.44, 72, 48.65, 1, 3459
15867, 11335, 71.44, 72, 48.65, 1, 3459
15868, 11336, 71.44, 72, 48.65, 1, 3459
15869, 11337, 71.44, 72, 48.65, 1, 3459
15870, 11338, 71.44, 72, 48.65, 1, 3459
15871, 11339, 71.44, 72, 48.65, 1, 3459
15872, 11340, 71.45, 72, 48.65, 1, 3459
15873, 11340, 71.44, 72, 48.65, 1, 3459
15874, 11341, 71.44, 72, 48.65, 1, 3459
15875, 11342, 71.45, 72, 48.65, 1, 3459
15876, 11342, 71.44, 72, 48.65, 1, 3460
15877, 11342, 71.44, 72, 48.65, 1, 3461
15878, 11343, 71.44, 72, 48.65, 1, 3461
15879, 11344, 71.44, 72, 48.65, 1, 3461
15880, 11345, 71.44, 72, 48.65, 1, 3461
15881, 11346, 71.44, 72, 48.65, 1, 3461
15882, 11347, 71.45, 72, 48.65, 1, 3461
15883, 11348, 71.45, 72, 48.65, 1, 3461
15884, 11348, 71.44, 72, 48.65, 1, 3462
15885, 11349, 71.44, 72, 48.65, 1, 3462
15886, 11350, 71.45, 72, 48.65, 1, 3462
15887, 11351, 71.45, 72, 48.65, 1, 3462
15888, 11351, 71.44, 72, 48.65, 1, 3463
15889, 11351, 71.44, 72, 48.65, 1, 3464
15890, 11352, 71.44, 72, 48.65, 1, 3464
15891, 11353, 71.44, 72, 48.65, 1, 3464
15892, 11354, 71.44, 72, 48.65, 1, 3464
15893, 11355, 71.45, 72, 48.65, 1, 3464
15894, 11356, 71.45, 72, 48.65, 1, 3464
15895, 11357, 71.45, 72, 48.65, 1, 3464
15896, 11358, 71.45, 72, 48.65, 1, 3464
15897, 11358, 71.45, 72, 48.65, 1, 3465
15898, 11358, 71.44, 72, 48.65, 1, 3466
15899, 11359, 71.44, 72, 48.65, 1, 3466
15900, 11360, 71.45, 72, 48.65, 1, 3466
15901, 11361, 71.45, 72, 48.65, 1, 3466
15902, 11362, 71.45, 72, 48.65, 1, 3466
15903, 11363, 71.45, 72, 48.65, 1, 3466
15904, 11364, 71.45, 72, 48.65, 1, 3466
15905, 11365, 71.46, 72, 48.65, 1, 3466
15906, 11365, 71.45, 72, 48.65, 1, 3467
15907, 11365, 71.45, 72, 48.65, 1, 3467
15908, 11366, 71.45, 72, 48.65, 1, 3467
15909, 11367, 71.45, 72, 48.65, 1, 3467
15910, 11368, 71.45, 72, 48.65, 1, 3467
15911, 11369, 71.45, 72, 48.65, 1, 3467
15912, 11369, 71.45, 72, 48.65, 1, 3468
15913, 11370, 71.45, 72, 48.65, 1, 3468
15914, 11370, 71.45, 72, 48.65, 1, 3469
15915, 11371, 71.45, 72, 48.65, 1, 3469
15916, 11371, 71.44, 72, 48.65, 1, 3469
15917, 11372, 71.45, 72, 48.65, 1, 3469
15918, 11372, 71.44, 72, 48.65, 1, 3470
15919, 11373, 71.44, 72, 48.65, 1, 3470
15920, 11373, 71.44, 72, 48.65, 1, 3471
15921, 11373, 71.43, 72, 48.65, 1, 3472
15922, 11374, 71.44, 72, 48.65, 1, 3472
15923, 11375, 71.44, 72, 48.65, 1, 3472
15924, 11375, 71.43, 72, 48.65, 1, 3473
15925, 11376, 71.43, 72, 48.65, 1, 3473
15926, 11377, 71.44, 72, 48.65, 1, 3473
15927, 11378, 71.44, 72, 48.65, 1, 3473
15928, 11379, 71.44, 72, 48.65, 1, 3473
15929, 11380, 71.44, 72, 48.65, 1, 3473
15930, 11381, 71.44, 72, 48.65, 1, 3473
15931, 11382, 71.45, 72, 48.65, 1, 3473
15932, 11383, 71.45, 72, 48.65, 1, 3473
15933, 11384, 71.45, 72, 48.65, 1, 3473
15934, 11384, 71.44, 72, 48.65, 1, 3474
15935, 11384, 71.44, 72, 48.65, 1, 3475
15936, 11385, 71.44, 72, 48.65, 1, 3475
15937, 11386, 71.44, 72, 48.65, 1, 3475
15938, 11387, 71.45, 72, 48.65, 1, 3475
15939, 11387, 71.44, 72, 48.65, 1, 3476
15940, 11388, 71.44, 72, 48.65, 1, 3476
15941, 11389, 71.44, 72, 48.65, 1, 3476
15942, 11390, 71.45, 72, 48.65, 1, 3476
15943, 11391, 71.45, 72, 48.65, 1, 3476
15944, 11392, 71.45, 72, 48.65, 1, 3476
15945, 11393, 71.45, 72, 48.65, 1, 3476
15946, 11393, 71.45, 72, 48.65, 1, 3477
15947, 11394, 71.45, 72, 48.65, 1, 3477
15948, 11395, 71.45, 72, 48.65, 1, 3477
15949, 11396, 71.45, 72, 48.65, 1, 3477
15950, 11397, 71.45, 72, 48.65, 1, 3477
15951, 11398, 71.46, 72, 48.65, 1, 3477
15952, 11399, 71.46, 72, 48.65, 1, 3477
15953, 11400, 71.46, 72, 48.65, 1, 3477
15954, 11401, 71.46, 72, 48.65, 1, 3477
15955, 11402, 71.46, 72, 48.65, 1, 3477
15956, 11403, 71.47, 72, 48.65, 1, 3477
15957, 11404, 71.47, 72, 48.65, 1, 3477
15958, 11404, 71.46, 72, 48.65, 1, 3477
15959, 11405, 71.46, 72, 48.65, 1, 3477
15960, 11406, 71.47, 72, 48.65, 1, 3477
15961, 11407, 71.47, 72, 48.65, 1, 3477
15962, 11408, 71.47, 72, 48.65, 1, 3477
15963, 11409, 71.47, 72, 48.65, 1, 3477
15964, 11410, 71.47, 72, 48.65, 1, 3477
15965, 11411, 71.48, 72, 48.65, 1, 3477
15966, 11412, 71.48, 72, 48.65, 1, 3477
15967, 11413, 71.48, 72, 48.65, 1, 3477
15968, 11414, 71.48, 72, 48.65, 1, 3477
15969, 11415, 71.48, 72, 48.65, 1, 3477
15970, 11416, 71.48, 72, 48.65, 1, 3477
15971, 11417, 71.49, 72, 48.65, 1, 3477
15972, 11418, 71.49, 72, 48.65, 1, 3477
15973, 11418, 71.48, 72, 48.65, 1, 3477
15974, 11419, 71.48, 72, 48.65, 1, 3477
15975, 11420, 71.49, 72, 48.65, 1, 3477
15976, 11421, 71.49, 72, 48.65, 1, 3477
15977, 11422, 71.49, 72, 48.65, 1, 3477
15978, 11422, 71.49, 72, 48.65, 1, 3477
15979, 11422, 71.48, 72, 48.65, 1, 3477
15980, 11423, 71.48, 72, 48.65, 1, 3477
15981, 11423, 71.48, 72, 48.65, 1, 3478
15982, 11424, 71.48, 72, 48.65, 1, 3478
15983, 11424, 71.48, 72, 48.65, 1, 3479
15984, 11425, 71.48, 72, 48.65, 1, 3479
15985, 11425, 71.47, 72, 48.65, 1, 3480
15986, 11426, 71.48, 72, 48.65, 1, 3480
15987, 11427, 71.48, 72, 48.65, 1, 3480
15988, 11428, 71.48, 72, 48.65, 1, 3480
15989, 11429, 71.48, 72, 48.65, 1, 3480
15990, 11430, 71.48, 72, 48.65, 1, 3480
15991, 11430, 71.48, 72, 48.65, 1, 3481
15992, 11431, 71.48, 72, 48.65, 1, 3481
15993, 11431, 71.48, 72, 48.65, 1, 3482
15994, 11432, 71.48, 72, 48.65, 1, 3482
15995, 11433, 71.48, 72, 48.65, 1, 3482
15996, 11434, 71.48, 72, 48.65, 1, 3482
15997, 11434, 71.48, 72, 48.65, 1, 3482
15998, 11435, 71.48, 72, 48.65, 1, 3482
15999, 11436, 71.48, 72, 48.65, 1, 3482
16000, 11437, 71.48, 72, 48.65, 1, 3482
16001, 11437, 71.48, 72, 48.65, 1, 3483
16002, 11438, 71.48, 72, 48.65, 1, 3483
16003, 11439, 71.48, 72, 48.65, 1, 3483
16004, 11440, 71.48, 72, 48.65, 1, 3483
16005, 11440, 71.48, 72, 48.65, 1, 3484
16006, 11441, 71.48, 72, 48.65, 1, 3484
16007, 11442, 71.48, 72, 48.65, 1, 3484
16008, 11443, 71.48, 72, 48.65, 1, 3484
16009, 11444, 71.48, 72, 48.65, 1, 3484
16010, 11445, 71.49, 72, 48.65, 1, 3484
16011, 11446, 71.49, 72, 48.65, 1, 3484
16012, 11447, 71.49, 72, 48.65, 1, 3484
16013, 11448, 71.49, 72, 48.65, 1, 3484
16014, 11449, 71.49, 72, 48.65, 1, 3484
16015, 11449, 71.49, 72, 48.65, 1, 3485
16016, 11450, 71.49, 72, 48.65, 1, 3485
16017, 11450, 71.49, 72, 48.65, 1, 3486
16018, 11451, 71.49, 72, 48.65, 1, 3486
16019, 11452, 71.49, 72, 48.65, 1, 3486
16020, 11452, 71.49, 72, 48.65, 1, 3487
16021, 11453, 71.49, 72, 48.65, 1, 3487
16022, 11454, 71.49, 72, 48.65, 1, 3487
16023, 11455, 71.49, 72, 48.65, 1, 3487
16024, 11455, 71.49, 72, 48.65, 1, 3488
16025, 11456, 71.49, 72, 48.65, 1, 3488
16026, 11457, 71.49, 72, 48.65, 1, 3488
16027, 11458, 71.49, 72, 48.65, 1, 3488
16028, 11459, 71.49, 72, 48.65, 1, 3488
16029, 11460, 71.50, 72, 48.65, 1, 3488
16030, 11461, 71.50, 72, 48.65, 1, 3488
16031, 11461, 71.49, 72, 48.65, 1, 3489
16032, 11462, 71.49, 72, 48.65, 1, 3489
16033, 11463, 71.50, 72, 48.65, 1, 3489
16034, 11464, 71.50, 72, 48.65, 1, 3489
16035, 11465, 71.50, 72, 48.65, 1, 3489
16036, 11466, 71.50, 72, 48.65, 1, 3489
16037, 11467, 71.50, 72, 48.65, 1, 3489
16038, 11468, 71.51, 72, 48.65, 1, 3489
16039, 11469, 71.51, 72, 48.65, 1, 3489
16040, 11470, 71.51, 72, 48.65, 1, 3489
16041, 11471, 71.51, 72, 48.65, 1, 3489
16042, 11472, 71.51, 72, 48.65, 1, 3489
16043, 11473, 71.51, 72, 48.65, 1, 3489
16044, 11474, 71.52, 72, 48.65, 1, 3489
16045, 11475, 71.52, 72, 48.65, 1, 3489
16046, 11476, 71.52, 72, 48.65, 1, 3489
16047, 11476, 71.51, 72, 48.65, 1, 3490
16048, 11476, 71.51, 72, 48.65, 1, 3491
16049, 11476, 71.51, 72, 48.65, 1, 3492
16050, 11477, 71.51, 72, 48.65, 1, 3492
16051, 11478, 71.51, 72, 48.65, 1, 3492
16052, 11479, 71.51, 72, 48.65, 1, 3492
16053, 11480, 71.51, 72, 48.65, 1, 3492
16054, 11481, 71.51, 72, 48.65, 1, 3492
16055, 11482, 71.52, 72, 48.65, 1, 3492
16056, 11483, 71.52, 72, 48.65, 1, 3492
16057, 11483, 71.51, 72, 48.65, 1, 3493
16058, 11484, 71.52, 72, 48.65, 1, 3493
16059, 11485, 71.52, 72, 48.65, 1, 3493
16060, 11486, 71.52, 72, 48.65, 1, 3493
16061, 11487, 71.52, 72, 48.65, 1, 3493
16062, 11487, 71.52, 72, 48.65, 1, 3494
16063, 11488, 71.52, 72, 48.65, 1, 3494
16064, 11489, 71.52, 72, 48.65, 1, 3494
16065, 11489, 71.52, 72, 48.65, 1, 3495
16066, 11490, 71.52, 72, 48.65, 1, 3495
16067, 11491, 71.52, 72, 48.65, 1, 3495
16068, 11492, 71.52, 72, 48.65, 1, 3495
16069, 11493, 71.52, 72, 48.65, 1, 3495
16070, 11494, 71.52, 72, 48.65, 1, 3495
16071, 11494, 71.52, 72, 48.65, 1, 3496
16072, 11495, 71.52, 72, 48.65, 1, 3496
16073, 11495, 71.52, 72, 48.65, 1, 3497
16074, 11495, 71.51, 72, 48.65, 1, 3498
16075, 11496, 71.51, 72, 48.65, 1, 3498
16076, 11496, 71.51, 72, 48.65, 1, 3498
16077, 11497, 71.51, 72, 48.65, 1, 3498
16078, 11498, 71.51, 72, 48.65, 1, 3498
16079, 11498, 71.51, 72, 48.65, 1, 3498
16080, 11499, 71.51, 72, 48.65, 1, 3498
16081, 11500, 71.51, 72, 48.65, 1, 3498
16082, 11500, 71.51, 72, 48.65, 1, 3499
16083, 11501, 71.51, 72, 48.65, 1, 3499
16084, 11502, 71.51, 72, 48.65, 1, 3499
16085, 11502, 71.51, 72, 48.65, 1, 3500
16086, 11503, 71.51, 72, 48.65, 1, 3500
16087, 11503, 71.50, 72, 48.65, 1, 3500
16088, 11504, 71.51, 72, 48.65, 1, 3500
16089, 11505, 71.51, 72, 48.65, 1, 3500
16090, 11506, 71.51, 72, 48.65, 1, 3500
16091, 11506, 71.51, 72, 48.65, 1, 3501
16092, 11506, 71.50, 72, 48.65, 1, 3502
16093, 11507, 71.50, 72, 48.65, 1, 3502
16094, 11508, 71.50, 72, 48.65, 1, 3502
16095, 11508, 71.50, 72, 48.65, 1, 3502
16096, 11509, 71.50, 72, 48.65, 1, 3502
16097, 11509, 71.50, 72, 48.65, 1, 3502
16098, 11510, 71.50, 72, 48.65, 1, 3502
16099, 11510, 71.50, 72, 48.65, 1, 3503
16100, 11511, 71.50, 72, 48.65, 1, 3503
16101, 11512, 71.50, 72, 48.65, 1, 3503
16102, 11513, 71.50, 72, 48.65, 1, 3503
16103, 11514, 71.50, 72, 48.65, 1, 3503
16104, 11514, 71.50, 72, 48.65, 1, 3504
16105, 11514, 71.49, 72, 48.65, 1, 3505
16106, 11515, 71.50, 72, 48.65, 1, 3505
16107, 11515, 71.49, 72, 48.65, 1, 3506
16108, 11516, 71.49, 72, 48.65, 1, 3506
16109, 11516, 71.49, 72, 48.65, 1, 3507
16110, 11516, 71.48, 72, 48.65, 1, 3507
16111, 11517, 71.49, 72, 48.65, 1, 3507
16112, 11518, 71.49, 72, 48.65, 1, 3507
16113, 11519, 71.49, 72, 48.65, 1, 3507
16114, 11519, 71.48, 72, 48.65, 1, 3508
16115, 11520, 71.49, 72, 48.65, 1, 3508
16116, 11521, 71.49, 72, 48.65, 1, 3508
16117, 11522, 71.49, 72, 48.65, 1, 3508
16118, 11522, 71.49, 72, 48.65, 1, 3509
16119, 11523, 71.49, 72, 48.65, 1, 3509
16120, 11524, 71.49, 72, 48.65, 1, 3509
16121, 11525, 71.49, 72, 48.65, 1, 3509
16122, 11525, 71.49, 72, 48.65, 1, 3510
16123, 11526, 71.49, 72, 48.65, 1, 3510
16124, 11527, 71.49, 72, 48.65, 1, 3510
16125, 11527, 71.49, 72, 48.65, 1, 3511
16126, 11528, 71.49, 72, 48.65, 1, 3511
16127, 11529, 71.49, 72, 48.65, 1, 3511
16128, 11529, 71.48, 72, 48.65, 1, 3512
16129, 11530, 71.49, 72, 48.65, 1, 3512
16130, 11531, 71.49, 72, 48.65, 1, 3512
16131, 11532, 71.49, 72, 48.65, 1, 3512
16132, 11533, 71.49, 72, 48.65, 1, 3512
16133, 11534, 71.49, 72, 48.65, 1, 3512
16134, 11535, 71.49, 72, 48.65, 1, 3512
16135, 11535, 71.49, 72, 48.65, 1, 3512
16136, 11536, 71.49, 72, 48.65, 1, 3512
16137, 11536, 71.49, 72, 48.65, 1, 3512
16138, 11537, 71.49, 72, 48.65, 1, 3512
16139, 11537, 71.49, 72, 48.65, 1, 3512
16140, 11538, 71.49, 72, 48.65, 1, 3512
16141, 11538, 71.48, 72, 48.65, 1, 3512
16142, 11539, 71.48, 72, 48.65, 1, 3512
16143, 11539, 71.48, 72, 48.65, 1, 3512
16144, 11539, 71.48, 72, 48.65, 1, 3512
16145, 11540, 71.48, 72, 48.65, 1, 3512
16146, 11541, 71.48, 72, 48.65, 1, 3512
16147, 11541, 71.47, 72, 48.65, 1, 3513
16148, 11541, 71.47, 72, 48.65, 1, 3514
16149, 11542, 71.47, 72, 48.65, 1, 3514
16150, 11543, 71.47, 72, 48.65, 1, 3514
16151, 11544, 71.48, 72, 48.65, 1, 3514
16152, 11544, 71.47, 72, 48.65, 1, 3515
16153, 11544, 71.47, 72, 48.65, 1, 3516
16154, 11545, 71.47, 72, 48.65, 1, 3516
16155, 11546, 71.47, 72, 48.65, 1, 3516
16156, 11546, 71.47, 72, 48.65, 1, 3517
16157, 11547, 71.47, 72, 48.65, 1, 3517
16158, 11547, 71.46, 72, 48.65, 1, 3518
16159, 11548, 71.46, 72, 48.65, 1, 3518
16160, 11549, 71.47, 72, 48.65, 1, 3518
16161, 11550, 71.47, 72, 48.65, 1, 3518
16162, 11551, 71.47, 72, 48.65, 1, 3518
16163, 11552, 71.47, 72, 48.65, 1, 3518
16164, 11553, 71.47, 72, 48.65, 1, 3518
16165, 11553, 71.47, 72, 48.65, 1, 3519
16166, 11554, 71.47, 72, 48.65, 1, 3519
16167, 11555, 71.47, 72, 48.65, 1, 3519
16168, 11556, 71.47, 72, 48.65, 1, 3519
16169, 11556, 71.47, 72, 48.65, 1, 3520
16170, 11557, 71.47, 72, 48.65, 1, 3520
16171, 11558, 71.47, 72, 48.65, 1, 3520
16172, 11558, 71.47, 72, 48.65, 1, 3521
16173, 11558, 71.46, 72, 48.65, 1, 3522
16174, 11559, 71.47, 72, 48.65, 1, 3522
16175, 11560, 71.47, 72, 48.65, 1, 3522
16176, 11561, 71.47, 72, 48.65, 1, 3522
16177, 11562, 71.47, 72, 48.65, 1, 3522
16178, 11563, 71.47, 72, 48.65, 1, 3522
16179, 11564, 71.48, 72, 48.65, 1, 3522
16180, 11564, 71.47, 72, 48.65, 1, 3522
16181, 11564, 71.47, 72, 48.65, 1, 3522
16182, 11565, 71.47, 72, 48.65, 1, 3522
16183, 11566, 71.47, 72, 48.65, 1, 3522
16184, 11567, 71.47, 72, 48.65, 1, 3522
16185, 11568, 71.47, 72, 48.65, 1, 3522
16186, 11568, 71.47, 72, 48.65, 1, 3522
16187, 11569, 71.47, 72, 48.65, 1, 3522
16188, 11570, 71.47, 72, 48.65, 1, 3522
16189, 11571, 71.47, 72, 48.65, 1, 3522
16190, 11571, 71.47, 72, 48.65, 1, 3522
16191, 11572, 71.47, 72, 48.65, 1, 3522
16192, 11573, 71.47, 72, 48.65, 1, 3522
16193, 11573, 71.47, 72, 48.65, 1, 3522
16194, 11574, 71.47, 72, 48.65, 1, 3522
16195, 11575, 71.47, 72, 48.65, 1, 3522
16196, 11575, 71.47, 72, 48.65, 1, 3523
16197, 11575, 71.46, 72, 48.65, 1, 3524
16198, 11576, 71.47, 72, 48.65, 1, 3524
16199, 11577, 71.47, 72, 48.65, 1, 3524
16200, 11578, 71.47, 72, 48.65, 1, 3524
16201, 11578, 71.46, 72, 48.65, 1, 3525
16202, 11579, 71.47, 72, 48.65, 1, 3525
16203, 11580, 71.47, 72, 48.65, 1, 3525
16204, 11581, 71.47, 72, 48.65, 1, 3525
16205, 11582, 71.47, 72, 48.65, 1, 3525
16206, 11583, 71.47, 72, 48.65, 1, 3525
16207, 11583, 71.47, 72, 48.65, 1, 3526
16208, 11584, 71.47, 72, 48.65, 1, 3526
16209, 11585, 71.47, 72, 48.65, 1, 3526
16210, 11586, 71.47, 72, 48.65, 1, 3526
16211, 11587, 71.48, 72, 48.65, 1, 3526
16212, 11587, 71.47, 72, 48.65, 1, 3527
16213, 11587, 71.47, 72, 48.65, 1, 3528
16214, 11587, 71.46, 72, 48.65, 1, 3528
16215, 11588, 71.46, 72, 48.65, 1, 3528
16216, 11589, 71.47, 72, 48.65, 1, 3528
16217, 11589, 71.46, 72, 48.65, 1, 3529
16218, 11590, 71.46, 72, 48.65, 1, 3529
16219, 11591, 71.47, 72, 48.65, 1, 3529
16220, 11592, 71.47, 72, 48.65, 1, 3529
16221, 11593, 71.47, 72, 48.65, 1, 3529
16222, 11594, 71.47, 72, 48.65, 1, 3529
16223, 11595, 71.47, 72, 48.65, 1, 3529
16224, 11596, 71.47, 72, 48.65, 1, 3529
16225, 11597, 71.48, 72, 48.65, 1, 3529
16226, 11598, 71.48, 72, 48.65, 1, 3529
16227, 11599, 71.48, 72, 48.65, 1, 3529
16228, 11599, 71.48, 72, 48.65, 1, 3530
16229, 11600, 71.48, 72, 48.65, 1, 3530
16230, 11601, 71.48, 72, 48.65, 1, 3530
16231, 11602, 71.48, 72, 48.65, 1, 3530
16232, 11603, 71.48, 72, 48.65, 1, 3530
16233, 11603, 71.48, 72, 48.65, 1, 3531
16234, 11603, 71.47, 72, 48.65, 1, 3532
16235, 11603, 71.47, 72, 48.65, 1, 3533
16236, 11603, 71.46, 72, 48.65, 1, 3534
16237, 11604, 71.47, 72, 48.65, 1, 3534
16238, 11604, 71.46, 72, 48.65, 1, 3535
16239, 11605, 71.46, 72, 48.65, 1, 3535
16240, 11606, 71.47, 72, 48.65, 1, 3535
16241, 11606, 71.46, 72, 48.65, 1, 3535
16242, 11607, 71.46, 72, 48.65, 1, 3535
16243, 11608, 71.46, 72, 48.65, 1, 3535
16244, 11609, 71.47, 72, 48.65, 1, 3535
16245, 11610, 71.47, 72, 48.65, 1, 3535
16246, 11610, 71.46, 72, 48.65, 1, 3535
16247, 11611, 71.47, 72, 48.65, 1, 3535
16248, 11612, 71.47, 72, 48.65, 1, 3535
16249, 11613, 71.47, 72, 48.65, 1, 3535
16250, 11614, 71.47, 72, 48.65, 1, 3535
16251, 11615, 71.47, 72, 48.65, 1, 3535
16252, 11616, 71.47, 72, 48.65, 1, 3535
16253, 11617, 71.48, 72, 48.65, 1, 3535
16254, 11618, 71.48, 72, 48.65, 1, 3535
16255, 11618, 71.47, 72, 48.65, 1, 3535
16256, 11618, 71.47, 72, 48.65, 1, 3536
16257, 11618, 71.46, 72, 48.65, 1, 3537
16258, 11619, 71.47, 72, 48.65, 1, 3537
16259, 11620, 71.47, 72, 48.65, 1, 3537
16260, 11621, 71.47, 72, 48.65, 1, 3537
16261, 11622, 71.47, 72, 48.65, 1, 3537
16262, 11623, 71.47, 72, 48.65, 1, 3537
16263, 11624, 71.48, 72, 48.65, 1, 3537
16264, 11625, 71.48, 72, 48.65, 1, 3537
16265, 11626, 71.48, 72, 48.65, 1, 3537
16266, 11627, 71.48, 72, 48.65, 1, 3537
16267, 11627, 71.48, 72, 48.65, 1, 3538
16268, 11628, 71.48, 72, 48.65, 1, 3538
16269, 11629, 71.48, 72, 48.65, 1, 3538
16270, 11629, 71.48, 72, 48.65, 1, 3539
16271, 11630, 71.48, 72, 48.65, 1, 3539
16272, 11630, 71.47, 72, 48.65, 1, 3540
16273, 11631, 71.47, 72, 48.65, 1, 3540
16274, 11632, 71.48, 72, 48.65, 1, 3540
16275, 11633, 71.48, 72, 48.65, 1, 3540
16276, 11634, 71.48, 72, 48.65, 1, 3540
16277, 11635, 71.48, 72, 48.65, 1, 3540
16278, 11635, 71.48, 72, 48.65, 1, 3541
16279, 11635, 71.47, 72, 48.65, 1, 3541
16280, 11635, 71.47, 72, 48.65, 1, 3542
16281, 11635, 71.46, 72, 48.65, 1, 3543
16282, 11636, 71.47, 72, 48.65, 1, 3543
16283, 11636, 71.46, 72, 48.65, 1, 3544
16284, 11637, 71.46, 72, 48.65, 1, 3544
16285, 11637, 71.46, 72, 48.65, 1, 3544
16286, 11638, 71.46, 72, 48.65, 1, 3544
16287, 11639, 71.46, 72, 48.65, 1, 3544
16288, 11640, 71.46, 72, 48.65, 1, 3544
16289, 11641, 71.47, 72, 48.65, 1, 3544
16290, 11642, 71.47, 72, 48.65, 1, 3544
16291, 11642, 71.46, 72, 48.65, 1, 3544
16292, 11643, 71.46, 72, 48.65, 1, 3544
16293, 11644, 71.47, 72, 48.65, 1, 3544
16294, 11644, 71.46, 72, 48.65, 1, 3545
16295, 11645, 71.46, 72, 48.65, 1, 3545
16296, 11646, 71.47, 72, 48.65, 1, 3545
16297, 11646, 71.46, 72, 48.65, 1, 3546
16298, 11646, 71.46, 72, 48.65, 1, 3547
16299, 11647, 71.46, 72, 48.65, 1, 3547
16300, 11647, 71.45, 72, 48.65, 1, 3548
16301, 11647, 71.45, 72, 48.65, 1, 3549
16302, 11648, 71.45, 72, 48.65, 1, 3549
16303, 11649, 71.45, 72, 48.65, 1, 3549
16304, 11650, 71.45, 72, 48.65, 1, 3549
16305, 11651, 71.46, 72, 48.65, 1, 3549
16306, 11652, 71.46, 72, 48.65, 1, 3549
16307, 11653, 71.46, 72, 48.65, 1, 3549
16308, 11654, 71.46, 72, 48.65, 1, 3549
16309, 11654, 71.46, 72, 48.65, 1, 3550
16310, 11654, 71.45, 72, 48.65, 1, 3551
16311, 11655, 71.45, 72, 48.65, 1, 3551
16312, 11655, 71.45, 72, 48.65, 1, 3552
16313, 11656, 71.45, 72, 48.65, 1, 3552
16314, 11656, 71.45, 72, 48.65, 1, 3553
16315, 11656, 71.44, 72, 48.65, 1, 3554
16316, 11657, 71.45, 72, 48.65, 1, 3554
16317, 11657, 71.44, 72, 48.65, 1, 3555
16318, 11658, 71.44, 72, 48.65, 1, 3555
16319, 11659, 71.44, 72, 48.65, 1, 3555
16320, 11660, 71.45, 72, 48.65, 1, 3555
16321, 11661, 71.45, 72, 48.65, 1, 3555
16322, 11662, 71.45, 72, 48.65, 1, 3555
16323, 11663, 71.45, 72, 48.65, 1, 3555
16324, 11664, 71.45, 72, 48.65, 1, 3555
16325, 11665, 71.45, 72, 48.65, 1, 3555
16326, 11665, 71.45, 72, 48.65, 1, 3555
16327, 11666, 71.45, 72, 48.65, 1, 3555
16328, 11667, 71.45, 72, 48.65, 1, 3555
16329, 11668, 71.46, 72, 48.65, 1, 3555
16330, 11668, 71.45, 72, 48.65, 1, 3555
16331, 11669, 71.45, 72, 48.65, 1, 3555
16332, 11669, 71.45, 72, 48.65, 1, 3556
16333, 11669, 71.44, 72, 48.65, 1, 3557
16334, 11670, 71.45, 72, 48.65, 1, 3557
16335, 11670, 71.44, 72, 48.65, 1, 3558
16336, 11670, 71.44, 72, 48.65, 1, 3559
16337, 11670, 71.43, 72, 48.65, 1, 3560
16338, 11670, 71.43, 72, 48.65, 1, 3561
16339, 11670, 71.42, 72, 48.65, 1, 3561
16340, 11671, 71.43, 72, 48.65, 1, 3561
16341, 11672, 71.43, 72, 48.65, 1, 3561
16342, 11673, 71.43, 72, 48.65, 1, 3561
16343, 11674, 71.43, 72, 48.65, 1, 3561
16344, 11674, 71.43, 72, 48.65, 1, 3562
16345, 11675, 71.43, 72, 48.65, 1, 3562
16346, 11676, 71.43, 72, 48.65, 1, 3562
16347, 11677, 71.43, 72, 48.65, 1, 3562
16348, 11678, 71.43, 72, 48.65, 1, 3562
16349, 11679, 71.44, 72, 48.65, 1, 3562
16350, 11680, 71.44, 72, 48.65, 1, 3562
16351, 11681, 71.44, 72, 48.65, 1, 3562
16352, 11682, 71.44, 72, 48.65, 1, 3562
16353, 11683, 71.44, 72, 48.65, 1, 3562
16354, 11683, 71.44, 72, 48.65, 1, 3563
16355, 11684, 71.44, 72, 48.65, 1, 3563
16356, 11684, 71.44, 72, 48.65, 1, 3563
16357, 11685, 71.44, 72, 48.65, 1, 3563
16358, 11686, 71.44, 72, 48.65, 1, 3563
16359, 11687, 71.44, 72, 48.65, 1, 3563
16360, 11688, 71.44, 72, 48.65, 1, 3563
16361, 11689, 71.44, 72, 48.65, 1, 3563
16362, 11690, 71.45, 72, 48.65, 1, 3563
16363, 11691, 71.45, 72, 48.65, 1, 3563
16364, 11692, 71.45, 72, 48.65, 1, 3563
16365, 11692, 71.45, 72, 48.65, 1, 3563
16366, 11693, 71.45, 72, 48.65, 1, 3563
16367, 11694, 71.45, 72, 48.65, 1, 3563
16368, 11695, 71.45, 72, 48.65, 1, 3563
16369, 11696, 71.45, 72, 48.65, 1, 3563
16370, 11697, 71.45, 72, 48.65, 1, 3563
16371, 11698, 71.46, 72, 48.65, 1, 3563
16372, 11699, 71.46, 72, 48.65, 1, 3563
16373, 11700, 71.46, 72, 48.65, 1, 3563
16374, 11701, 71.46, 72, 48.65, 1, 3563
16375, 11702, 71.46, 72, 48.65, 1, 3563
16376, 11703, 71.46, 72, 48.65, 1, 3563
16377, 11703, 71.46, 72, 48.65, 1, 3563
16378, 11704, 71.46, 72, 48.65, 1, 3563
16379, 11704, 71.46, 72, 48.65, 1, 3564
16380, 11705, 71.46, 72, 48.65, 1, 3564
16381, 11706, 71.46, 72, 48.65, 1, 3564
16382, 11706, 71.46, 72, 48.65, 1, 3565
16383, 11707, 71.46, 72, 48.65, 1, 3565
16384, 11707, 71.45, 72, 48.65, 1, 3566
16385, 11708, 71.46, 72, 48.65, 1, 3566
16386, 11709, 71.46, 72, 48.65, 1, 3566
16387, 11710, 71.46, 72, 48.65, 1, 3566
16388, 11711, 71.46, 72, 48.65, 1, 3566
16389, 11711, 71.46, 72, 48.65, 1, 3567
16390, 11712, 71.46, 72, 48.65, 1, 3567
16391, 11712, 71.45, 72, 48.65, 1, 3567
16392, 11713, 71.46, 72, 48.65, 1, 3567
16393, 11714, 71.46, 72, 48.65, 1, 3567
16394, 11715, 71.46, 72, 48.65, 1, 3567
16395, 11715, 71.45, 72, 48.65, 1, 3568
16396, 11716, 71.46, 72, 48.65, 1, 3568
16397, 11717, 71.46, 72, 48.65, 1, 3568
16398, 11718, 71.46, 72, 48.65, 1, 3568
16399, 11719, 71.46, 72, 48.65, 1, 3568
16400, 11720, 71.46, 72, 48.65, 1, 3568
16401, 11720, 71.46, 72, 48.65, 1, 3569
16402, 11721, 71.46, 72, 48.65, 1, 3569
16403, 11722, 71.46, 72, 48.65, 1, 3569
16404, 11722, 71.46, 72, 48.65, 1, 3569
16405, 11722, 71.45, 72, 48.65, 1, 3569
16406, 11723, 71.46, 72, 48.65, 1, 3569
16407, 11723, 71.45, 72, 48.65, 1, 3570
16408, 11724, 71.45, 72, 48.65, 1, 3570
16409, 11725, 71.45, 72, 48.65, 1, 3570
16410, 11725, 71.45, 72, 48.65, 1, 3571
16411, 11726, 71.45, 72, 48.65, 1, 3571
16412, 11727, 71.45, 72, 48.65, 1, 3571
16413, 11728, 71.46, 72, 48.65, 1, 3571
16414, 11729, 71.46, 72, 48.65, 1, 3571
16415, 11730, 71.46, 72, 48.65, 1, 3571
16416, 11731, 71.46, 72, 48.65, 1, 3571
16417, 11732, 71.46, 72, 48.65, 1, 3571
16418, 11733, 71.46, 72, 48.65, 1, 3571
16419, 11734, 71.47, 72, 48.65, 1, 3571
16420, 11735, 71.47, 72, 48.65, 1, 3571
16421, 11736, 71.47, 72, 48.65, 1, 3571
16422, 11737, 71.47, 72, 48.65, 1, 3571
16423, 11738, 71.47, 72, 48.65, 1, 3571
16424, 11739, 71.47, 72, 48.65, 1, 3571
16425, 11740, 71.48, 72, 48.65, 1, 3571
16426, 11741, 71.48, 72, 48.65, 1, 3571
16427, 11742, 71.48, 72, 48.65, 1, 3571
16428, 11743, 71.48, 72, 48.65, 1, 3571
16429, 11744, 71.48, 72, 48.65, 1, 3571
16430, 11745, 71.49, 72, 48.65, 1, 3571
16431, 11746, 71.49, 72, 48.65, 1, 3571
16432, 11746, 71.48, 72, 48.65, 1, 3572
16433, 11747, 71.48, 72, 48.65, 1, 3572
16434, 11747, 71.48, 72, 48.65, 1, 3573
16435, 11748, 71.48, 72, 48.65, 1, 3573
16436, 11749, 71.48, 72, 48.65, 1, 3573
16437, 11750, 71.49, 72, 48.65, 1, 3573
16438, 11750, 71.48, 72, 48.65, 1, 3574
16439, 11751, 71.48, 72, 48.65, 1, 3574
16440, 11752, 71.48, 72, 48.65, 1, 3574
16441, 11753, 71.49, 72, 48.65, 1, 3574
16442, 11754, 71.49, 72, 48.65, 1, 3574
16443, 11755, 71.49, 72, 48.65, 1, 3574
16444, 11755, 71.49, 72, 48.65, 1, 3575
16445, 11755, 71.48, 72, 48.65, 1, 3576
16446, 11756, 71.48, 72, 48.65, 1, 3576
16447, 11756, 71.48, 72, 48.65, 1, 3577
16448, 11757, 71.48, 72, 48.65, 1, 3577
16449, 11758, 71.48, 72, 48.65, 1, 3577
16450, 11759, 71.48, 72, 48.65, 1, 3577
16451, 11760, 71.49, 72, 48.65, 1, 3577
16452, 11761, 71.49, 72, 48.65, 1, 3577
16453, 11761, 71.48, 72, 48.65, 1, 3577
16454, 11762, 71.48, 72, 48.65, 1, 3577
16455, 11763, 71.49, 72, 48.65, 1, 3577
16456, 11764, 71.49, 72, 48.65, 1, 3577
16457, 11765, 71.49, 72, 48.65, 1, 3577
16458, 11766, 71.49, 72, 48.65, 1, 3577
16459, 11767, 71.49, 72, 48.65, 1, 3577
16460, 11767, 71.49, 72, 48.65, 1, 3577
16461, 11768, 71.49, 72, 48.65, 1, 3577
16462, 11769, 71.49, 72, 48.65, 1, 3577
16463, 11770, 71.49, 72, 48.65, 1, 3577
16464, 11771, 71.50, 72, 48.65, 1, 3577
16465, 11772, 71.50, 72, 48.65, 1, 3577
16466, 11773, 71.50, 72, 48.65, 1, 3577
16467, 11774, 71.50, 72, 48.65, 1, 3577
16468, 11774, 71.50, 72, 48.65, 1, 3577
16469, 11774, 71.49, 72, 48.65, 1, 3578
16470, 11775, 71.49, 72, 48.65, 1, 3578
16471, 11776, 71.50, 72, 48.65, 1, 3578
16472, 11776, 71.49, 72, 48.65, 1, 3579
16473, 11777, 71.49, 72, 48.65, 1, 3579
16474, 11778, 71.49, 72, 48.65, 1, 3579
16475, 11779, 71.50, 72, 48.65, 1, 3579
16476, 11780, 71.50, 72, 48.65, 1, 3579
16477, 11781, 71.50, 72, 48.65, 1, 3579
16478, 11782, 71.50, 72, 48.65, 1, 3579
16479, 11783, 71.50, 72, 48.65, 1, 3579
16480, 11784, 71.50, 72, 48.65, 1, 3579
16481, 11785, 71.51, 72, 48.65, 1, 3579
16482, 11786, 71.51, 72, 48.65, 1, 3579
16483, 11786, 71.50, 72, 48.65, 1, 3580
16484, 11787, 71.51, 72, 48.65, 1, 3580
16485, 11787, 71.50, 72, 48.65, 1, 3581
16486, 11788, 71.50, 72, 48.65, 1, 3581
16487, 11789, 71.50, 72, 48.65, 1, 3581
16488, 11790, 71.51, 72, 48.65, 1, 3581
16489, 11791, 71.51, 72, 48.65, 1, 3581
16490, 11791, 71.50, 72, 48.65, 1, 3582
16491, 11792, 71.51, 72, 48.65, 1, 3582
16492, 11793, 71.51, 72, 48.65, 1, 3582
16493, 11793, 71.50, 72, 48.65, 1, 3583
16494, 11793, 71.50, 72, 48.65, 1, 3583
16495, 11793, 71.49, 72, 48.65, 1, 3583
16496, 11793, 71.49, 72, 48.65, 1, 3584
16497, 11794, 71.49, 72, 48.65, 1, 3584
16498, 11794, 71.49, 72, 48.65, 1, 3585
16499, 11795, 71.49, 72, 48.65, 1, 3585
16500, 11796, 71.49, 72, 48.65, 1, 3585
16501, 11797, 71.49, 72, 48.65, 1, 3585
16502, 11797, 71.49, 72, 48.65, 1, 3586
16503, 11797, 71.48, 72, 48.65, 1, 3587
16504, 11798, 71.49, 72, 48.65, 1, 3587
16505, 11799, 71.49, 72, 48.65, 1, 3587
16506, 11799, 71.48, 72, 48.65, 1, 3588
16507, 11800, 71.48, 72, 48.65, 1, 3588
16508, 11801, 71.49, 72, 48.65, 1, 3588
16509, 11801, 71.48, 72, 48.65, 1, 3589
16510, 11802, 71.48, 72, 48.65, 1, 3589
16511, 11803, 71.49, 72, 48.65, 1, 3589
16512, 11804, 71.49, 72, 48.65, 1, 3589
16513, 11805, 71.49, 72, 48.65, 1, 3589
16514, 11806, 71.49, 72, 48.65, 1, 3589
16515, 11807, 71.49, 72, 48.65, 1, 3589
16516, 11808, 71.49, 72, 48.65, 1, 3589
16517, 11809, 71.50, 72, 48.65, 1, 3589
16518, 11809, 71.49, 72, 48.65, 1, 3590
16519, 11810, 71.49, 72, 48.65, 1, 3590
16520, 11810, 71.49, 72, 48.65, 1, 3591
16521, 11810, 71.48, 72, 48.65, 1, 3592
16522, 11811, 71.49, 72, 48.65, 1, 3592
16523, 11812, 71.49, 72, 48.65, 1, 3592
16524, 11813, 71.49, 72, 48.65, 1, 3592
16525, 11813, 71.49, 72, 48.65, 1, 3593
16526, 11814, 71.49, 72, 48.65, 1, 3593
16527, 11814, 71.48, 72, 48.65, 1, 3594
16528, 11815, 71.48, 72, 48.65, 1, 3594
16529, 11816, 71.49, 72, 48.65, 1, 3594
16530, 11817, 71.49, 72, 48.65, 1, 3594
16531, 11818, 71.49, 72, 48.65, 1, 3594
16532, 11819, 71.49, 72, 48.65, 1, 3594
16533, 11820, 71.49, 72, 48.65, 1, 3594
16534, 11821, 71.50, 72, 48.65, 1, 3594
16535, 11822, 71.50, 72, 48.65, 1, 3594
16536, 11823, 71.50, 72, 48.65, 1, 3594
16537, 11824, 71.50, 72, 48.65, 1, 3594
16538, 11824, 71.50, 72, 48.65, 1, 3595
16539, 11825, 71.50, 72, 48.65, 1, 3595
16540, 11826, 71.50, 72, 48.65, 1, 3595
16541, 11826, 71.50, 72, 48.65, 1, 3596
16542, 11827, 71.50, 72, 48.65, 1, 3596
16543, 11828, 71.50, 72, 48.65, 1, 3596
16544, 11829, 71.50, 72, 48.65, 1, 3596
16545, 11830, 71.50, 72, 48.65, 1, 3596
16546, 11831, 71.50, 72, 48.65, 1, 3596
16547, 11831, 71.50, 72, 48.65, 1, 3597
16548, 11831, 71.50, 72, 48.65, 1, 3598
16549, 11831, 71.49, 72, 48.65, 1, 3599
16550, 11832, 71.49, 72, 48.65, 1, 3599
16551, 11833, 71.49, 72, 48.65, 1, 3599
16552, 11833, 71.49, 72, 48.65, 1, 3600
16553, 11833, 71.49, 72, 48.65, 1, 3600
16554, 11833, 71.48, 72, 48.65, 1, 3600
16555, 11833, 71.48, 72, 48.65, 1, 3601
16556, 11834, 71.48, 72, 48.65, 1, 3601
16557, 11835, 71.48, 72, 48.65, 1, 3601
16558, 11836, 71.48, 72, 48.65, 1, 3601
16559, 11837, 71.48, 72, 48.65, 1, 3601
16560, 11838, 71.49, 72, 48.65, 1, 3601
16561, 11839, 71.49, 72, 48.65, 1, 3601
16562, 11840, 71.49, 72, 48.65, 1, 3601
16563, 11841, 71.49, 72, 48.65, 1, 3601
16564, 11842, 71.49, 72, 48.65, 1, 3601
16565, 11843, 71.49, 72, 48.65, 1, 3601
16566, 11843, 71.49, 72, 48.65, 1, 3602
16567, 11844, 71.49, 72, 48.65, 1, 3602
16568, 11845, 71.49, 72, 48.65, 1, 3602
16569, 11846, 71.49, 72, 48.65, 1, 3602
16570, 11846, 71.49, 72, 48.65, 1, 3603
16571, 11846, 71.49, 72, 48.65, 1, 3604
16572, 11846, 71.48, 72, 48.65, 1, 3604
16573, 11847, 71.48, 72, 48.65, 1, 3604
16574, 11847, 71.48, 72, 48.65, 1, 3605
16575, 11848, 71.48, 72, 48.65, 1, 3605
16576, 11849, 71.48, 72, 48.65, 1, 3605
16577, 11849, 71.48, 72, 48.65, 1, 3606
16578, 11849, 71.47, 72, 48.65, 1, 3607
16579, 11850, 71.48, 72, 48.65, 1, 3607
16580, 11851, 71.48, 72, 48.65, 1, 3607
16581, 11852, 71.48, 72, 48.65, 1, 3607
16582, 11853, 71.48, 72, 48.65, 1, 3607
16583, 11854, 71.48, 72, 48.65, 1, 3607
16584, 11855, 71.48, 72, 48.65, 1, 3607
16585, 11856, 71.49, 72, 48.65, 1, 3607
16586, 11857, 71.49, 72, 48.65, 1, 3607
16587, 11858, 71.49, 72, 48.65, 1, 3607
16588, 11859, 71.49, 72, 48.65, 1, 3607
16589, 11860, 71.49, 72, 48.65, 1, 3607
16590, 11860, 71.49, 72, 48.65, 1, 3607
16591, 11861, 71.49, 72, 48.65, 1, 3607
16592, 11862, 71.49, 72, 48.65, 1, 3607
16593, 11863, 71.49, 72, 48.65, 1, 3607
16594, 11864, 71.50, 72, 48.65, 1, 3607
16595, 11865, 71.50, 72, 48.65, 1, 3607
16596, 11866, 71.50, 72, 48.65, 1, 3607
16597, 11867, 71.50, 72, 48.65, 1, 3607
16598, 11868, 71.50, 72, 48.65, 1, 3607
16599, 11869, 71.50, 72, 48.65, 1, 3607
16600, 11869, 71.50, 72, 48.65, 1, 3608
16601, 11870, 71.50, 72, 48.65, 1, 3608
16602, 11870, 71.50, 72, 48.65, 1, 3609
16603, 11871, 71.50, 72, 48.65, 1, 3609
16604, 11871, 71.49, 72, 48.65, 1, 3610
16605, 11871, 71.49, 72, 48.65, 1, 3611
16606, 11872, 71.49, 72, 48.65, 1, 3611
16607, 11873, 71.49, 72, 48.65, 1, 3611
16608, 11874, 71.50, 72, 48.65, 1, 3611
16609, 11875, 71.50, 72, 48.65, 1, 3611
16610, 11875, 71.49, 72, 48.65, 1, 3611
16611, 11876, 71.49, 72, 48.65, 1, 3611
16612, 11877, 71.50, 72, 48.65, 1, 3611
16613, 11877, 71.49, 72, 48.65, 1, 3611
16614, 11878, 71.49, 72, 48.65, 1, 3611
16615, 11879, 71.50, 72, 48.65, 1, 3611
16616, 11880, 71.50, 72, 48.65, 1, 3611
16617, 11881, 71.50, 72, 48.65, 1, 3611
16618, 11882, 71.50, 72, 48.65, 1, 3611
16619, 11882, 71.50, 72, 48.65, 1, 3611
16620, 11883, 71.50, 72, 48.65, 1, 3611
16621, 11884, 71.50, 72, 48.65, 1, 3611
16622, 11885, 71.50, 72, 48.65, 1, 3611
16623, 11886, 71.50, 72, 48.65, 1, 3611
16624, 11887, 71.51, 72, 48.65, 1, 3611
16625, 11888, 71.51, 72, 48.65, 1, 3611
16626, 11889, 71.51, 72, 48.65, 1, 3611
16627, 11890, 71.51, 72, 48.65, 1, 3611
16628, 11890, 71.51, 72, 48.65, 1, 3612
16629, 11891, 71.51, 72, 48.65, 1, 3612
16630, 11892, 71.51, 72, 48.65, 1, 3612
16631, 11892, 71.51, 72, 48.65, 1, 3613
16632, 11892, 71.50, 72, 48.65, 1, 3614
16633, 11893, 71.50, 72, 48.65, 1, 3614
16634, 11894, 71.50, 72, 48.65, 1, 3614
16635, 11895, 71.51, 72, 48.65, 1, 3614
16636, 11895, 71.50, 72, 48.65, 1, 3615
16637, 11896, 71.50, 72, 48.65, 1, 3615
16638, 11897, 71.50, 72, 48.65, 1, 3615
16639, 11898, 71.51, 72, 48.65, 1, 3615
16640, 11899, 71.51, 72, 48.65, 1, 3615
16641, 11899, 71.50, 72, 48.65, 1, 3616
16642, 11900, 71.51, 72, 48.65, 1, 3616
16643, 11901, 71.51, 72, 48.65, 1, 3616
16644, 11902, 71.51, 72, 48.65, 1, 3616
16645, 11902, 71.50, 72, 48.65, 1, 3616
16646, 11903, 71.51, 72, 48.65, 1, 3616
16647, 11903, 71.50, 72, 48.65, 1, 3616
16648, 11904, 71.50, 72, 48.65, 1, 3616
16649, 11905, 71.51, 72, 48.65, 1, 3616
16650, 11905, 71.50, 72, 48.65, 1, 3616
16651, 11906, 71.50, 72, 48.65, 1, 3616
16652, 11907, 71.50, 72, 48.65, 1, 3616
16653, 11908, 71.51, 72, 48.65, 1, 3616
16654, 11909, 71.51, 72, 48.65, 1, 3616
16655, 11910, 71.51, 72, 48.65, 1, 3616
16656, 11911, 71.51, 72, 48.65, 1, 3616
16657, 11912, 71.51, 72, 48.65, 1, 3616
16658, 11913, 71.52, 72, 48.65, 1, 3616
16659, 11914, 71.52, 72, 48.65, 1, 3616
16660, 11915, 71.52, 72, 48.65, 1, 3616
16661, 11916, 71.52, 72, 48.65, 1, 3616
16662, 11917, 71.52, 72, 48.65, 1, 3616
16663, 11918, 71.52, 72, 48.65, 1, 3616
16664, 11918, 71.52, 72, 48.65, 1, 3616
16665, 11919, 71.52, 72, 48.65, 1, 3616
16666, 11920, 71.52, 72, 48.65, 1, 3616
16667, 11921, 71.52, 72, 48.65, 1, 3616
16668, 11922, 71.53, 72, 48.65, 1, 3616
16669, 11923, 71.53, 72, 48.65, 1, 3616
16670, 11923, 71.52, 72, 48.65, 1, 3617
16671, 11924, 71.53, 72, 48.65, 1, 3617
16672, 11924, 71.52, 72, 48.65, 1, 3618
16673, 11925, 71.52, 72, 48.65, 1, 3618
16674, 11925, 71.52, 72, 48.65, 1, 3619
16675, 11926, 71.52, 72, 48.65, 1, 3619
16676, 11926, 71.52, 72, 48.65, 1, 3620
16677, 11926, 71.51, 72, 48.65, 1, 3621
16678, 11927, 71.51, 72, 48.65, 1, 3621
16679, 11927, 71.51, 72, 48.65, 1, 3622
16680, 11928, 71.51, 72, 48.65, 1, 3622
16681, 11929, 71.51, 72, 48.65, 1, 3622
16682, 11930, 71.51, 72, 48.65, 1, 3622
16683, 11930, 71.51, 72, 48.65, 1, 3623
16684, 11931, 71.51, 72, 48.65, 1, 3623
16685, 11931, 71.51, 72, 48.65, 1, 3624
16686, 11932, 71.51, 72, 48.65, 1, 3624
16687, 11932, 71.50, 72, 48.65, 1, 3625
16688, 11932, 71.50, 72, 48.65, 1, 3626
16689, 11933, 71.50, 72, 48.65, 1, 3626
16690, 11934, 71.50, 72, 48.65, 1, 3626
16691, 11934, 71.50, 72, 48.65, 1, 3627
16692, 11935, 71.50, 72, 48.65, 1, 3627
16693, 11935, 71.50, 72, 48.65, 1, 3628
16694, 11936, 71.50, 72, 48.65, 1, 3628
16695, 11937, 71.50, 72, 48.65, 1, 3628
16696, 11937, 71.50, 72, 48.65, 1, 3629
16697, 11937, 71.49, 72, 48.65, 1, 3630
16698, 11938, 71.49, 72, 48.65, 1, 3630
16699, 11939, 71.50, 72, 48.65, 1, 3630
16700, 11940, 71.50, 72, 48.65, 1, 3630
16701, 11941, 71.50, 72, 48.65, 1, 3630
16702, 11941, 71.49, 72, 48.65, 1, 3631
16703, 11942, 71.50, 72, 48.65, 1, 3631
16704, 11943, 71.50, 72, 48.65, 1, 3631
16705, 11943, 71.49, 72, 48.65, 1, 3632
16706, 11944, 71.50, 72, 48.65, 1, 3632
16707, 11945, 71.50, 72, 48.65, 1, 3632
16708, 11945, 71.49, 72, 48.65, 1, 3632
16709, 11946, 71.49, 72, 48.65, 1, 3632
16710, 11947, 71.50, 72, 48.65, 1, 3632
16711, 11948, 71.50, 72, 48.65, 1, 3632
16712, 11949, 71.50, 72, 48.65, 1, 3632
16713, 11950, 71.50, 72, 48.65, 1, 3632
16714, 11950, 71.50, 72, 48.65, 1, 3633
16715, 11951, 71.50, 72, 48.65, 1, 3633
16716, 11951, 71.49, 72, 48.65, 1, 3634
16717, 11951, 71.49, 72, 48.65, 1, 3635
16718, 11952, 71.49, 72, 48.65, 1, 3635
16719, 11952, 71.49, 72, 48.65, 1, 3636
16720, 11952, 71.48, 72, 48.65, 1, 3637
16721, 11953, 71.48, 72, 48.65, 1, 3637
16722, 11953, 71.48, 72, 48.65, 1, 3638
16723, 11954, 71.48, 72, 48.65, 1, 3638
16724, 11955, 71.48, 72, 48.65, 1, 3638
16725, 11955, 71.48, 72, 48.65, 1, 3639
16726, 11956, 71.48, 72, 48.65, 1, 3639
16727, 11957, 71.48, 72, 48.65, 1, 3639
16728, 11957, 71.48, 72, 48.65, 1, 3639
16729, 11958, 71.48, 72, 48.65, 1, 3639
16730, 11959, 71.48, 72, 48.65, 1, 3639
16731, 11959, 71.48, 72, 48.65, 1, 3639
16732, 11960, 71.48, 72, 48.65, 1, 3639
16733, 11961, 71.48, 72, 48.65, 1, 3639
16734, 11962, 71.48, 72, 48.65, 1, 3639
16735, 11963, 71.48, 72, 48.65, 1, 3639
16736, 11964, 71.49, 72, 48.65, 1, 3639
16737, 11964, 71.48, 72, 48.65, 1, 3640
16738, 11965, 71.48, 72, 48.65, 1, 3640
16739, 11965, 71.48, 72, 48.65, 1, 3641
16740, 11966, 71.48, 72, 48.65, 1, 3641
16741, 11967, 71.48, 72, 48.65, 1, 3641
16742, 11967, 71.48, 72, 48.65, 1, 3642
16743, 11968, 71.48, 72, 48.65, 1, 3642
16744, 11969, 71.48, 72, 48.65, 1, 3642
16745, 11969, 71.48, 72, 48.65, 1, 3642
16746, 11970, 71.48, 72, 48.65, 1, 3642
16747, 11971, 71.48, 72, 48.65, 1, 3642
16748, 11971, 71.48, 72, 48.65, 1, 3643
16749, 11972, 71.48, 72, 48.65, 1, 3643
16750, 11973, 71.48, 72, 48.65, 1, 3643
16751, 11974, 71.48, 72, 48.65, 1, 3643
16752, 11974, 71.48, 72, 48.65, 1, 3644
16753, 11975, 71.48, 72, 48.65, 1, 3644
16754, 11976, 71.48, 72, 48.65, 1, 3644
16755, 11977, 71.48, 72, 48.65, 1, 3644
16756, 11978, 71.48, 72, 48.65, 1, 3644
16757, 11978, 71.48, 72, 48.65, 1, 3645
16758, 11979, 71.48, 72, 48.65, 1, 3645
16759, 11979, 71.48, 72, 48.65, 1, 3646
16760, 11980, 71.48, 72, 48.65, 1, 3646
16761, 11981, 71.48, 72, 48.65, 1, 3646
16762, 11982, 71.48, 72, 48.65, 1, 3646
16763, 11983, 71.48, 72, 48.65, 1, 3646
16764, 11984, 71.49, 72, 48.65, 1, 3646
16765, 11985, 71.49, 72, 48.65, 1, 3646
16766, 11986, 71.49, 72, 48.65, 1, 3646
16767, 11987, 71.49, 72, 48.65, 1, 3646
16768, 11987, 71.49, 72, 48.65, 1, 3647
16769, 11988, 71.49, 72, 48.65, 1, 3647
16770, 11989, 71.49, 72, 48.65, 1, 3647
16771, 11990, 71.49, 72, 48.65, 1, 3647
16772, 11991, 71.49, 72, 48.65, 1, 3647
16773, 11991, 71.49, 72, 48.65, 1, 3648
16774, 11992, 71.49, 72, 48.65, 1, 3648
16775, 11993, 71.49, 72, 48.65, 1, 3648
16776, 11994, 71.49, 72, 48.65, 1, 3648
16777, 11995, 71.50, 72, 48.65, 1, 3648
16778, 11995, 71.49, 72, 48.65, 1, 3649
16779, 11996, 71.49, 72, 48.65, 1, 3649
16780, 11997, 71.50, 72, 48.65, 1, 3649
16781, 11998, 71.50, 72, 48.65, 1, 3649
16782, 11999, 71.50, 72, 48.65, 1, 3649
16783, 12000, 71.50, 72, 48.65, 1, 3649
16784, 12001, 71.50, 72, 48.65, 1, 3649
16785, 12001, 71.50, 72, 48.65, 1, 3650
16786, 12001, 71.49, 72, 48.65, 1, 3651
16787, 12002, 71.50, 72, 48.65, 1, 3651
16788, 12003, 71.50, 72, 48.65, 1, 3651
16789, 12004, 71.50, 72, 48.65, 1, 3651
16790, 12005, 71.50, 72, 48.65, 1, 3651
16791, 12006, 71.50, 72, 48.65, 1, 3651
16792, 12007, 71.50, 72, 48.65, 1, 3651
16793, 12007, 71.50, 72, 48.65, 1, 3652
16794, 12008, 71.50, 72, 48.65, 1, 3652
16795, 12008, 71.50, 72, 48.65, 1, 3652
16796, 12009, 71.50, 72, 48.65, 1, 3652
16797, 12010, 71.50, 72, 48.65, 1, 3652
16798, 12011, 71.50, 72, 48.65, 1, 3652
16799, 12012, 71.50, 72, 48.65, 1, 3652
16800, 12012, 71.50, 72, 48.65, 1, 3652
16801, 12013, 71.50, 72, 48.65, 1, 3652
16802, 12014, 71.50, 72, 48.65, 1, 3652
16803, 12015, 71.51, 72, 48.65, 1, 3652
16804, 12016, 71.51, 72, 48.65, 1, 3652
16805, 12016, 71.50, 72, 48.65, 1, 3652
16806, 12016, 71.50, 72, 48.65, 1, 3653
16807, 12017, 71.50, 72, 48.65, 1, 3653
16808, 12017, 71.50, 72, 48.65, 1, 3654
16809, 12018, 71.50, 72, 48.65, 1, 3654
16810, 12018, 71.49, 72, 48.65, 1, 3655
16811, 12019, 71.49, 72, 48.65, 1, 3655
16812, 12020, 71.50, 72, 48.65, 1, 3655
16813, 12021, 71.50, 72, 48.65, 1, 3655
16814, 12021, 71.49, 72, 48.65, 1, 3656
16815, 12021, 71.49, 72, 48.65, 1, 3657
16816, 12021, 71.49, 72, 48.65, 1, 3658
16817, 12022, 71.49, 72, 48.65, 1, 3658
16818, 12022, 71.48, 72, 48.65, 1, 3659
16819, 12022, 71.48, 72, 48.65, 1, 3660
16820, 12023, 71.48, 72, 48.65, 1, 3660
16821, 12024, 71.48, 72, 48.65, 1, 3660
16822, 12024, 71.48, 72, 48.65, 1, 3661
16823, 12025, 71.48, 72, 48.65, 1, 3661
16824, 12026, 71.48, 72, 48.65, 1, 3661
16825, 12027, 71.48, 72, 48.65, 1, 3661
16826, 12028, 71.48, 72, 48.65, 1, 3661
16827, 12028, 71.48, 72, 48.65, 1, 3662
16828, 12029, 71.48, 72, 48.65, 1, 3662
16829, 12030, 71.48, 72, 48.65, 1, 3662
16830, 12031, 71.49, 72, 48.65, 1, 3662
16831, 12032, 71.49, 72, 48.65, 1, 3662
16832, 12032, 71.48, 72, 48.65, 1, 3663
16833, 12033, 71.48, 72, 48.65, 1, 3663
16834, 12034, 71.49, 72, 48.65, 1, 3663
16835, 12035, 71.49, 72, 48.65, 1, 3663
16836, 12036, 71.49, 72, 48.65, 1, 3663
16837, 12037, 71.49, 72, 48.65, 1, 3663
16838, 12038, 71.49, 72, 48.65, 1, 3663
16839, 12039, 71.49, 72, 48.65, 1, 3663
16840, 12039, 71.49, 72, 48.65, 1, 3664
16841, 12040, 71.49, 72, 48.65, 1, 3664
16842, 12041, 71.49, 72, 48.65, 1, 3664
16843, 12042, 71.50, 72, 48.65, 1, 3664
16844, 12042, 71.49, 72, 48.65, 1, 3665
16845, 12042, 71.49, 72, 48.65, 1, 3666
16846, 12043, 71.49, 72, 48.65, 1, 3666
16847, 12044, 71.49, 72, 48.65, 1, 3666
16848, 12045, 71.49, 72, 48.65, 1, 3666
16849, 12046, 71.49, 72, 48.65, 1, 3666
16850, 12047, 71.50, 72, 48.65, 1, 3666
16851, 12048, 71.50, 72, 48.65, 1, 3666
16852, 12049, 71.50, 72, 48.65, 1, 3666
16853, 12050, 71.50, 72, 48.65, 1, 3666
16854, 12051, 71.50, 72, 48.65, 1, 3666
16855, 12052, 71.50, 72, 48.65, 1, 3666
16856, 12053, 71.51, 72, 48.65, 1, 3666
16857, 12054, 71.51, 72, 48.65, 1, 3666
16858, 12055, 71.51, 72, 48.65, 1, 3666
16859, 12056, 71.51, 72, 48.65, 1, 3666
16860, 12057, 71.51, 72, 48.65, 1, 3666
16861, 12057, 71.51, 72, 48.65, 1, 3667
16862, 12057, 71.50, 72, 48.65, 1, 3667
16863, 12058, 71.51, 72, 48.65, 1, 3667
16864, 12058, 71.50, 72, 48.65, 1, 3667
16865, 12058, 71.50, 72, 48.65, 1, 3668
16866, 12059, 71.50, 72, 48.65, 1, 3668
16867, 12060, 71.50, 72, 48.65, 1, 3668
16868, 12061, 71.50, 72, 48.65, 1, 3668
16869, 12062, 71.50, 72, 48.65, 1, 3668
16870, 12063, 71.51, 72, 48.65, 1, 3668
16871, 12064, 71.51, 72, 48.65, 1, 3668
16872, 12065, 71.51, 72, 48.65, 1, 3668
16873, 12066, 71.51, 72, 48.65, 1, 3668
16874, 12067, 71.51, 72, 48.65, 1, 3668
16875, 12068, 71.51, 72, 48.65, 1, 3668
16876, 12069, 71.52, 72, 48.65, 1, 3668
16877, 12069, 71.51, 72, 48.65, 1, 3669
16878, 12069, 71.51, 72, 48.65, 1, 3670
16879, 12070, 71.51, 72, 48.65, 1, 3670
16880, 12071, 71.51, 72, 48.65, 1, 3670
16881, 12072, 71.51, 72, 48.65, 1, 3670
16882, 12073, 71.51, 72, 48.65, 1, 3670
16883, 12074, 71.52, 72, 48.65, 1, 3670
16884, 12075, 71.52, 72, 48.65, 1, 3670
16885, 12075, 71.51, 72, 48.65, 1, 3671
16886, 12076, 71.51, 72, 48.65, 1, 3671
16887, 12077, 71.52, 72, 48.65, 1, 3671
16888, 12078, 71.52, 72, 48.65, 1, 3671
16889, 12079, 71.52, 72, 48.65, 1, 3671
16890, 12080, 71.52, 72, 48.65, 1, 3671
16891, 12081, 71.52, 72, 48.65, 1, 3671
16892, 12082, 71.52, 72, 48.65, 1, 3671
16893, 12083, 71.53, 72, 48.65, 1, 3671
16894, 12083, 71.52, 72, 48.65, 1, 3672
16895, 12083, 71.52, 72, 48.65, 1, 3673
16896, 12084, 71.52, 72, 48.65, 1, 3673
16897, 12084, 71.52, 72, 48.65, 1, 3674
16898, 12084, 71.51, 72, 48.65, 1, 3674
16899, 12085, 71.51, 72, 48.65, 1, 3674
16900, 12086, 71.51, 72, 48.65, 1, 3674
16901, 12087, 71.52, 72, 48.65, 1, 3674
16902, 12087, 71.51, 72, 48.65, 1, 3675
16903, 12088, 71.51, 72, 48.65, 1, 3675
16904, 12089, 71.52, 72, 48.65, 1, 3675
16905, 12090, 71.52, 72, 48.65, 1, 3675
16906, 12090, 71.51, 72, 48.65, 1, 3676
16907, 12090, 71.51, 72, 48.65, 1, 3677
16908, 12091, 71.51, 72, 48.65, 1, 3677
16909, 12092, 71.51, 72, 48.65, 1, 3677
16910, 12093, 71.51, 72, 48.65, 1, 3677
16911, 12094, 71.52, 72, 48.65, 1, 3677
16912, 12094, 71.51, 72, 48.65, 1, 3678
16913, 12094, 71.51, 72, 48.65, 1, 3679
16914, 12095, 71.51, 72, 48.65, 1, 3679
16915, 12095, 71.50, 72, 48.65, 1, 3679
16916, 12096, 71.51, 72, 48.65, 1, 3679
16917, 12097, 71.51, 72, 48.65, 1, 3679
16918, 12098, 71.51, 72, 48.65, 1, 3679
16919, 12098, 71.51, 72, 48.65, 1, 3679
16920, 12098, 71.50, 72, 48.65, 1, 3679
16921, 12098, 71.50, 72, 48.65, 1, 3679
16922, 12098, 71.49, 72, 48.65, 1, 3680
16923, 12098, 71.49, 72, 48.65, 1, 3681
16924, 12099, 71.49, 72, 48.65, 1, 3681
16925, 12100, 71.49, 72, 48.65, 1, 3681
16926, 12100, 71.49, 72, 48.65, 1, 3681
16927, 12101, 71.49, 72, 48.65, 1, 3681
16928, 12102, 71.49, 72, 48.65, 1, 3681
16929, 12103, 71.49, 72, 48.65, 1, 3681
16930, 12104, 71.49, 72, 48.65, 1, 3681
16931, 12105, 71.50, 72, 48.65, 1, 3681
16932, 12105, 71.49, 72, 48.65, 1, 3682
16933, 12106, 71.49, 72, 48.65, 1, 3682
16934, 12107, 71.50, 72, 48.65, 1, 3682
16935, 12107, 71.49, 72, 48.65, 1, 3683
16936, 12108, 71.49, 72, 48.65, 1, 3683
16937, 12109, 71.49, 72, 48.65, 1, 3683
16938, 12110, 71.50, 72, 48.65, 1, 3683
16939, 12110, 71.49, 72, 48.65, 1, 3684
16940, 12110, 71.49, 72, 48.65, 1, 3685
16941, 12111, 71.49, 72, 48.65, 1, 3685
16942, 12112, 71.49, 72, 48.65, 1, 3685
16943, 12113, 71.49, 72, 48.65, 1, 3685
16944, 12113, 71.49, 72, 48.65, 1, 3686
16945, 12114, 71.49, 72, 48.65, 1, 3686
16946, 12115, 71.49, 72, 48.65, 1, 3686
16947, 12116, 71.49, 72, 48.65, 1, 3686
16948, 12117, 71.50, 72, 48.65, 1, 3686
16949, 12117, 71.49, 72, 48.65, 1, 3686
16950, 12117, 71.49, 72, 48.65, 1, 3687
16951, 12118, 71.49, 72, 48.65, 1, 3687
16952, 12119, 71.49, 72, 48.65, 1, 3687
16953, 12120, 71.49, 72, 48.65, 1, 3687
16954, 12121, 71.49, 72, 48.65, 1, 3687
16955, 12121, 71.49, 72, 48.65, 1, 3688
16956, 12122, 71.49, 72, 48.65, 1, 3688
16957, 12122, 71.49, 72, 48.65, 1, 3688
16958, 12123, 71.49, 72, 48.65, 1, 3688
16959, 12123, 71.48, 72, 48.65, 1, 3688
16960, 12124, 71.49, 72, 48.65, 1, 3688
16961, 12125, 71.49, 72, 48.65, 1, 3688
16962, 12126, 71.49, 72, 48.65, 1, 3688
16963, 12127, 71.49, 72, 48.65, 1, 3688
16964, 12128, 71.49, 72, 48.65, 1, 3688
16965, 12129, 71.49, 72, 48.65, 1, 3688
16966, 12130, 71.50, 72, 48.65, 1, 3688
16967, 12130, 71.49, 72, 48.65, 1, 3688
16968, 12131, 71.49, 72, 48.65, 1, 3688
16969, 12132, 71.50, 72, 48.65, 1, 3688
16970, 12133, 71.50, 72, 48.65, 1, 3688
16971, 12134, 71.50, 72, 48.65, 1, 3688
16972, 12135, 71.50, 72, 48.65, 1, 3688
16973, 12136, 71.50, 72, 48.65, 1, 3688
16974, 12136, 71.50, 72, 48.65, 1, 3688
16975, 12137, 71.50, 72, 48.65, 1, 3688
16976, 12138, 71.50, 72, 48.65, 1, 3688
16977, 12139, 71.50, 72, 48.65, 1, 3688
16978, 12140, 71.50, 72, 48.65, 1, 3688
16979, 12140, 71.50, 72, 48.65, 1, 3688
16980, 12141, 71.50, 72, 48.65, 1, 3688
16981, 12141, 71.50, 72, 48.65, 1, 3688
16982, 12141, 71.49, 72, 48.65, 1, 3688
16983, 12142, 71.50, 72, 48.65, 1, 3688
16984, 12142, 71.49, 72, 48.65, 1, 3689
16985, 12143, 71.49, 72, 48.65, 1, 3689
16986, 12144, 71.49, 72, 48.65, 1, 3689
16987, 12145, 71.50, 72, 48.65, 1, 3689
16988, 12145, 71.49, 72, 48.65, 1, 3690
16989, 12146, 71.49, 72, 48.65, 1, 3690
16990, 12147, 71.49, 72, 48.65, 1, 3690
16991, 12148, 71.50, 72, 48.65, 1, 3690
16992, 12149, 71.50, 72, 48.65, 1, 3690
16993, 12149, 71.49, 72, 48.65, 1, 3691
16994, 12150, 71.50, 72, 48.65, 1, 3691
16995, 12151, 71.50, 72, 48.65, 1, 3691
16996, 12152, 71.50, 72, 48.65, 1, 3691
16997, 12153, 71.50, 72, 48.65, 1, 3691
16998, 12154, 71.50, 72, 48.65, 1, 3691
16999, 12154, 71.50, 72, 48.65, 1, 3692
17000, 12154, 71.49, 72, 48.65, 1, 3693
17001, 12155, 71.50, 72, 48.65, 1, 3693
17002, 12156, 71.50, 72, 48.65, 1, 3693
17003, 12157, 71.50, 72, 48.65, 1, 3693
17004, 12157, 71.49, 72, 48.65, 1, 3694
17005, 12158, 71.50, 72, 48.65, 1, 3694
17006, 12159, 71.50, 72, 48.65, 1, 3694
17007, 12160, 71.50, 72, 48.65, 1, 3694
17008, 12161, 71.50, 72, 48.65, 1, 3694
17009, 12162, 71.50, 72, 48.65, 1, 3694
17010, 12163, 71.50, 72, 48.65, 1, 3694
17011, 12163, 71.50, 72, 48.65, 1, 3694
17012, 12163, 71.50, 72, 48.65, 1, 3695
17013, 12164, 71.50, 72, 48.65, 1, 3695
17014, 12165, 71.50, 72, 48.65, 1, 3695
17015, 12166, 71.50, 72, 48.65, 1, 3695
17016, 12167, 71.50, 72, 48.65, 1, 3695
17017, 12167, 71.50, 72, 48.65, 1, 3696
17018, 12168, 71.50, 72, 48.65, 1, 3696
17019, 12169, 71.50, 72, 48.65, 1, 3696
17020, 12169, 71.50, 72, 48.65, 1, 3697
17021, 12170, 71.50, 72, 48.65, 1, 3697
17022, 12171, 71.50, 72, 48.65, 1, 3697
17023, 12172, 71.50, 72, 48.65, 1, 3697
17024, 12173, 71.50, 72, 48.65, 1, 3697
17025, 12174, 71.51, 72, 48.65, 1, 3697
17026, 12175, 71.51, 72, 48.65, 1, 3697
17027, 12176, 71.51, 72, 48.65, 1, 3697
17028, 12177, 71.51, 72, 48.65, 1, 3697
17029, 12177, 71.51, 72, 48.65, 1, 3698
17030, 12178, 71.51, 72, 48.65, 1, 3698
17031, 12179, 71.51, 72, 48.65, 1, 3698
17032, 12180, 71.51, 72, 48.65, 1, 3698
17033, 12181, 71.51, 72, 48.65, 1, 3698
17034, 12182, 71.52, 72, 48.65, 1, 3698
17035, 12183, 71.52, 72, 48.65, 1, 3698
17036, 12184, 71.52, 72, 48.65, 1, 3698
17037, 12185, 71.52, 72, 48.65, 1, 3698
17038, 12186, 71.52, 72, 48.65, 1, 3698
17039, 12187, 71.52, 72, 48.65, 1, 3698
17040, 12188, 71.53, 72, 48.65, 1, 3698
17041, 12188, 71.52, 72, 48.65, 1, 3699
17042, 12188, 71.52, 72, 48.65, 1, 3700
17043, 12188, 71.51, 72, 48.65, 1, 3701
17044, 12188, 71.51, 72, 48.65, 1, 3702
17045, 12189, 71.51, 72, 48.65, 1, 3702
17046, 12190, 71.51, 72, 48.65, 1, 3702
17047, 12191, 71.51, 72, 48.65, 1, 3702
17048, 12191, 71.51, 72, 48.65, 1, 3703
17049, 12192, 71.51, 72, 48.65, 1, 3703
17050, 12193, 71.51, 72, 48.65, 1, 3703
17051, 12193, 71.51, 72, 48.65, 1, 3704
17052, 12193, 71.50, 72, 48.65, 1, 3705
17053, 12193, 71.50, 72, 48.65, 1, 3706
17054, 12193, 71.50, 72, 48.65, 1, 3706
17055, 12193, 71.49, 72, 48.65, 1, 3706
17056, 12194, 71.49, 72, 48.65, 1, 3706
17057, 12195, 71.50, 72, 48.65, 1, 3706
17058, 12196, 71.50, 72, 48.65, 1, 3706
17059, 12196, 71.49, 72, 48.65, 1, 3706
17060, 12196, 71.49, 72, 48.65, 1, 3707
17061, 12197, 71.49, 72, 48.65, 1, 3707
17062, 12198, 71.49, 72, 48.65, 1, 3707
17063, 12198, 71.49, 72, 48.65, 1, 3708
17064, 12199, 71.49, 72, 48.65, 1, 3708
17065, 12200, 71.49, 72, 48.65, 1, 3708
17066, 12201, 71.49, 72, 48.65, 1, 3708
17067, 12202, 71.49, 72, 48.65, 1, 3708
17068, 12203, 71.50, 72, 48.65, 1, 3708
17069, 12203, 71.49, 72, 48.65, 1, 3708
17070, 12203, 71.49, 72, 48.65, 1, 3709
17071, 12203, 71.48, 72, 48.65, 1, 3710
17072, 12203, 71.48, 72, 48.65, 1, 3711
17073, 12204, 71.48, 72, 48.65, 1, 3711
17074, 12205, 71.48, 72, 48.65, 1, 3711
17075, 12206, 71.48, 72, 48.65, 1, 3711
17076, 12207, 71.49, 72, 48.65, 1, 3711
17077, 12208, 71.49, 72, 48.65, 1, 3711
17078, 12208, 71.48, 72, 48.65, 1, 3712
17079, 12208, 71.48, 72, 48.65, 1, 3713
17080, 12208, 71.48, 72, 48.65, 1, 3714
17081, 12208, 71.47, 72, 48.65, 1, 3715
17082, 12208, 71.47, 72, 48.65, 1, 3715
17083, 12209, 71.47, 72, 48.65, 1, 3715
17084, 12210, 71.47, 72, 48.65, 1, 3715
17085, 12211, 71.47, 72, 48.65, 1, 3715
17086, 12211, 71.47, 72, 48.65, 1, 3716
17087, 12211, 71.46, 72, 48.65, 1, 3717
17088, 12212, 71.47, 72, 48.65, 1, 3717
17089, 12213, 71.47, 72, 48.65, 1, 3717
17090, 12213, 71.46, 72, 48.65, 1, 3718
17091, 12213, 71.46, 72, 48.65, 1, 3719
17092, 12213, 71.45, 72, 48.65, 1, 3720
17093, 12214, 71.46, 72, 48.65, 1, 3720
17094, 12215, 71.46, 72, 48.65, 1, 3720
17095, 12216, 71.46, 72, 48.65, 1, 3720
17096, 12217, 71.46, 72, 48.65, 1, 3720
17097, 12218, 71.46, 72, 48.65, 1, 3720
17098, 12218, 71.46, 72, 48.65, 1, 3721
17099, 12219, 71.46, 72, 48.65, 1, 3721
17100, 12219, 71.46, 72, 48.65, 1, 3722
17101, 12220, 71.46, 72, 48.65, 1, 3722
17102, 12221, 71.46, 72, 48.65, 1, 3722
17103, 12222, 71.46, 72, 48.65, 1, 3722
17104, 12223, 71.46, 72, 48.65, 1, 3722
17105, 12224, 71.46, 72, 48.65, 1, 3722
17106, 12225, 71.47, 72, 48.65, 1, 3722
17107, 12226, 71.47, 72, 48.65, 1, 3722
17108, 12227, 71.47, 72, 48.65, 1, 3722
17109, 12228, 71.47, 72, 48.65, 1, 3722
17110, 12229, 71.47, 72, 48.65, 1, 3722
17111, 12229, 71.47, 72, 48.65, 1, 3723
17112, 12229, 71.46, 72, 48.65, 1, 3724
17113, 12230, 71.47, 72, 48.65, 1, 3724
17114, 12231, 71.47, 72, 48.65, 1, 3724
17115, 12232, 71.47, 72, 48.65, 1, 3724
17116, 12233, 71.47, 72, 48.65, 1, 3724
17117, 12234, 71.47, 72, 48.65, 1, 3724
17118, 12235, 71.47, 72, 48.65, 1, 3724
17119, 12236, 71.48, 72, 48.65, 1, 3724
17120, 12237, 71.48, 72, 48.65, 1, 3724
17121, 12238, 71.48, 72, 48.65, 1, 3724
17122, 12239, 71.48, 72, 48.65, 1, 3724
17123, 12240, 71.48, 72, 48.65, 1, 3724
17124, 12241, 71.48, 72, 48.65, 1, 3724
17125, 12242, 71.49, 72, 48.65, 1, 3724
17126, 12242, 71.48, 72, 48.65, 1, 3725
17127, 12243, 71.48, 72, 48.65, 1, 3725
17128, 12243, 71.48, 72, 48.65, 1, 3726
17129, 12244, 71.48, 72, 48.65, 1, 3726
17130, 12245, 71.48, 72, 48.65, 1, 3726
17131, 12246, 71.48, 72, 48.65, 1, 3726
17132, 12247, 71.49, 72, 48.65, 1, 3726
17133, 12248, 71.49, 72, 48.65, 1, 3726
17134, 12249, 71.49, 72, 48.65, 1, 3726
17135, 12250, 71.49, 72, 48.65, 1, 3726
17136, 12251, 71.49, 72, 48.65, 1, 3726
17137, 12252, 71.49, 72, 48.65, 1, 3726
17138, 12253, 71.50, 72, 48.65, 1, 3726
17139, 12253, 71.49, 72, 48.65, 1, 3726
17140, 12254, 71.49, 72, 48.65, 1, 3726
17141, 12255, 71.50, 72, 48.65, 1, 3726
17142, 12256, 71.50, 72, 48.65, 1, 3726
17143, 12257, 71.50, 72, 48.65, 1, 3726
17144, 12258, 71.50, 72, 48.65, 1, 3726
17145, 12258, 71.50, 72, 48.65, 1, 3727
17146, 12259, 71.50, 72, 48.65, 1, 3727
17147, 12259, 71.49, 72, 48.65, 1, 3728
17148, 12260, 71.50, 72, 48.65, 1, 3728
17149, 12261, 71.50, 72, 48.65, 1, 3728
17150, 12262, 71.50, 72, 48.65, 1, 3728
17151, 12262, 71.49, 72, 48.65, 1, 3728
17152, 12263, 71.50, 72, 48.65, 1, 3728
17153, 12263, 71.49, 72, 48.65, 1, 3729
17154, 12264, 71.49, 72, 48.65, 1, 3729
17155, 12265, 71.50, 72, 48.65, 1, 3729
17156, 12266, 71.50, 72, 48.65, 1, 3729
17157, 12266, 71.49, 72, 48.65, 1, 3730
17158, 12267, 71.49, 72, 48.65, 1, 3730
17159, 12268, 71.50, 72, 48.65, 1, 3730
17160, 12268, 71.49, 72, 48.65, 1, 3731
17161, 12269, 71.49, 72, 48.65, 1, 3731
17162, 12270, 71.50, 72, 48.65, 1, 3731
17163, 12271, 71.50, 72, 48.65, 1, 3731
17164, 12272, 71.50, 72, 48.65, 1, 3731
17165, 12273, 71.50, 72, 48.65, 1, 3731
17166, 12273, 71.50, 72, 48.65, 1, 3732
17167, 12274, 71.50, 72, 48.65, 1, 3732
17168, 12275, 71.50, 72, 48.65, 1, 3732
17169, 12276, 71.50, 72, 48.65, 1, 3732
17170, 12277, 71.50, 72, 48.65, 1, 3732
17171, 12278, 71.50, 72, 48.65, 1, 3732
17172, 12279, 71.51, 72, 48.65, 1, 3732
17173, 12279, 71.50, 72, 48.65, 1, 3733
17174, 12280, 71.50, 72, 48.65, 1, 3733
17175, 12281, 71.51, 72, 48.65, 1, 3733
17176, 12282, 71.51, 72, 48.65, 1, 3733
17177, 12282, 71.50, 72, 48.65, 1, 3734
17178, 12282, 71.50, 72, 48.65, 1, 3735
17179, 12282, 71.49, 72, 48.65, 1, 3736
17180, 12283, 71.50, 72, 48.65, 1, 3736
17181, 12284, 71.50, 72, 48.65, 1, 3736
17182, 12285, 71.50, 72, 48.65, 1, 3736
17183, 12286, 71.50, 72, 48.65, 1, 3736
17184, 12287, 71.50, 72, 48.65, 1, 3736
17185, 12288, 71.50, 72, 48.65, 1, 3736
17186, 12288, 71.50, 72, 48.65, 1, 3737
17187, 12289, 71.50, 72, 48.65, 1, 3737
17188, 12290, 71.50, 72, 48.65, 1, 3737
17189, 12290, 71.50, 72, 48.65, 1, 3737
17190, 12291, 71.50, 72, 48.65, 1, 3737
17191, 12292, 71.50, 72, 48.65, 1, 3737
17192, 12292, 71.50, 72, 48.65, 1, 3738
17193, 12293, 71.50, 72, 48.65, 1, 3738
17194, 12294, 71.50, 72, 48.65, 1, 3738
17195, 12294, 71.50, 72, 48.65, 1, 3739
17196, 12295, 71.50, 72, 48.65, 1, 3739
17197, 12295, 71.50, 72, 48.65, 1, 3739
17198, 12296, 71.50, 72, 48.65, 1, 3739
17199, 12297, 71.50, 72, 48.65, 1, 3739
17200, 12298, 71.50, 72, 48.65, 1, 3739
17201, 12299, 71.50, 72, 48.65, 1, 3739
17202, 12299, 71.50, 72, 48.65, 1, 3739
17203, 12300, 71.50, 72, 48.65, 1, 3739
17204, 12301, 71.50, 72, 48.65, 1, 3739
17205, 12302, 71.50, 72, 48.65, 1, 3739
17206, 12303, 71.50, 72, 48.65, 1, 3739
17207, 12304, 71.51, 72, 48.65, 1, 3739
17208, 12304, 71.50, 72, 48.65, 1, 3740
17209, 12305, 71.50, 72, 48.65, 1, 3740
17210, 12306, 71.50, 72, 48.65, 1, 3740
17211, 12307, 71.51, 72, 48.65, 1, 3740
17212, 12308, 71.51, 72, 48.65, 1, 3740
17213, 12309, 71.51, 72, 48.65, 1, 3740
17214, 12310, 71.51, 72, 48.65, 1, 3740
17215, 12311, 71.51, 72, 48.65, 1, 3740
17216, 12312, 71.51, 72, 48.65, 1, 3740
17217, 12313, 71.52, 72, 48.65, 1, 3740
17218, 12314, 71.52, 72, 48.65, 1, 3740
17219, 12315, 71.52, 72, 48.65, 1, 3740
17220, 12316, 71.52, 72, 48.65, 1, 3740
17221, 12317, 71.52, 72, 48.65, 1, 3740
17222, 12318, 71.52, 72, 48.65, 1, 3740
17223, 12318, 71.52, 72, 48.65, 1, 3741
17224, 12318, 71.52, 72, 48.65, 1, 3742
17225, 12318, 71.51, 72, 48.65, 1, 3743
17226, 12319, 71.51, 72, 48.65, 1, 3743
17227, 12319, 71.51, 72, 48.65, 1, 3744
17228, 12319, 71.51, 72, 48.65, 1, 3745
17229, 12320, 71.51, 72, 48.65, 1, 3745
17230, 12320, 71.50, 72, 48.65, 1, 3746
17231, 12320, 71.50, 72, 48.65, 1, 3747
17232, 12321, 71.50, 72, 48.65, 1, 3747
17233, 12322, 71.50, 72, 48.65, 1, 3747
17234, 12323, 71.50, 72, 48.65, 1, 3747
17235, 12324, 71.51, 72, 48.65, 1, 3747
17236, 12324, 71.50, 72, 48.65, 1, 3748
17237, 12325, 71.50, 72, 48.65, 1, 3748
17238, 12326, 71.50, 72, 48.65, 1, 3748
17239, 12327, 71.51, 72, 48.65, 1, 3748
17240, 12328, 71.51, 72, 48.65, 1, 3748
17241, 12329, 71.51, 72, 48.65, 1, 3748
17242, 12330, 71.51, 72, 48.65, 1, 3748
17243, 12331, 71.51, 72, 48.65, 1, 3748
17244, 12332, 71.51, 72, 48.65, 1, 3748
17245, 12332, 71.51, 72, 48.65, 1, 3749
17246, 12333, 71.51, 72, 48.65, 1, 3749
17247, 12334, 71.51, 72, 48.65, 1, 3749
17248, 12335, 71.52, 72, 48.65, 1, 3749
17249, 12336, 71.52, 72, 48.65, 1, 3749
17250, 12337, 71.52, 72, 48.65, 1, 3749
17251, 12338, 71.52, 72, 48.65, 1, 3749
17252, 12339, 71.52, 72, 48.65, 1, 3749
17253, 12339, 71.52, 72, 48.65, 1, 3750
17254, 12340, 71.52, 72, 48.65, 1, 3750
17255, 12340, 71.52, 72, 48.65, 1, 3751
17256, 12341, 71.52, 72, 48.65, 1, 3751
17257, 12342, 71.52, 72, 48.65, 1, 3751
17258, 12343, 71.52, 72, 48.65, 1, 3751
17259, 12343, 71.52, 72, 48.65, 1, 3752
17260, 12344, 71.52, 72, 48.65, 1, 3752
17261, 12344, 71.51, 72, 48.65, 1, 3752
17262, 12344, 71.51, 72, 48.65, 1, 3753
17263, 12345, 71.51, 72, 48.65, 1, 3753
17264, 12346, 71.51, 72, 48.65, 1, 3753
17265, 12347, 71.51, 72, 48.65, 1, 3753
17266, 12348, 71.52, 72, 48.65, 1, 3753
17267, 12349, 71.52, 72, 48.65, 1, 3753
17268, 12350, 71.52, 72, 48.65, 1, 3753
17269, 12351, 71.52, 72, 48.65, 1, 3753
17270, 12352, 71.52, 72, 48.65, 1, 3753
17271, 12353, 71.52, 72, 48.65, 1, 3753
17272, 12354, 71.53, 72, 48.65, 1, 3753
17273, 12355, 71.53, 72, 48.65, 1, 3753
17274, 12356, 71.53, 72, 48.65, 1, 3753
17275, 12357, 71.53, 72, 48.65, 1, 3753
17276, 12357, 71.53, 72, 48.65, 1, 3754
17277, 12358, 71.53, 72, 48.65, 1, 3754
17278, 12358, 71.52, 72, 48.65, 1, 3755
17279, 12358, 71.52, 72, 48.65, 1, 3756
17280, 12358, 71.52, 72, 48.65, 1, 3757
17281, 12358, 71.51, 72, 48.65, 1, 3757
17282, 12359, 71.51, 72, 48.65, 1, 3757
17283, 12360, 71.52, 72, 48.65, 1, 3757
17284, 12361, 71.52, 72, 48.65, 1, 3757
17285, 12362, 71.52, 72, 48.65, 1, 3757
17286, 12363, 71.52, 72, 48.65, 1, 3757
17287, 12364, 71.52, 72, 48.65, 1, 3757
17288, 12364, 71.52, 72, 48.65, 1, 3758
17289, 12364, 71.51, 72, 48.65, 1, 3759
17290, 12365, 71.52, 72, 48.65, 1, 3759
17291, 12366, 71.52, 72, 48.65, 1, 3759
17292, 12367, 71.52, 72, 48.65, 1, 3759
17293, 12367, 71.51, 72, 48.65, 1, 3760
17294, 12368, 71.52, 72, 48.65, 1, 3760
17295, 12369, 71.52, 72, 48.65, 1, 3760
17296, 12370, 71.52, 72, 48.65, 1, 3760
17297, 12371, 71.52, 72, 48.65, 1, 3760
17298, 12372, 71.52, 72, 48.65, 1, 3760
17299, 12373, 71.52, 72, 48.65, 1, 3760
17300, 12374, 71.53, 72, 48.65, 1, 3760
17301, 12375, 71.53, 72, 48.65, 1, 3760
17302, 12375, 71.52, 72, 48.65, 1, 3761
17303, 12376, 71.53, 72, 48.65, 1, 3761
17304, 12377, 71.53, 72, 48.65, 1, 3761
17305, 12378, 71.53, 72, 48.65, 1, 3761
17306, 12379, 71.53, 72, 48.65, 1, 3761
17307, 12380, 71.53, 72, 48.65, 1, 3761
17308, 12381, 71.53, 72, 48.65, 1, 3761
17309, 12381, 71.53, 72, 48.65, 1, 3762
17310, 12382, 71.53, 72, 48.65, 1, 3762
17311, 12382, 71.53, 72, 48.65, 1, 3763
17312, 12383, 71.53, 72, 48.65, 1, 3763
17313, 12383, 71.52, 72, 48.65, 1, 3764
17314, 12384, 71.53, 72, 48.65, 1, 3764
17315, 12385, 71.53, 72, 48.65, 1, 3764
17316, 12386, 71.53, 72, 48.65, 1, 3764
17317, 12387, 71.53, 72, 48.65, 1, 3764
17318, 12388, 71.53, 72, 48.65, 1, 3764
17319, 12389, 71.53, 72, 48.65, 1, 3764
17320, 12390, 71.54, 72, 48.65, 1, 3764
17321, 12391, 71.54, 72, 48.65, 1, 3764
17322, 12392, 71.54, 72, 48.65, 1, 3764
17323, 12393, 71.54, 72, 48.65, 1, 3764
17324, 12394, 71.54, 72, 48.65, 1, 3764
17325, 12395, 71.54, 72, 48.65, 1, 3764
17326, 12396, 71.55, 72, 48.65, 1, 3764
17327, 12397, 71.55, 72, 48.65, 1, 3764
17328, 12397, 71.54, 72, 48.65, 1, 3764
17329, 12397, 71.54, 72, 48.65, 1, 3765
17330, 12398, 71.54, 72, 48.65, 1, 3765
17331, 12399, 71.54, 72, 48.65, 1, 3765
17332, 12399, 71.54, 72, 48.65, 1, 3766
17333, 12400, 71.54, 72, 48.65, 1, 3766
17334, 12401, 71.54, 72, 48.65, 1, 3766
17335, 12402, 71.54, 72, 48.65, 1, 3766
17336, 12403, 71.54, 72, 48.65, 1, 3766
17337, 12404, 71.55, 72, 48.65, 1, 3766
17338, 12404, 71.54, 72, 48.65, 1, 3767
17339, 12405, 71.54, 72, 48.65, 1, 3767
17340, 12406, 71.55, 72, 48.65, 1, 3767
17341, 12407, 71.55, 72, 48.65, 1, 3767
17342, 12408, 71.55, 72, 48.65, 1, 3767
17343, 12409, 71.55, 72, 48.65, 1, 3767
17344, 12410, 71.55, 72, 48.65, 1, 3767
17345, 12410, 71.55, 72, 48.65, 1, 3768
17346, 12411, 71.55, 72, 48.65, 1, 3768
17347, 12412, 71.55, 72, 48.65, 1, 3768
17348, 12413, 71.55, 72, 48.65, 1, 3768
17349, 12414, 71.55, 72, 48.65, 1, 3768
17350, 12414, 71.55, 72, 48.65, 1, 3769
17351, 12415, 71.55, 72, 48.65, 1, 3769
17352, 12416, 71.55, 72, 48.65, 1, 3769
17353, 12417, 71.56, 72, 48.65, 1, 3769
17354, 12417, 71.55, 72, 48.65, 1, 3769
17355, 12418, 71.55, 72, 48.65, 1, 3769
17356, 12418, 71.55, 72, 48.65, 1, 3770
17357, 12418, 71.54, 72, 48.65, 1, 3771
17358, 12418, 71.54, 72, 48.65, 1, 3771
17359, 12419, 71.54, 72, 48.65, 1, 3771
17360, 12420, 71.54, 72, 48.65, 1, 3771
17361, 12421, 71.55, 72, 48.65, 1, 3771
17362, 12422, 71.55, 72, 48.65, 1, 3771
17363, 12423, 71.55, 72, 48.65, 1, 3771
17364, 12423, 71.54, 72, 48.65, 1, 3771
17365, 12424, 71.55, 72, 48.65, 1, 3771
17366, 12425, 71.55, 72, 48.65, 1, 3771
17367, 12426, 71.55, 72, 48.65, 1, 3771
17368, 12427, 71.55, 72, 48.65, 1, 3771
17369, 12428, 71.55, 72, 48.65, 1, 3771
17370, 12429, 71.55, 72, 48.65, 1, 3771
17371, 12430, 71.56, 72, 48.65, 1, 3771
17372, 12431, 71.56, 72, 48.65, 1, 3771
17373, 12432, 71.56, 72, 48.65, 1, 3771
17374, 12433, 71.56, 72, 48.65, 1, 3771
17375, 12434, 71.56, 72, 48.65, 1, 3771
17376, 12435, 71.56, 72, 48.65, 1, 3771
17377, 12436, 71.57, 72, 48.65, 1, 3771
17378, 12436, 71.56, 72, 48.65, 1, 3771
17379, 12437, 71.56, 72, 48.65, 1, 3771
17380, 12438, 71.57, 72, 48.65, 1, 3771
17381, 12438, 71.56, 72, 48.65, 1, 3772
17382, 12439, 71.56, 72, 48.65, 1, 3772
17383, 12440, 71.56, 72, 48.65, 1, 3772
17384, 12441, 71.57, 72, 48.65, 1, 3772
17385, 12442, 71.57, 72, 48.65, 1, 3772
17386, 12443, 71.57, 72, 48.65, 1, 3772
17387, 12444, 71.57, 72, 48.65, 1, 3772
17388, 12445, 71.57, 72, 48.65, 1, 3772
17389, 12446, 71.57, 72, 48.65, 1, 3772
17390, 12447, 71.58, 72, 48.65, 1, 3772
17391, 12448, 71.58, 72, 48.65, 1, 3772
17392, 12449, 71.58, 72, 48.65, 1, 3772
17393, 12450, 71.58, 72, 48.65, 1, 3772
17394, 12451, 71.58, 72, 48.65, 1, 3772
17395, 12452, 71.58, 72, 48.65, 1, 3772
17396, 12453, 71.59, 72, 48.65, 1, 3772
17397, 12454, 71.59, 72, 48.65, 1, 3772
17398, 12455, 71.59, 72, 48.65, 1, 3772
17399, 12456, 71.59, 72, 48.65, 1, 3772
17400, 12457, 71.59, 72, 48.65, 1, 3772
17401, 12457, 71.59, 72, 48.65, 1, 3773
17402, 12458, 71.59, 72, 48.65, 1, 3773
17403, 12459, 71.59, 72, 48.65, 1, 3773
17404, 12460, 71.59, 72, 48.65, 1, 3773
17405, 12460, 71.59, 72, 48.65, 1, 3774
17406, 12461, 71.59, 72, 48.65, 1, 3774
17407, 12461, 71.59, 72, 48.65, 1, 3775
17408, 12462, 71.59, 72, 48.65, 1, 3775
17409, 12463, 71.59, 72, 48.65, 1, 3775
17410, 12463, 71.59, 72, 48.65, 1, 3776
17411, 12464, 71.59, 72, 48.65, 1, 3776
17412, 12465, 71.59, 72, 48.65, 1, 3776
17413, 12466, 71.59, 72, 48.65, 1, 3776
17414, 12467, 71.59, 72, 48.65, 1, 3776
17415, 12468, 71.59, 72, 48.65, 1, 3776
17416, 12468, 71.59, 72, 48.65, 1, 3776
17417, 12469, 71.59, 72, 48.65, 1, 3776
17418, 12469, 71.59, 72, 48.65, 1, 3777
17419, 12469, 71.58, 72, 48.65, 1, 3778
17420, 12469, 71.58, 72, 48.65, 1, 3779
17421, 12469, 71.57, 72, 48.65, 1, 3779
17422, 12470, 71.58, 72, 48.65, 1, 3779
17423, 12471, 71.58, 72, 48.65, 1, 3779
17424, 12472, 71.58, 72, 48.65, 1, 3779
17425, 12473, 71.58, 72, 48.65, 1, 3779
17426, 12474, 71.58, 72, 48.65, 1, 3779
17427, 12475, 71.58, 72, 48.65, 1, 3779
17428, 12476, 71.59, 72, 48.65, 1, 3779
17429, 12477, 71.59, 72, 48.65, 1, 3779
17430, 12478, 71.59, 72, 48.65, 1, 3779
17431, 12479, 71.59, 72, 48.65, 1, 3779
17432, 12480, 71.59, 72, 48.65, 1, 3779
17433, 12481, 71.59, 72, 48.65, 1, 3779
17434, 12482, 71.60, 72, 48.65, 1, 3779
17435, 12483, 71.60, 72, 48.65, 1, 3779
17436, 12483, 71.59, 72, 48.65, 1, 3779
17437, 12484, 71.59, 72, 48.65, 1, 3779
17438, 12485, 71.60, 72, 48.65, 1, 3779
17439, 12485, 71.59, 72, 48.65, 1, 3779
17440, 12485, 71.59, 72, 48.65, 1, 3779
17441, 12486, 71.59, 72, 48.65, 1, 3779
17442, 12487, 71.59, 72, 48.65, 1, 3779
17443, 12487, 71.59, 72, 48.65, 1, 3780
17444, 12488, 71.59, 72, 48.65, 1, 3780
17445, 12489, 71.59, 72, 48.65, 1, 3780
17446, 12489, 71.59, 72, 48.65, 1, 3781
17447, 12490, 71.59, 72, 48.65, 1, 3781
17448, 12491, 71.59, 72, 48.65, 1, 3781
17449, 12492, 71.59, 72, 48.65, 1, 3781
17450, 12493, 71.59, 72, 48.65, 1, 3781
17451, 12494, 71.59, 72, 48.65, 1, 3781
17452, 12495, 71.60, 72, 48.65, 1, 3781
17453, 12496, 71.60, 72, 48.65, 1, 3781
17454, 12497, 71.60, 72, 48.65, 1, 3781
17455, 12498, 71.60, 72, 48.65, 1, 3781
17456, 12499, 71.60, 72, 48.65, 1, 3781
17457, 12500, 71.60, 72, 48.65, 1, 3781
17458, 12501, 71.61, 72, 48.65, 1, 3781
17459, 12501, 71.60, 72, 48.65, 1, 3782
17460, 12502, 71.60, 72, 48.65, 1, 3782
17461, 12502, 71.60, 72, 48.65, 1, 3783
17462, 12502, 71.60, 72, 48.65, 1, 3784
17463, 12502, 71.59, 72, 48.65, 1, 3785
17464, 12502, 71.59, 72, 48.65, 1, 3786
17465, 12502, 71.58, 72, 48.65, 1, 3787
17466, 12503, 71.58, 72, 48.65, 1, 3787
17467, 12504, 71.59, 72, 48.65, 1, 3787
17468, 12505, 71.59, 72, 48.65, 1, 3787
17469, 12506, 71.59, 72, 48.65, 1, 3787
17470, 12506, 71.59, 72, 48.65, 1, 3788
17471, 12506, 71.58, 72, 48.65, 1, 3789
17472, 12507, 71.58, 72, 48.65, 1, 3789
17473, 12508, 71.58, 72, 48.65, 1, 3789
17474, 12509, 71.59, 72, 48.65, 1, 3789
17475, 12509, 71.58, 72, 48.65, 1, 3790
17476, 12509, 71.58, 72, 48.65, 1, 3791
17477, 12510, 71.58, 72, 48.65, 1, 3791
17478, 12511, 71.58, 72, 48.65, 1, 3791
17479, 12512, 71.58, 72, 48.65, 1, 3791
17480, 12513, 71.58, 72, 48.65, 1, 3791
17481, 12514, 71.59, 72, 48.65, 1, 3791
17482, 12515, 71.59, 72, 48.65, 1, 3791
17483, 12516, 71.59, 72, 48.65, 1, 3791
17484, 12516, 71.59, 72, 48.65, 1, 3792
17485, 12516, 71.58, 72, 48.65, 1, 3793
17486, 12516, 71.58, 72, 48.65, 1, 3794
17487, 12517, 71.58, 72, 48.65, 1, 3794
17488, 12518, 71.58, 72, 48.65, 1, 3794
17489, 12519, 71.58, 72, 48.65, 1, 3794
17490, 12519, 71.58, 72, 48.65, 1, 3795
17491, 12520, 71.58, 72, 48.65, 1, 3795
17492, 12521, 71.58, 72, 48.65, 1, 3795
17493, 12522, 71.58, 72, 48.65, 1, 3795
17494, 12523, 71.58, 72, 48.65, 1, 3795
17495, 12524, 71.59, 72, 48.65, 1, 3795
17496, 12525, 71.59, 72, 48.65, 1, 3795
17497, 12525, 71.58, 72, 48.65, 1, 3796
17498, 12525, 71.58, 72, 48.65, 1, 3797
17499, 12526, 71.58, 72, 48.65, 1, 3797
17500, 12526, 71.58, 72, 48.65, 1, 3798
17501, 12527, 71.58, 72, 48.65, 1, 3798
17502, 12528, 71.58, 72, 48.65, 1, 3798
17503, 12528, 71.58, 72, 48.65, 1, 3799
17504, 12529, 71.58, 72, 48.65, 1, 3799
17505, 12530, 71.58, 72, 48.65, 1, 3799
17506, 12530, 71.58, 72, 48.65, 1, 3800
17507, 12531, 71.58, 72, 48.65, 1, 3800
17508, 12532, 71.58, 72, 48.65, 1, 3800
17509, 12533, 71.58, 72, 48.65, 1, 3800
17510, 12534, 71.58, 72, 48.65, 1, 3800
17511, 12535, 71.58, 72, 48.65, 1, 3800
17512, 12536, 71.59, 72, 48.65, 1, 3800
17513, 12537, 71.59, 72, 48.65, 1, 3800
17514, 12538, 71.59, 72, 48.65, 1, 3800
17515, 12539, 71.59, 72, 48.65, 1, 3800
17516, 12540, 71.59, 72, 48.65, 1, 3800
17517, 12540, 71.59, 72, 48.65, 1, 3801
17518, 12541, 71.59, 72, 48.65, 1, 3801
17519, 12542, 71.59, 72, 48.65, 1, 3801
17520, 12543, 71.59, 72, 48.65, 1, 3801
17521, 12544, 71.59, 72, 48.65, 1, 3801
17522, 12545, 71.60, 72, 48.65, 1, 3801
17523, 12546, 71.60, 72, 48.65, 1, 3801
17524, 12547, 71.60, 72, 48.65, 1, 3801
17525, 12548, 71.60, 72, 48.65, 1, 3801
17526, 12549, 71.60, 72, 48.65, 1, 3801
17527, 12550, 71.60, 72, 48.65, 1, 3801
17528, 12550, 71.60, 72, 48.65, 1, 3802
17529, 12550, 71.60, 72, 48.65, 1, 3803
17530, 12551, 71.60, 72, 48.65, 1, 3803
17531, 12551, 71.59, 72, 48.65, 1, 3804
17532, 12552, 71.59, 72, 48.65, 1, 3804
17533, 12552, 71.59, 72, 48.65, 1, 3805
17534, 12552, 71.59, 72, 48.65, 1, 3806
17535, 12553, 71.59, 72, 48.65, 1, 3806
17536, 12553, 71.58, 72, 48.65, 1, 3807
17537, 12554, 71.59, 72, 48.65, 1, 3807
17538, 12555, 71.59, 72, 48.65, 1, 3807
17539, 12556, 71.59, 72, 48.65, 1, 3807
17540, 12557, 71.59, 72, 48.65, 1, 3807
17541, 12558, 71.59, 72, 48.65, 1, 3807
17542, 12558, 71.59, 72, 48.65, 1, 3808
17543, 12559, 71.59, 72, 48.65, 1, 3808
17544, 12560, 71.59, 72, 48.65, 1, 3808
17545, 12561, 71.59, 72, 48.65, 1, 3808
17546, 12561, 71.59, 72, 48.65, 1, 3809
17547, 12562, 71.59, 72, 48.65, 1, 3809
17548, 12563, 71.59, 72, 48.65, 1, 3809
17549, 12564, 71.59, 72, 48.65, 1, 3809
17550, 12565, 71.60, 72, 48.65, 1, 3809
17551, 12565, 71.59, 72, 48.65, 1, 3810
17552, 12566, 71.59, 72, 48.65, 1, 3810
17553, 12566, 71.59, 72, 48.65, 1, 3811
17554, 12567, 71.59, 72, 48.65, 1, 3811
17555, 12568, 71.59, 72, 48.65, 1, 3811
17556, 12569, 71.59, 72, 48.65, 1, 3811
17557, 12570, 71.60, 72, 48.65, 1, 3811
17558, 12571, 71.60, 72, 48.65, 1, 3811
17559, 12571, 71.59, 72, 48.65, 1, 3812
17560, 12572, 71.59, 72, 48.65, 1, 3812
17561, 12573, 71.60, 72, 48.65, 1, 3812
17562, 12574, 71.60, 72, 48.65, 1, 3812
17563, 12575, 71.60, 72, 48.65, 1, 3812
17564, 12576, 71.60, 72, 48.65, 1, 3812
17565, 12577, 71.60, 72, 48.65, 1, 3812
17566, 12577, 71.60, 72, 48.65, 1, 3813
17567, 12578, 71.60, 72, 48.65, 1, 3813
17568, 12579, 71.60, 72, 48.65, 1, 3813
17569, 12580, 71.60, 72, 48.65, 1, 3813
17570, 12581, 71.61, 72, 48.65, 1, 3813
17571, 12582, 71.61, 72, 48.65, 1, 3813
17572, 12582, 71.60, 72, 48.65, 1, 3813
17573, 12583, 71.60, 72, 48.65, 1, 3813
17574, 12584, 71.61, 72, 48.65, 1, 3813
17575, 12585, 71.61, 72, 48.65, 1, 3813
17576, 12586, 71.61, 72, 48.65, 1, 3813
17577, 12586, 71.60, 72, 48.65, 1, 3813
17578, 12586, 71.60, 72, 48.65, 1, 3813
17579, 12586, 71.60, 72, 48.65, 1, 3813
17580, 12587, 71.60, 72, 48.65, 1, 3813
17581, 12588, 71.60, 72, 48.65, 1, 3813
17582, 12589, 71.60, 72, 48.65, 1, 3813
17583, 12590, 71.60, 72, 48.65, 1, 3813
17584, 12590, 71.60, 72, 48.65, 1, 3814
17585, 12590, 71.60, 72, 48.65, 1, 3815
17586, 12590, 71.59, 72, 48.65, 1, 3816
17587, 12591, 71.59, 72, 48.65, 1, 3816
17588, 12592, 71.59, 72, 48.65, 1, 3816
17589, 12593, 71.60, 72, 48.65, 1, 3816
17590, 12594, 71.60, 72, 48.65, 1, 3816
17591, 12595, 71.60, 72, 48.65, 1, 3816
17592, 12596, 71.60, 72, 48.65, 1, 3816
17593, 12597, 71.60, 72, 48.65, 1, 3816
17594, 12598, 71.60, 72, 48.65, 1, 3816
17595, 12599, 71.61, 72, 48.65, 1, 3816
17596, 12600, 71.61, 72, 48.65, 1, 3816
17597, 12601, 71.61, 72, 48.65, 1, 3816
17598, 12601, 71.60, 72, 48.65, 1, 3817
17599, 12602, 71.61, 72, 48.65, 1, 3817
17600, 12603, 71.61, 72, 48.65, 1, 3817
17601, 12603, 71.60, 72, 48.65, 1, 3817
17602, 12604, 71.61, 72, 48.65, 1, 3817
17603, 12605, 71.61, 72, 48.65, 1, 3817
17604, 12606, 71.61, 72, 48.65, 1, 3817
17605, 12606, 71.60, 72, 48.65, 1, 3817
17606, 12606, 71.60, 72, 48.65, 1, 3818
17607, 12606, 71.60, 72, 48.65, 1, 3819
17608, 12606, 71.59, 72, 48.65, 1, 3820
17609, 12606, 71.59, 72, 48.65, 1, 3821
17610, 12607, 71.59, 72, 48.65, 1, 3821
17611, 12608, 71.59, 72, 48.65, 1, 3821
17612, 12609, 71.59, 72, 48.65, 1, 3821
17613, 12609, 71.59, 72, 48.65, 1, 3822
17614, 12610, 71.59, 72, 48.65, 1, 3822
17615, 12611, 71.59, 72, 48.65, 1, 3822
17616, 12611, 71.59, 72, 48.65, 1, 3823
17617, 12612, 71.59, 72, 48.65, 1, 3823
17618, 12613, 71.59, 72, 48.65, 1, 3823
17619, 12614, 71.59, 72, 48.65, 1, 3823
17620, 12615, 71.59, 72, 48.65, 1, 3823
17621, 12616, 71.60, 72, 48.65, 1, 3823
17622, 12617, 71.60, 72, 48.65, 1, 3823
17623, 12618, 71.60, 72, 48.65, 1, 3823
17624, 12618, 71.60, 72, 48.65, 1, 3824
17625, 12618, 71.59, 72, 48.65, 1, 3824
17626, 12618, 71.59, 72, 48.65, 1, 3825
17627, 12619, 71.59, 72, 48.65, 1, 3825
17628, 12620, 71.59, 72, 48.65, 1, 3825
17629, 12621, 71.59, 72, 48.65, 1, 3825
17630, 12622, 71.59, 72, 48.65, 1, 3825
17631, 12623, 71.60, 72, 48.65, 1, 3825
17632, 12623, 71.59, 72, 48.65, 1, 3826
17633, 12623, 71.59, 72, 48.65, 1, 3827
17634, 12624, 71.59, 72, 48.65, 1, 3827
17635, 12624, 71.58, 72, 48.65, 1, 3828
17636, 12624, 71.58, 72, 48.65, 1, 3828
17637, 12624, 71.58, 72, 48.65, 1, 3829
17638, 12625, 71.58, 72, 48.65, 1, 3829
17639, 12626, 71.58, 72, 48.65, 1, 3829
17640, 12627, 71.58, 72, 48.65, 1, 3829
17641, 12628, 71.58, 72, 48.65, 1, 3829
17642, 12629, 71.58, 72, 48.65, 1, 3829
17643, 12630, 71.59, 72, 48.65, 1, 3829
17644, 12631, 71.59, 72, 48.65, 1, 3829
17645, 12631, 71.58, 72, 48.65, 1, 3830
17646, 12631, 71.58, 72, 48.65, 1, 3831
17647, 12632, 71.58, 72, 48.65, 1, 3831
17648, 12632, 71.58, 72, 48.65, 1, 3832
17649, 12633, 71.58, 72, 48.65, 1, 3832
17650, 12634, 71.58, 72, 48.65, 1, 3832
17651, 12635, 71.58, 72, 48.65, 1, 3832
17652, 12636, 71.58, 72, 48.65, 1, 3832
17653, 12637, 71.59, 72, 48.65, 1, 3832
17654, 12638, 71.59, 72, 48.65, 1, 3832
17655, 12639, 71.59, 72, 48.65, 1, 3832
17656, 12640, 71.59, 72, 48.65, 1, 3832
17657, 12641, 71.59, 72, 48.65, 1, 3832
17658, 12642, 71.59, 72, 48.65, 1, 3832
17659, 12643, 71.60, 72, 48.65, 1, 3832
17660, 12644, 71.60, 72, 48.65, 1, 3832
17661, 12644, 71.59, 72, 48.65, 1, 3833
17662, 12644, 71.59, 72, 48.65, 1, 3833
17663, 12645, 71.59, 72, 48.65, 1, 3833
17664, 12646, 71.59, 72, 48.65, 1, 3833
17665, 12647, 71.59, 72, 48.65, 1, 3833
17666, 12648, 71.60, 72, 48.65, 1, 3833
17667, 12649, 71.60, 72, 48.65, 1, 3833
17668, 12650, 71.60, 72, 48.65, 1, 3833
17669, 12651, 71.60, 72, 48.65, 1, 3833
17670, 12652, 71.60, 72, 48.65, 1, 3833
17671, 12653, 71.60, 72, 48.65, 1, 3833
17672, 12654, 71.60, 72, 48.65, 1, 3833
17673, 12655, 71.61, 72, 48.65, 1, 3833
17674, 12655, 71.60, 72, 48.65, 1, 3833
17675, 12656, 71.60, 72, 48.65, 1, 3833
17676, 12657, 71.61, 72, 48.65, 1, 3833
17677, 12658, 71.61, 72, 48.65, 1, 3833
17678, 12659, 71.61, 72, 48.65, 1, 3833
17679, 12660, 71.61, 72, 48.65, 1, 3833
17680, 12661, 71.61, 72, 48.65, 1, 3833
17681, 12661, 71.61, 72, 48.65, 1, 3834
17682, 12662, 71.61, 72, 48.65, 1, 3834
17683, 12662, 71.61, 72, 48.65, 1, 3835
17684, 12662, 71.60, 72, 48.65, 1, 3836
17685, 12663, 71.60, 72, 48.65, 1, 3836
17686, 12664, 71.60, 72, 48.65, 1, 3836
17687, 12665, 71.61, 72, 48.65, 1, 3836
17688, 12666, 71.61, 72, 48.65, 1, 3836
17689, 12666, 71.60, 72, 48.65, 1, 3837
17690, 12667, 71.61, 72, 48.65, 1, 3837
17691, 12668, 71.61, 72, 48.65, 1, 3837
17692, 12669, 71.61, 72, 48.65, 1, 3837
17693, 12670, 71.61, 72, 48.65, 1, 3837
17694, 12670, 71.61, 72, 48.65, 1, 3838
17695, 12671, 71.61, 72, 48.65, 1, 3838
17696, 12672, 71.61, 72, 48.65, 1, 3838
17697, 12672, 71.61, 72, 48.65, 1, 3838
17698, 12672, 71.60, 72, 48.65, 1, 3838
17699, 12673, 71.60, 72, 48.65, 1, 3838
17700, 12674, 71.60, 72, 48.65, 1, 3838
17701, 12675, 71.61, 72, 48.65, 1, 3838
17702, 12676, 71.61, 72, 48.65, 1, 3838
17703, 12677, 71.61, 72, 48.65, 1, 3838
17704, 12677, 71.61, 72, 48.65, 1, 3838
17705, 12678, 71.61, 72, 48.65, 1, 3838
17706, 12679, 71.61, 72, 48.65, 1, 3838
17707, 12680, 71.61, 72, 48.65, 1, 3838
17708, 12681, 71.61, 72, 48.65, 1, 3838
17709, 12681, 71.61, 72, 48.65, 1, 3838
17710, 12682, 71.61, 72, 48.65, 1, 3838
17711, 12683, 71.61, 72, 48.65, 1, 3838
17712, 12683, 71.61, 72, 48.65, 1, 3838
17713, 12684, 71.61, 72, 48.65, 1, 3838
17714, 12685, 71.61, 72, 48.65, 1, 3838
17715, 12686, 71.61, 72, 48.65, 1, 3838
17716, 12687, 71.61, 72, 48.65, 1, 3838
17717, 12688, 71.61, 72, 48.65, 1, 3838
17718, 12689, 71.62, 72, 48.65, 1, 3838
17719, 12690, 71.62, 72, 48.65, 1, 3838
17720, 12690, 71.61, 72, 48.65, 1, 3839
17721, 12691, 71.62, 72, 48.65, 1, 3839
17722, 12692, 71.62, 72, 48.65, 1, 3839
17723, 12693, 71.62, 72, 48.65, 1, 3839
17724, 12693, 71.61, 72, 48.65, 1, 3840
17725, 12694, 71.62, 72, 48.65, 1, 3840
17726, 12695, 71.62, 72, 48.65, 1, 3840
17727, 12696, 71.62, 72, 48.65, 1, 3840
17728, 12697, 71.62, 72, 48.65, 1, 3840
17729, 12698, 71.62, 72, 48.65, 1, 3840
17730, 12699, 71.62, 72, 48.65, 1, 3840
17731, 12700, 71.63, 72, 48.65, 1, 3840
17732, 12701, 71.63, 72, 48.65, 1, 3840
17733, 12702, 71.63, 72, 48.65, 1, 3840
17734, 12702, 71.63, 72, 48.65, 1, 3841
17735, 12702, 71.62, 72, 48.65, 1, 3841
17736, 12702, 71.62, 72, 48.65, 1, 3842
17737, 12703, 71.62, 72, 48.65, 1, 3842
17738, 12703, 71.61, 72, 48.65, 1, 3843
17739, 12704, 71.62, 72, 48.65, 1, 3843
17740, 12704, 71.61, 72, 48.65, 1, 3844
17741, 12705, 71.61, 72, 48.65, 1, 3844
17742, 12705, 71.61, 72, 48.65, 1, 3845
17743, 12706, 71.61, 72, 48.65, 1, 3845
17744, 12707, 71.61, 72, 48.65, 1, 3845
17745, 12708, 71.61, 72, 48.65, 1, 3845
17746, 12709, 71.62, 72, 48.65, 1, 3845
17747, 12710, 71.62, 72, 48.65, 1, 3845
17748, 12711, 71.62, 72, 48.65, 1, 3845
17749, 12712, 71.62, 72, 48.65, 1, 3845
17750, 12713, 71.62, 72, 48.65, 1, 3845
17751, 12714, 71.62, 72, 48.65, 1, 3845
17752, 12714, 71.62, 72, 48.65, 1, 3845
17753, 12715, 71.62, 72, 48.65, 1, 3845
17754, 12715, 71.62, 72, 48.65, 1, 3846
17755, 12716, 71.62, 72, 48.65, 1, 3846
17756, 12717, 71.62, 72, 48.65, 1, 3846
17757, 12718, 71.62, 72, 48.65, 1, 3846
17758, 12718, 71.62, 72, 48.65, 1, 3847
17759, 12719, 71.62, 72, 48.65, 1, 3847
17760, 12719, 71.62, 72, 48.65, 1, 3848
17761, 12720, 71.62, 72, 48.65, 1, 3848
17762, 12721, 71.62, 72, 48.65, 1, 3848
17763, 12722, 71.62, 72, 48.65, 1, 3848
17764, 12723, 71.62, 72, 48.65, 1, 3848
17765, 12723, 71.62, 72, 48.65, 1, 3849
17766, 12724, 71.62, 72, 48.65, 1, 3849
17767, 12725, 71.62, 72, 48.65, 1, 3849
17768, 12726, 71.62, 72, 48.65, 1, 3849
17769, 12727, 71.62, 72, 48.65, 1, 3849
17770, 12728, 71.63, 72, 48.65, 1, 3849
17771, 12729, 71.63, 72, 48.65, 1, 3849
17772, 12730, 71.63, 72, 48.65, 1, 3849
17773, 12731, 71.63, 72, 48.65, 1, 3849
17774, 12732, 71.63, 72, 48.65, 1, 3849
17775, 12733, 71.63, 72, 48.65, 1, 3849
17776, 12733, 71.63, 72, 48.65, 1, 3850
17777, 12733, 71.63, 72, 48.65, 1, 3851
17778, 12734, 71.63, 72, 48.65, 1, 3851
17779, 12734, 71.62, 72, 48.65, 1, 3852
17780, 12735, 71.63, 72, 48.65, 1, 3852
17781, 12736, 71.63, 72, 48.65, 1, 3852
17782, 12737, 71.63, 72, 48.65, 1, 3852
17783, 12738, 71.63, 72, 48.65, 1, 3852
17784, 12738, 71.63, 72, 48.65, 1, 3852
17785, 12738, 71.62, 72, 48.65, 1, 3853
17786, 12738, 71.62, 72, 48.65, 1, 3854
17787, 12738, 71.61, 72, 48.65, 1, 3855
17788, 12739, 71.62, 72, 48.65, 1, 3855
17789, 12740, 71.62, 72, 48.65, 1, 3855
17790, 12740, 71.61, 72, 48.65, 1, 3856
17791, 12741, 71.61, 72, 48.65, 1, 3856
17792, 12742, 71.62, 72, 48.65, 1, 3856
17793, 12743, 71.62, 72, 48.65, 1, 3856
17794, 12743, 71.61, 72, 48.65, 1, 3857
17795, 12744, 71.62, 72, 48.65, 1, 3857
17796, 12745, 71.62, 72, 48.65, 1, 3857
17797, 12746, 71.62, 72, 48.65, 1, 3857
17798, 12747, 71.62, 72, 48.65, 1, 3857
17799, 12748, 71.62, 72, 48.65, 1, 3857
17800, 12748, 71.62, 72, 48.65, 1, 3858
17801, 12749, 71.62, 72, 48.65, 1, 3858
17802, 12750, 71.62, 72, 48.65, 1, 3858
17803, 12751, 71.62, 72, 48.65, 1, 3858
17804, 12752, 71.62, 72, 48.65, 1, 3858
17805, 12752, 71.62, 72, 48.65, 1, 3859
17806, 12753, 71.62, 72, 48.65, 1, 3859
17807, 12753, 71.62, 72, 48.65, 1, 3860
17808, 12753, 71.61, 72, 48.65, 1, 3860
17809, 12753, 71.61, 72, 48.65, 1, 3861
17810, 12754, 71.61, 72, 48.65, 1, 3861
17811, 12754, 71.61, 72, 48.65, 1, 3862
17812, 12755, 71.61, 72, 48.65, 1, 3862
17813, 12756, 71.61, 72, 48.65, 1, 3862
17814, 12757, 71.61, 72, 48.65, 1, 3862
17815, 12758, 71.61, 72, 48.65, 1, 3862
17816, 12759, 71.62, 72, 48.65, 1, 3862
17817, 12760, 71.62, 72, 48.65, 1, 3862
17818, 12760, 71.61, 72, 48.65, 1, 3863
17819, 12761, 71.61, 72, 48.65, 1, 3863
17820, 12762, 71.62, 72, 48.65, 1, 3863
17821, 12763, 71.62, 72, 48.65, 1, 3863
17822, 12763, 71.61, 72, 48.65, 1, 3864
17823, 12764, 71.62, 72, 48.65, 1, 3864
17824, 12764, 71.61, 72, 48.65, 1, 3864
17825, 12765, 71.61, 72, 48.65, 1, 3864
17826, 12766, 71.61, 72, 48.65, 1, 3864
17827, 12767, 71.62, 72, 48.65, 1, 3864
17828, 12768, 71.62, 72, 48.65, 1, 3864
17829, 12769, 71.62, 72, 48.65, 1, 3864
17830, 12770, 71.62, 72, 48.65, 1, 3864
17831, 12771, 71.62, 72, 48.65, 1, 3864
17832, 12772, 71.62, 72, 48.65, 1, 3864
17833, 12773, 71.63, 72, 48.65, 1, 3864
17834, 12773, 71.62, 72, 48.65, 1, 3865
17835, 12774, 71.62, 72, 48.65, 1, 3865
17836, 12774, 71.62, 72, 48.65, 1, 3866
17837, 12775, 71.62, 72, 48.65, 1, 3866
17838, 12776, 71.62, 72, 48.65, 1, 3866
17839, 12776, 71.62, 72, 48.65, 1, 3866
17840, 12776, 71.61, 72, 48.65, 1, 3866
17841, 12777, 71.62, 72, 48.65, 1, 3866
17842, 12778, 71.62, 72, 48.65, 1, 3866
17843, 12779, 71.62, 72, 48.65, 1, 3866
17844, 12779, 71.62, 72, 48.65, 1, 3866
17845, 12780, 71.62, 72, 48.65, 1, 3866
17846, 12780, 71.61, 72, 48.65, 1, 3867
17847, 12781, 71.61, 72, 48.65, 1, 3867
17848, 12782, 71.62, 72, 48.65, 1, 3867
17849, 12782, 71.61, 72, 48.65, 1, 3868
17850, 12783, 71.61, 72, 48.65, 1, 3868
17851, 12784, 71.62, 72, 48.65, 1, 3868
17852, 12785, 71.62, 72, 48.65, 1, 3868
17853, 12786, 71.62, 72, 48.65, 1, 3868
17854, 12787, 71.62, 72, 48.65, 1, 3868
17855, 12788, 71.62, 72, 48.65, 1, 3868
17856, 12789, 71.62, 72, 48.65, 1, 3868
17857, 12789, 71.62, 72, 48.65, 1, 3869
17858, 12790, 71.62, 72, 48.65, 1, 3869
17859, 12791, 71.62, 72, 48.65, 1, 3869
17860, 12792, 71.62, 72, 48.65, 1, 3869
17861, 12793, 71.63, 72, 48.65, 1, 3869
17862, 12794, 71.63, 72, 48.65, 1, 3869
17863, 12795, 71.63, 72, 48.65, 1, 3869
17864, 12796, 71.63, 72, 48.65, 1, 3869
17865, 12797, 71.63, 72, 48.65, 1, 3869
17866, 12798, 71.63, 72, 48.65, 1, 3869
17867, 12798, 71.63, 72, 48.65, 1, 3870
17868, 12799, 71.63, 72, 48.65, 1, 3870
17869, 12800, 71.63, 72, 48.65, 1, 3870
17870, 12801, 71.63, 72, 48.65, 1, 3870
17871, 12802, 71.64, 72, 48.65, 1, 3870
17872, 12803, 71.64, 72, 48.65, 1, 3870
17873, 12804, 71.64, 72, 48.65, 1, 3870
17874, 12805, 71.64, 72, 48.65, 1, 3870
17875, 12806, 71.64, 72, 48.65, 1, 3870
17876, 12807, 71.64, 72, 48.65, 1, 3870
17877, 12807, 71.64, 72, 48.65, 1, 3871
17878, 12808, 71.64, 72, 48.65, 1, 3871
17879, 12809, 71.64, 72, 48.65, 1, 3871
17880, 12810, 71.64, 72, 48.65, 1, 3871
17881, 12811, 71.65, 72, 48.65, 1, 3871
17882, 12812, 71.65, 72, 48.65, 1, 3871
17883, 12813, 71.65, 72, 48.65, 1, 3871
17884, 12814, 71.65, 72, 48.65, 1, 3871
17885, 12815, 71.65, 72, 48.65, 1, 3871
17886, 12815, 71.65, 72, 48.65, 1, 3872
17887, 12816, 71.65, 72, 48.65, 1, 3872
17888, 12817, 71.65, 72, 48.65, 1, 3872
17889, 12818, 71.65, 72, 48.65, 1, 3872
17890, 12818, 71.65, 72, 48.65, 1, 3873
17891, 12819, 71.65, 72, 48.65, 1, 3873
17892, 12819, 71.65, 72, 48.65, 1, 3874
17893, 12819, 71.64, 72, 48.65, 1, 3875
17894, 12820, 71.64, 72, 48.65, 1, 3875
17895, 12821, 71.65, 72, 48.65, 1, 3875
17896, 12822, 71.65, 72, 48.65, 1, 3875
17897, 12823, 71.65, 72, 48.65, 1, 3875
17898, 12824, 71.65, 72, 48.65, 1, 3875
17899, 12825, 71.65, 72, 48.65, 1, 3875
17900, 12826, 71.65, 72, 48.65, 1, 3875
17901, 12827, 71.66, 72, 48.65, 1, 3875
17902, 12828, 71.66, 72, 48.65, 1, 3875
17903, 12829, 71.66, 72, 48.65, 1, 3875
17904, 12830, 71.66, 72, 48.65, 1, 3875
17905, 12831, 71.66, 72, 48.65, 1, 3875
17906, 12832, 71.66, 72, 48.65, 1, 3875
17907, 12833, 71.66, 72, 48.65, 1, 3875
17908, 12834, 71.67, 72, 48.65, 1, 3875
17909, 12835, 71.67, 72, 48.65, 1, 3875
17910, 12836, 71.67, 72, 48.65, 1, 3875
17911, 12836, 71.67, 72, 48.65, 1, 3876
17912, 12837, 71.67, 72, 48.65, 1, 3876
17913, 12837, 71.66, 72, 48.65, 1, 3877
17914, 12838, 71.66, 72, 48.65, 1, 3877
17915, 12839, 71.67, 72, 48.65, 1, 3877
17916, 12839, 71.66, 72, 48.65, 1, 3878
17917, 12839, 71.66, 72, 48.65, 1, 3879
17918, 12840, 71.66, 72, 48.65, 1, 3879
17919, 12841, 71.66, 72, 48.65, 1, 3879
17920, 12842, 71.66, 72, 48.65, 1, 3879
17921, 12842, 71.66, 72, 48.65, 1, 3880
17922, 12843, 71.66, 72, 48.65, 1, 3880
17923, 12844, 71.66, 72, 48.65, 1, 3880
17924, 12845, 71.66, 72, 48.65, 1, 3880
17925, 12846, 71.67, 72, 48.65, 1, 3880
17926, 12846, 71.66, 72, 48.65, 1, 3881
17927, 12847, 71.66, 72, 48.65, 1, 3881
17928, 12848, 71.66, 72, 48.65, 1, 3881
17929, 12848, 71.66, 72, 48.65, 1, 3882
17930, 12849, 71.66, 72, 48.65, 1, 3882
17931, 12850, 71.66, 72, 48.65, 1, 3882
17932, 12851, 71.67, 72, 48.65, 1, 3882
17933, 12852, 71.67, 72, 48.65, 1, 3882
17934, 12852, 71.66, 72, 48.65, 1, 3883
17935, 12853, 71.66, 72, 48.65, 1, 3883
17936, 12854, 71.67, 72, 48.65, 1, 3883
17937, 12855, 71.67, 72, 48.65, 1, 3883
17938, 12856, 71.67, 72, 48.65, 1, 3883
17939, 12857, 71.67, 72, 48.65, 1, 3883
17940, 12858, 71.67, 72, 48.65, 1, 3883
17941, 12859, 71.67, 72, 48.65, 1, 3883
17942, 12860, 71.68, 72, 48.65, 1, 3883
17943, 12861, 71.68, 72, 48.65, 1, 3883
17944, 12862, 71.68, 72, 48.65, 1, 3883
17945, 12863, 71.68, 72, 48.65, 1, 3883
17946, 12864, 71.68, 72, 48.65, 1, 3883
17947, 12864, 71.68, 72, 48.65, 1, 3884
17948, 12864, 71.67, 72, 48.65, 1, 3885
17949, 12865, 71.68, 72, 48.65, 1, 3885
17950, 12866, 71.68, 72, 48.65, 1, 3885
17951, 12867, 71.68, 72, 48.65, 1, 3885
17952, 12868, 71.68, 72, 48.65, 1, 3885
17953, 12869, 71.68, 72, 48.65, 1, 3885
17954, 12870, 71.68, 72, 48.65, 1, 3885
17955, 12871, 71.68, 72, 48.65, 1, 3885
17956, 12871, 71.68, 72, 48.65, 1, 3885
17957, 12871, 71.68, 72, 48.65, 1, 3886
17958, 12872, 71.68, 72, 48.65, 1, 3886
17959, 12873, 71.68, 72, 48.65, 1, 3886
17960, 12874, 71.68, 72, 48.65, 1, 3886
17961, 12875, 71.68, 72, 48.65, 1, 3886
17962, 12876, 71.68, 72, 48.65, 1, 3886
17963, 12877, 71.69, 72, 48.65, 1, 3886
17964, 12878, 71.69, 72, 48.65, 1, 3886
17965, 12879, 71.69, 72, 48.65, 1, 3886
17966, 12880, 71.69, 72, 48.65, 1, 3886
17967, 12881, 71.69, 72, 48.65, 1, 3886
17968, 12882, 71.69, 72, 48.65, 1, 3886
17969, 12882, 71.69, 72, 48.65, 1, 3887
17970, 12883, 71.69, 72, 48.65, 1, 3887
17971, 12884, 71.69, 72, 48.65, 1, 3887
17972, 12885, 71.69, 72, 48.65, 1, 3887
17973, 12886, 71.70, 72, 48.65, 1, 3887
17974, 12887, 71.70, 72, 48.65, 1, 3887
17975, 12888, 71.70, 72, 48.65, 1, 3887
17976, 12888, 71.70, 72, 48.65, 1, 3888
17977, 12889, 71.70, 72, 48.65, 1, 3888
17978, 12890, 71.70, 72, 48.65, 1, 3888
17979, 12890, 71.69, 72, 48.65, 1, 3889
17980, 12890, 71.69, 72, 48.65, 1, 3890
17981, 12891, 71.69, 72, 48.65, 1, 3890
17982, 12892, 71.69, 72, 48.65, 1, 3890
17983, 12893, 71.70, 72, 48.65, 1, 3890
17984, 12894, 71.70, 72, 48.65, 1, 3890
17985, 12895, 71.70, 72, 48.65, 1, 3890
17986, 12895, 71.69, 72, 48.65, 1, 3891
17987, 12895, 71.69, 72, 48.65, 1, 3892
17988, 12896, 71.69, 72, 48.65, 1, 3892
17989, 12897, 71.69, 72, 48.65, 1, 3892
17990, 12898, 71.70, 72, 48.65, 1, 3892
17991, 12899, 71.70, 72, 48.65, 1, 3892
17992, 12900, 71.70, 72, 48.65, 1, 3892
17993, 12901, 71.70, 72, 48.65, 1, 3892
17994, 12902, 71.70, 72, 48.65, 1, 3892
17995, 12903, 71.70, 72, 48.65, 1, 3892
17996, 12904, 71.70, 72, 48.65, 1, 3892
17997, 12905, 71.71, 72, 48.65, 1, 3892
17998, 12905, 71.70, 72, 48.65, 1, 3892
17999, 12905, 71.70, 72, 48.65, 1, 3893
18000, 12906, 71.70, 72, 48.65, 1, 3893
18001, 12907, 71.70, 72, 48.65, 1, 3893
18002, 12908, 71.70, 72, 48.65, 1, 3893
18003, 12909, 71.70, 72, 48.65, 1, 3893
18004, 12909, 71.70, 72, 48.65, 1, 3894
18005, 12910, 71.70, 72, 48.65, 1, 3894
18006, 12911, 71.70, 72, 48.65, 1, 3894
18007, 12912, 71.71, 72, 48.65, 1, 3894
18008, 12912, 71.70, 72, 48.65, 1, 3895
18009, 12913, 71.70, 72, 48.65, 1, 3895
18010, 12914, 71.70, 72, 48.65, 1, 3895
18011, 12915, 71.71, 72, 48.65, 1, 3895
18012, 12916, 71.71, 72, 48.65, 1, 3895
18013, 12917, 71.71, 72, 48.65, 1, 3895
18014, 12918, 71.71, 72, 48.65, 1, 3895
18015, 12919, 71.71, 72, 48.65, 1, 3895
18016, 12920, 71.71, 72, 48.65, 1, 3895
18017, 12920, 71.71, 72, 48.65, 1, 3896
18018, 12921, 71.71, 72, 48.65, 1, 3896
18019, 12922, 71.71, 72, 48.65, 1, 3896
18020, 12923, 71.71, 72, 48.65, 1, 3896
18021, 12924, 71.72, 72, 48.65, 1, 3896
18022, 12925, 71.72, 72, 48.65, 1, 3896
18023, 12926, 71.72, 72, 48.65, 1, 3896
18024, 12927, 71.72, 72, 48.65, 1, 3896
18025, 12927, 71.72, 72, 48.65, 1, 3897
18026, 12928, 71.72, 72, 48.65, 1, 3897
18027, 12929, 71.72, 72, 48.65, 1, 3897
18028, 12930, 71.72, 72, 48.65, 1, 3897
18029, 12931, 71.72, 72, 48.65, 1, 3897
18030, 12932, 71.72, 72, 48.65, 1, 3897
18031, 12933, 71.73, 72, 48.65, 1, 3897
18032, 12934, 71.73, 72, 48.65, 1, 3897
18033, 12935, 71.73, 72, 48.65, 1, 3897
18034, 12936, 71.73, 72, 48.65, 1, 3897
18035, 12937, 71.73, 72, 48.65, 1, 3897
18036, 12937, 71.73, 72, 48.65, 1, 3898
18037, 12938, 71.73, 72, 48.65, 1, 3898
18038, 12939, 71.73, 72, 48.65, 1, 3898
18039, 12940, 71.73, 72, 48.65, 1, 3898
18040, 12941, 71.74, 72, 48.65, 1, 3898
18041, 12942, 71.74, 72, 48.65, 1, 3898
18042, 12943, 71.74, 72, 48.65, 1, 3898
18043, 12944, 71.74, 72, 48.65, 1, 3898
18044, 12945, 71.74, 72, 48.65, 1, 3898
18045, 12945, 71.74, 72, 48.65, 1, 3898
18046, 12945, 71.73, 72, 48.65, 1, 3899
18047, 12946, 71.73, 72, 48.65, 1, 3899
18048, 12947, 71.74, 72, 48.65, 1, 3899
18049, 12947, 71.73, 72, 48.65, 1, 3900
18050, 12948, 71.73, 72, 48.65, 1, 3900
18051, 12948, 71.73, 72, 48.65, 1, 3901
18052, 12948, 71.73, 72, 48.65, 1, 3902
18053, 12949, 71.73, 72, 48.65, 1, 3902
18054, 12949, 71.72, 72, 48.65, 1, 3902
18055, 12949, 71.72, 72, 48.65, 1, 3903
18056, 12949, 71.72, 72, 48.65, 1, 3904
18057, 12950, 71.72, 72, 48.65, 1, 3904
18058, 12951, 71.72, 72, 48.65, 1, 3904
18059, 12951, 71.71, 72, 48.65, 1, 3905
18060, 12952, 71.72, 72, 48.65, 1, 3905
18061, 12953, 71.72, 72, 48.65, 1, 3905
18062, 12953, 71.71, 72, 48.65, 1, 3905
18063, 12953, 71.71, 72, 48.65, 1, 3906
18064, 12954, 71.71, 72, 48.65, 1, 3906
18065, 12955, 71.71, 72, 48.65, 1, 3906
18066, 12956, 71.71, 72, 48.65, 1, 3906
18067, 12957, 71.72, 72, 48.65, 1, 3906
18068, 12957, 71.71, 72, 48.65, 1, 3907
18069, 12958, 71.71, 72, 48.65, 1, 3907
18070, 12959, 71.72, 72, 48.65, 1, 3907
18071, 12960, 71.72, 72, 48.65, 1, 3907
18072, 12961, 71.72, 72, 48.65, 1, 3907
18073, 12962, 71.72, 72, 48.65, 1, 3907
18074, 12963, 71.72, 72, 48.65, 1, 3907
18075, 12964, 71.72, 72, 48.65, 1, 3907
18076, 12965, 71.72, 72, 48.65, 1, 3907
18077, 12966, 71.73, 72, 48.65, 1, 3907
18078, 12967, 71.73, 72, 48.65, 1, 3907
18079, 12967, 71.72, 72, 48.65, 1, 3908
18080, 12968, 71.73, 72, 48.65, 1, 3908
18081, 12968, 71.72, 72, 48.65, 1, 3908
18082, 12969, 71.72, 72, 48.65, 1, 3908
18083, 12970, 71.72, 72, 48.65, 1, 3908
18084, 12970, 71.72, 72, 48.65, 1, 3909
18085, 12971, 71.72, 72, 48.65, 1, 3909
18086, 12972, 71.72, 72, 48.65, 1, 3909
18087, 12973, 71.73, 72, 48.65, 1, 3909
18088, 12973, 71.72, 72, 48.65, 1, 3910
18089, 12974, 71.72, 72, 48.65, 1, 3910
18090, 12975, 71.72, 72, 48.65, 1, 3910
18091, 12975, 71.72, 72, 48.65, 1, 3911
18092, 12976, 71.72, 72, 48.65, 1, 3911
18093, 12977, 71.72, 72, 48.65, 1, 3911
18094, 12978, 71.73, 72, 48.65, 1, 3911
18095, 12979, 71.73, 72, 48.65, 1, 3911
18096, 12979, 71.72, 72, 48.65, 1, 3912
18097, 12980, 71.72, 72, 48.65, 1, 3912
18098, 12981, 71.73, 72, 48.65, 1, 3912
18099, 12982, 71.73, 72, 48.65, 1, 3912
18100, 12983, 71.73, 72, 48.65, 1, 3912
18101, 12984, 71.73, 72, 48.65, 1, 3912
18102, 12985, 71.73, 72, 48.65, 1, 3912
18103, 12986, 71.73, 72, 48.65, 1, 3912
18104, 12987, 71.74, 72, 48.65, 1, 3912
18105, 12988, 71.74, 72, 48.65, 1, 3912
18106, 12989, 71.74, 72, 48.65, 1, 3912
18107, 12989, 71.73, 72, 48.65, 1, 3913
18108, 12990, 71.74, 72, 48.65, 1, 3913
18109, 12991, 71.74, 72, 48.65, 1, 3913
18110, 12992, 71.74, 72, 48.65, 1, 3913
18111, 12993, 71.74, 72, 48.65, 1, 3913
18112, 12994, 71.74, 72, 48.65, 1, 3913
18113, 12995, 71.74, 72, 48.65, 1, 3913
18114, 12995, 71.74, 72, 48.65, 1, 3914
18115, 12995, 71.74, 72, 48.65, 1, 3915
18116, 12996, 71.74, 72, 48.65, 1, 3915
18117, 12997, 71.74, 72, 48.65, 1, 3915
18118, 12997, 71.74, 72, 48.65, 1, 3916
18119, 12998, 71.74, 72, 48.65, 1, 3916
18120, 12999, 71.74, 72, 48.65, 1, 3916
18121, 13000, 71.74, 72, 48.65, 1, 3916
18122, 13001, 71.74, 72, 48.65, 1, 3916
18123, 13002, 71.74, 72, 48.65, 1, 3916
18124, 13002, 71.74, 72, 48.65, 1, 3916
18125, 13003, 71.74, 72, 48.65, 1, 3916
18126, 13004, 71.74, 72, 48.65, 1, 3916
18127, 13004, 71.74, 72, 48.65, 1, 3916
18128, 13005, 71.74, 72, 48.65, 1, 3916
18129, 13005, 71.74, 72, 48.65, 1, 3916
18130, 13006, 71.74, 72, 48.65, 1, 3916
18131, 13007, 71.74, 72, 48.65, 1, 3916
18132, 13008, 71.74, 72, 48.65, 1, 3916
18133, 13008, 71.74, 72, 48.65, 1, 3916
18134, 13009, 71.74, 72, 48.65, 1, 3916
18135, 13010, 71.74, 72, 48.65, 1, 3916
18136, 13011, 71.74, 72, 48.65, 1, 3916
18137, 13012, 71.74, 72, 48.65, 1, 3916
18138, 13013, 71.74, 72, 48.65, 1, 3916
18139, 13014, 71.75, 72, 48.65, 1, 3916
18140, 13014, 71.74, 72, 48.65, 1, 3916
18141, 13015, 71.74, 72, 48.65, 1, 3916
18142, 13016, 71.75, 72, 48.65, 1, 3916
18143, 13016, 71.74, 72, 48.65, 1, 3916
18144, 13017, 71.74, 72, 48.65, 1, 3916
18145, 13017, 71.74, 72, 48.65, 1, 3917
18146, 13018, 71.74, 72, 48.65, 1, 3917
18147, 13019, 71.74, 72, 48.65, 1, 3917
18148, 13020, 71.74, 72, 48.65, 1, 3917
18149, 13021, 71.74, 72, 48.65, 1, 3917
18150, 13022, 71.75, 72, 48.65, 1, 3917
18151, 13023, 71.75, 72, 48.65, 1, 3917
18152, 13024, 71.75, 72, 48.65, 1, 3917
18153, 13025, 71.75, 72, 48.65, 1, 3917
18154, 13026, 71.75, 72, 48.65, 1, 3917
18155, 13027, 71.75, 72, 48.65, 1, 3917
18156, 13028, 71.76, 72, 48.65, 1, 3917
18157, 13029, 71.76, 72, 48.65, 1, 3917
18158, 13029, 71.75, 72, 48.65, 1, 3918
18159, 13030, 71.76, 72, 48.65, 1, 3918
18160, 13030, 71.75, 72, 48.65, 1, 3919
18161, 13031, 71.75, 72, 48.65, 1, 3919
18162, 13032, 71.75, 72, 48.65, 1, 3919
18163, 13033, 71.76, 72, 48.65, 1, 3919
18164, 13034, 71.76, 72, 48.65, 1, 3919
18165, 13034, 71.75, 72, 48.65, 1, 3920
18166, 13035, 71.75, 72, 48.65, 1, 3920
18167, 13036, 71.76, 72, 48.65, 1, 3920
18168, 13037, 71.76, 72, 48.65, 1, 3920
18169, 13038, 71.76, 72, 48.65, 1, 3920
18170, 13039, 71.76, 72, 48.65, 1, 3920
18171, 13039, 71.76, 72, 48.65, 1, 3921
18172, 13040, 71.76, 72, 48.65, 1, 3921
18173, 13041, 71.76, 72, 48.65, 1, 3921
18174, 13042, 71.76, 72, 48.65, 1, 3921
18175, 13043, 71.76, 72, 48.65, 1, 3921
18176, 13044, 71.76, 72, 48.65, 1, 3921
18177, 13044, 71.76, 72, 48.65, 1, 3922
18178, 13044, 71.76, 72, 48.65, 1, 3923
18179, 13044, 71.75, 72, 48.65, 1, 3924
18180, 13045, 71.75, 72, 48.65, 1, 3924
18181, 13046, 71.76, 72, 48.65, 1, 3924
18182, 13046, 71.75, 72, 48.65, 1, 3925
18183, 13046, 71.75, 72, 48.65, 1, 3925
18184, 13047, 71.75, 72, 48.65, 1, 3925
18185, 13048, 71.75, 72, 48.65, 1, 3925
18186, 13048, 71.75, 72, 48.65, 1, 3925
18187, 13048, 71.74, 72, 48.65, 1, 3925
18188, 13049, 71.75, 72, 48.65, 1, 3925
18189, 13050, 71.75, 72, 48.65, 1, 3925
18190, 13050, 71.74, 72, 48.65, 1, 3925
18191, 13051, 71.74, 72, 48.65, 1, 3925
18192, 13052, 71.75, 72, 48.65, 1, 3925
18193, 13053, 71.75, 72, 48.65, 1, 3925
18194, 13054, 71.75, 72, 48.65, 1, 3925
18195, 13054, 71.74, 72, 48.65, 1, 3925
18196, 13055, 71.75, 72, 48.65, 1, 3925
18197, 13056, 71.75, 72, 48.65, 1, 3925
18198, 13057, 71.75, 72, 48.65, 1, 3925
18199, 13058, 71.75, 72, 48.65, 1, 3925
18200, 13059, 71.75, 72, 48.65, 1, 3925
18201, 13060, 71.75, 72, 48.65, 1, 3925
18202, 13060, 71.75, 72, 48.65, 1, 3925
18203, 13061, 71.75, 72, 48.65, 1, 3925
18204, 13062, 71.75, 72, 48.65, 1, 3925
18205, 13062, 71.75, 72, 48.65, 1, 3926
18206, 13063, 71.75, 72, 48.65, 1, 3926
18207, 13064, 71.75, 72, 48.65, 1, 3926
18208, 13065, 71.75, 72, 48.65, 1, 3926
18209, 13065, 71.75, 72, 48.65, 1, 3927
18210, 13066, 71.75, 72, 48.65, 1, 3927
18211, 13067, 71.75, 72, 48.65, 1, 3927
18212, 13067, 71.75, 72, 48.65, 1, 3928
18213, 13067, 71.75, 72, 48.65, 1, 3929
18214, 13068, 71.75, 72, 48.65, 1, 3929
18215, 13068, 71.74, 72, 48.65, 1, 3930
18216, 13069, 71.74, 72, 48.65, 1, 3930
18217, 13070, 71.75, 72, 48.65, 1, 3930
18218, 13070, 71.74, 72, 48.65, 1, 3931
18219, 13071, 71.74, 72, 48.65, 1, 3931
18220, 13072, 71.75, 72, 48.65, 1, 3931
18221, 13073, 71.75, 72, 48.65, 1, 3931
18222, 13074, 71.75, 72, 48.65, 1, 3931
18223, 13075, 71.75, 72, 48.65, 1, 3931
18224, 13076, 71.75, 72, 48.65, 1, 3931
18225, 13077, 71.75, 72, 48.65, 1, 3931
18226, 13078, 71.75, 72, 48.65, 1, 3931
18227, 13079, 71.76, 72, 48.65, 1, 3931
18228, 13080, 71.76, 72, 48.65, 1, 3931
18229, 13081, 71.76, 72, 48.65, 1, 3931
18230, 13081, 71.76, 72, 48.65, 1, 3932
18231, 13082, 71.76, 72, 48.65, 1, 3932
18232, 13083, 71.76, 72, 48.65, 1, 3932
18233, 13084, 71.76, 72, 48.65, 1, 3932
18234, 13085, 71.76, 72, 48.65, 1, 3932
18235, 13086, 71.76, 72, 48.65, 1, 3932
18236, 13087, 71.76, 72, 48.65, 1, 3932
18237, 13088, 71.77, 72, 48.65, 1, 3932
18238, 13089, 71.77, 72, 48.65, 1, 3932
18239, 13090, 71.77, 72, 48.65, 1, 3932
18240, 13091, 71.77, 72, 48.65, 1, 3932
18241, 13092, 71.77, 72, 48.65, 1, 3932
18242, 13093, 71.77, 72, 48.65, 1, 3932
18243, 13094, 71.78, 72, 48.65, 1, 3932
18244, 13095, 71.78, 72, 48.65, 1, 3932
18245, 13096, 71.78, 72, 48.65, 1, 3932
18246, 13097, 71.78, 72, 48.65, 1, 3932
18247, 13097, 71.78, 72, 48.65, 1, 3933
18248, 13098, 71.78, 72, 48.65, 1, 3933
18249, 13099, 71.78, 72, 48.65, 1, 3933
18250, 13100, 71.78, 72, 48.65, 1, 3933
18251, 13101, 71.78, 72, 48.65, 1, 3933
18252, 13101, 71.78, 72, 48.65, 1, 3934
18253, 13101, 71.77, 72, 48.65, 1, 3935
18254, 13101, 71.77, 72, 48.65, 1, 3936
18255, 13102, 71.77, 72, 48.65, 1, 3936
18256, 13102, 71.77, 72, 48.65, 1, 3936
18257, 13103, 71.77, 72, 48.65, 1, 3936
18258, 13104, 71.77, 72, 48.65, 1, 3936
18259, 13105, 71.77, 72, 48.65, 1, 3936
18260, 13106, 71.77, 72, 48.65, 1, 3936
18261, 13107, 71.78, 72, 48.65, 1, 3936
18262, 13107, 71.77, 72, 48.65, 1, 3936
18263, 13108, 71.77, 72, 48.65, 1, 3936
18264, 13108, 71.77, 72, 48.65, 1, 3936
18265, 13109, 71.77, 72, 48.65, 1, 3936
18266, 13109, 71.77, 72, 48.65, 1, 3936
18267, 13110, 71.77, 72, 48.65, 1, 3936
18268, 13110, 71.76, 72, 48.65, 1, 3936
18269, 13111, 71.77, 72, 48.65, 1, 3936
18270, 13112, 71.77, 72, 48.65, 1, 3936
18271, 13113, 71.77, 72, 48.65, 1, 3936
18272, 13113, 71.77, 72, 48.65, 1, 3936
18273, 13114, 71.77, 72, 48.65, 1, 3936
18274, 13114, 71.76, 72, 48.65, 1, 3937
18275, 13115, 71.76, 72, 48.65, 1, 3937
18276, 13116, 71.77, 72, 48.65, 1, 3937
18277, 13117, 71.77, 72, 48.65, 1, 3937
18278, 13118, 71.77, 72, 48.65, 1, 3937
18279, 13118, 71.77, 72, 48.65, 1, 3938
18280, 13119, 71.77, 72, 48.65, 1, 3938
18281, 13120, 71.77, 72, 48.65, 1, 3938
18282, 13121, 71.77, 72, 48.65, 1, 3938
18283, 13122, 71.77, 72, 48.65, 1, 3938
18284, 13122, 71.77, 72, 48.65, 1, 3939
18285, 13123, 71.77, 72, 48.65, 1, 3939
18286, 13124, 71.77, 72, 48.65, 1, 3939
18287, 13125, 71.77, 72, 48.65, 1, 3939
18288, 13126, 71.77, 72, 48.65, 1, 3939
18289, 13127, 71.78, 72, 48.65, 1, 3939
18290, 13127, 71.77, 72, 48.65, 1, 3940
18291, 13127, 71.77, 72, 48.65, 1, 3941
18292, 13128, 71.77, 72, 48.65, 1, 3941
18293, 13129, 71.77, 72, 48.65, 1, 3941
18294, 13130, 71.77, 72, 48.65, 1, 3941
18295, 13131, 71.77, 72, 48.65, 1, 3941
18296, 13132, 71.78, 72, 48.65, 1, 3941
18297, 13133, 71.78, 72, 48.65, 1, 3941
18298, 13133, 71.77, 72, 48.65, 1, 3942
18299, 13133, 71.77, 72, 48.65, 1, 3943
18300, 13134, 71.77, 72, 48.65, 1, 3943
18301, 13135, 71.77, 72, 48.65, 1, 3943
18302, 13136, 71.77, 72, 48.65, 1, 3943
18303, 13137, 71.78, 72, 48.65, 1, 3943
18304, 13138, 71.78, 72, 48.65, 1, 3943
18305, 13139, 71.78, 72, 48.65, 1, 3943
18306, 13140, 71.78, 72, 48.65, 1, 3943
18307, 13141, 71.78, 72, 48.65, 1, 3943
18308, 13142, 71.78, 72, 48.65, 1, 3943
18309, 13142, 71.78, 72, 48.65, 1, 3944
18310, 13143, 71.78, 72, 48.65, 1, 3944
18311, 13144, 71.78, 72, 48.65, 1, 3944
18312, 13144, 71.78, 72, 48.65, 1, 3945
18313, 13145, 71.78, 72, 48.65, 1, 3945
18314, 13146, 71.78, 72, 48.65, 1, 3945
18315, 13146, 71.78, 72, 48.65, 1, 3946
18316, 13146, 71.77, 72, 48.65, 1, 3947
18317, 13147, 71.77, 72, 48.65, 1, 3947
18318, 13147, 71.77, 72, 48.65, 1, 3948
18319, 13148, 71.77, 72, 48.65, 1, 3948
18320, 13149, 71.77, 72, 48.65, 1, 3948
18321, 13150, 71.78, 72, 48.65, 1, 3948
18322, 13151, 71.78, 72, 48.65, 1, 3948
18323, 13151, 71.77, 72, 48.65, 1, 3948
18324, 13152, 71.77, 72, 48.65, 1, 3948
18325, 13153, 71.78, 72, 48.65, 1, 3948
18326, 13154, 71.78, 72, 48.65, 1, 3948
18327, 13155, 71.78, 72, 48.65, 1, 3948
18328, 13156, 71.78, 72, 48.65, 1, 3948
18329, 13156, 71.78, 72, 48.65, 1, 3948
18330, 13157, 71.78, 72, 48.65, 1, 3948
18331, 13157, 71.77, 72, 48.65, 1, 3949
18332, 13158, 71.78, 72, 48.65, 1, 3949
18333, 13158, 71.77, 72, 48.65, 1, 3950
18334, 13159, 71.77, 72, 48.65, 1, 3950
18335, 13159, 71.77, 72, 48.65, 1, 3951
18336, 13159, 71.77, 72, 48.65, 1, 3952
18337, 13159, 71.76, 72, 48.65, 1, 3953
18338, 13159, 71.76, 72, 48.65, 1, 3954
18339, 13160, 71.76, 72, 48.65, 1, 3954
18340, 13161, 71.76, 72, 48.65, 1, 3954
18341, 13162, 71.76, 72, 48.65, 1, 3954
18342, 13163, 71.76, 72, 48.65, 1, 3954
18343, 13163, 71.76, 72, 48.65, 1, 3955
18344, 13164, 71.76, 72, 48.65, 1, 3955
18345, 13165, 71.76, 72, 48.65, 1, 3955
18346, 13166, 71.76, 72, 48.65, 1, 3955
18347, 13167, 71.77, 72, 48.65, 1, 3955
18348, 13168, 71.77, 72, 48.65, 1, 3955
18349, 13169, 71.77, 72, 48.65, 1, 3955
18350, 13169, 71.77, 72, 48.65, 1, 3956
18351, 13169, 71.76, 72, 48.65, 1, 3957
18352, 13169, 71.76, 72, 48.65, 1, 3958
18353, 13170, 71.76, 72, 48.65, 1, 3958
18354, 13170, 71.76, 72, 48.65, 1, 3959
18355, 13171, 71.76, 72, 48.65, 1, 3959
18356, 13172, 71.76, 72, 48.65, 1, 3959
18357, 13173, 71.76, 72, 48.65, 1, 3959
18358, 13174, 71.76, 72, 48.65, 1, 3959
18359, 13175, 71.76, 72, 48.65, 1, 3959
18360, 13176, 71.76, 72, 48.65, 1, 3959
18361, 13176, 71.76, 72, 48.65, 1, 3960
18362, 13177, 71.76, 72, 48.65, 1, 3960
18363, 13178, 71.76, 72, 48.65, 1, 3960
18364, 13179, 71.77, 72, 48.65, 1, 3960
18365, 13180, 71.77, 72, 48.65, 1, 3960
18366, 13181, 71.77, 72, 48.65, 1, 3960
18367, 13181, 71.76, 72, 48.65, 1, 3961
18368, 13182, 71.77, 72, 48.65, 1, 3961
18369, 13182, 71.76, 72, 48.65, 1, 3962
18370, 13182, 71.76, 72, 48.65, 1, 3963
18371, 13182, 71.75, 72, 48.65, 1, 3964
18372, 13182, 71.75, 72, 48.65, 1, 3964
18373, 13183, 71.75, 72, 48.65, 1, 3964
18374, 13184, 71.75, 72, 48.65, 1, 3964
18375, 13185, 71.76, 72, 48.65, 1, 3964
18376, 13186, 71.76, 72, 48.65, 1, 3964
18377, 13187, 71.76, 72, 48.65, 1, 3964
18378, 13188, 71.76, 72, 48.65, 1, 3964
18379, 13189, 71.76, 72, 48.65, 1, 3964
18380, 13189, 71.76, 72, 48.65, 1, 3965
18381, 13190, 71.76, 72, 48.65, 1, 3965
18382, 13191, 71.76, 72, 48.65, 1, 3965
18383, 13191, 71.76, 72, 48.65, 1, 3966
18384, 13192, 71.76, 72, 48.65, 1, 3966
18385, 13193, 71.76, 72, 48.65, 1, 3966
18386, 13194, 71.76, 72, 48.65, 1, 3966
18387, 13195, 71.76, 72, 48.65, 1, 3966
18388, 13196, 71.76, 72, 48.65, 1, 3966
18389, 13197, 71.77, 72, 48.65, 1, 3966
18390, 13197, 71.76, 72, 48.65, 1, 3967
18391, 13198, 71.76, 72, 48.65, 1, 3967
18392, 13199, 71.76, 72, 48.65, 1, 3967
18393, 13200, 71.77, 72, 48.65, 1, 3967
18394, 13200, 71.76, 72, 48.65, 1, 3968
18395, 13201, 71.76, 72, 48.65, 1, 3968
18396, 13202, 71.77, 72, 48.65, 1, 3968
18397, 13202, 71.76, 72, 48.65, 1, 3968
18398, 13203, 71.76, 72, 48.65, 1, 3968
18399, 13204, 71.76, 72, 48.65, 1, 3968
18400, 13205, 71.77, 72, 48.65, 1, 3968
18401, 13206, 71.77, 72, 48.65, 1, 3968
18402, 13207, 71.77, 72, 48.65, 1, 3968
18403, 13208, 71.77, 72, 48.65, 1, 3968
18404, 13208, 71.77, 72, 48.65, 1, 3968
18405, 13209, 71.77, 72, 48.65, 1, 3968
18406, 13209, 71.76, 72, 48.65, 1, 3969
18407, 13209, 71.76, 72, 48.65, 1, 3970
18408, 13210, 71.76, 72, 48.65, 1, 3970
18409, 13211, 71.76, 72, 48.65, 1, 3970
18410, 13212, 71.77, 72, 48.65, 1, 3970
18411, 13212, 71.76, 72, 48.65, 1, 3971
18412, 13213, 71.76, 72, 48.65, 1, 3971
18413, 13214, 71.76, 72, 48.65, 1, 3971
18414, 13215, 71.77, 72, 48.65, 1, 3971
18415, 13216, 71.77, 72, 48.65, 1, 3971
18416, 13216, 71.76, 72, 48.65, 1, 3971
18417, 13217, 71.77, 72, 48.65, 1, 3971
18418, 13218, 71.77, 72, 48.65, 1, 3971
18419, 13219, 71.77, 72, 48.65, 1, 3971
18420, 13219, 71.76, 72, 48.65, 1, 3972
18421, 13220, 71.77, 72, 48.65, 1, 3972
18422, 13221, 71.77, 72, 48.65, 1, 3972
18423, 13222, 71.77, 72, 48.65, 1, 3972
18424, 13223, 71.77, 72, 48.65, 1, 3972
18425, 13224, 71.77, 72, 48.65, 1, 3972
18426, 13225, 71.77, 72, 48.65, 1, 3972
18427, 13226, 71.78, 72, 48.65, 1, 3972
18428, 13227, 71.78, 72, 48.65, 1, 3972
18429, 13228, 71.78, 72, 48.65, 1, 3972
18430, 13229, 71.78, 72, 48.65, 1, 3972
18431, 13230, 71.78, 72, 48.65, 1, 3972
18432, 13230, 71.78, 72, 48.65, 1, 3973
18433, 13230, 71.77, 72, 48.65, 1, 3974
18434, 13230, 71.77, 72, 48.65, 1, 3974
18435, 13231, 71.77, 72, 48.65, 1, 3974
18436, 13232, 71.77, 72, 48.65, 1, 3974
18437, 13233, 71.77, 72, 48.65, 1, 3974
18438, 13234, 71.78, 72, 48.65, 1, 3974
18439, 13235, 71.78, 72, 48.65, 1, 3974
18440, 13236, 71.78, 72, 48.65, 1, 3974
18441, 13237, 71.78, 72, 48.65, 1, 3974
18442, 13237, 71.78, 72, 48.65, 1, 3974
18443, 13238, 71.78, 72, 48.65, 1, 3974
18444, 13238, 71.77, 72, 48.65, 1, 3975
18445, 13239, 71.78, 72, 48.65, 1, 3975
18446, 13239, 71.77, 72, 48.65, 1, 3976
18447, 13240, 71.77, 72, 48.65, 1, 3976
18448, 13241, 71.77, 72, 48.65, 1, 3976
18449, 13242, 71.78, 72, 48.65, 1, 3976
18450, 13242, 71.77, 72, 48.65, 1, 3977
18451, 13243, 71.77, 72, 48.65, 1, 3977
18452, 13243, 71.77, 72, 48.65, 1, 3978
18453, 13244, 71.77, 72, 48.65, 1, 3978
18454, 13245, 71.77, 72, 48.65, 1, 3978
18455, 13246, 71.77, 72, 48.65, 1, 3978
18456, 13247, 71.78, 72, 48.65, 1, 3978
18457, 13248, 71.78, 72, 48.65, 1, 3978
18458, 13249, 71.78, 72, 48.65, 1, 3978
18459, 13249, 71.78, 72, 48.65, 1, 3979
18460, 13250, 71.78, 72, 48.65, 1, 3979
18461, 13250, 71.77, 72, 48.65, 1, 3979
18462, 13250, 71.77, 72, 48.65, 1, 3980
18463, 13251, 71.77, 72, 48.65, 1, 3980
18464, 13252, 71.77, 72, 48.65, 1, 3980
18465, 13253, 71.77, 72, 48.65, 1, 3980
18466, 13253, 71.77, 72, 48.65, 1, 3981
18467, 13254, 71.77, 72, 48.65, 1, 3981
18468, 13255, 71.77, 72, 48.65, 1, 3981
18469, 13255, 71.77, 72, 48.65, 1, 3981
18470, 13256, 71.77, 72, 48.65, 1, 3981
18471, 13257, 71.77, 72, 48.65, 1, 3981
18472, 13258, 71.77, 72, 48.65, 1, 3981
18473, 13258, 71.77, 72, 48.65, 1, 3981
18474, 13259, 71.77, 72, 48.65, 1, 3981
18475, 13260, 71.77, 72, 48.65, 1, 3981
18476, 13261, 71.77, 72, 48.65, 1, 3981
18477, 13262, 71.78, 72, 48.65, 1, 3981
18478, 13263, 71.78, 72, 48.65, 1, 3981
18479, 13264, 71.78, 72, 48.65, 1, 3981
18480, 13265, 71.78, 72, 48.65, 1, 3981
18481, 13265, 71.78, 72, 48.65, 1, 3982
18482, 13266, 71.78, 72, 48.65, 1, 3982
18483, 13266, 71.77, 72, 48.65, 1, 3983
18484, 13267, 71.78, 72, 48.65, 1, 3983
18485, 13267, 71.77, 72, 48.65, 1, 3984
18486, 13268, 71.77, 72, 48.65, 1, 3984
18487, 13268, 71.77, 72, 48.65, 1, 3985
18488, 13269, 71.77, 72, 48.65, 1, 3985
18489, 13270, 71.77, 72, 48.65, 1, 3985
18490, 13271, 71.77, 72, 48.65, 1, 3985
18491, 13272, 71.78, 72, 48.65, 1, 3985
18492, 13272, 71.77, 72, 48.65, 1, 3986
18493, 13273, 71.77, 72, 48.65, 1, 3986
18494, 13274, 71.77, 72, 48.65, 1, 3986
18495, 13275, 71.78, 72, 48.65, 1, 3986
18496, 13275, 71.77, 72, 48.65, 1, 3986
18497, 13276, 71.77, 72, 48.65, 1, 3986
18498, 13277, 71.78, 72, 48.65, 1, 3986
18499, 13278, 71.78, 72, 48.65, 1, 3986
18500, 13279, 71.78, 72, 48.65, 1, 3986
18501, 13280, 71.78, 72, 48.65, 1, 3986
18502, 13280, 71.78, 72, 48.65, 1, 3987
18503, 13281, 71.78, 72, 48.65, 1, 3987
18504, 13282, 71.78, 72, 48.65, 1, 3987
18505, 13282, 71.78, 72, 48.65, 1, 3988
18506, 13283, 71.78, 72, 48.65, 1, 3988
18507, 13284, 71.78, 72, 48.65, 1, 3988
18508, 13285, 71.78, 72, 48.65, 1, 3988
18509, 13286, 71.78, 72, 48.65, 1, 3988
18510, 13287, 71.78, 72, 48.65, 1, 3988
18511, 13288, 71.78, 72, 48.65, 1, 3988
18512, 13289, 71.79, 72, 48.65, 1, 3988
18513, 13290, 71.79, 72, 48.65, 1, 3988
18514, 13291, 71.79, 72, 48.65, 1, 3988
18515, 13292, 71.79, 72, 48.65, 1, 3988
18516, 13292, 71.79, 72, 48.65, 1, 3989
18517, 13293, 71.79, 72, 48.65, 1, 3989
18518, 13294, 71.79, 72, 48.65, 1, 3989
18519, 13294, 71.79, 72, 48.65, 1, 3990
18520, 13295, 71.79, 72, 48.65, 1, 3990
18521, 13296, 71.79, 72, 48.65, 1, 3990
18522, 13296, 71.78, 72, 48.65, 1, 3990
18523, 13296, 71.78, 72, 48.65, 1, 3991
18524, 13297, 71.78, 72, 48.65, 1, 3991
18525, 13298, 71.78, 72, 48.65, 1, 3991
18526, 13298, 71.78, 72, 48.65, 1, 3992
18527, 13299, 71.78, 72, 48.65, 1, 3992
18528, 13300, 71.78, 72, 48.65, 1, 3992
18529, 13301, 71.78, 72, 48.65, 1, 3992
18530, 13302, 71.79, 72, 48.65, 1, 3992
18531, 13303, 71.79, 72, 48.65, 1, 3992
18532, 13304, 71.79, 72, 48.65, 1, 3992
18533, 13305, 71.79, 72, 48.65, 1, 3992
18534, 13306, 71.79, 72, 48.65, 1, 3992
18535, 13307, 71.79, 72, 48.65, 1, 3992
18536, 13307, 71.79, 72, 48.65, 1, 3992
18537, 13308, 71.79, 72, 48.65, 1, 3992
18538, 13309, 71.79, 72, 48.65, 1, 3992
18539, 13309, 71.79, 72, 48.65, 1, 3993
18540, 13310, 71.79, 72, 48.65, 1, 3993
18541, 13311, 71.79, 72, 48.65, 1, 3993
18542, 13312, 71.79, 72, 48.65, 1, 3993
18543, 13313, 71.80, 72, 48.65, 1, 3993
18544, 13313, 71.79, 72, 48.65, 1, 3994
18545, 13314, 71.79, 72, 48.65, 1, 3994
18546, 13314, 71.79, 72, 48.65, 1, 3995
18547, 13315, 71.79, 72, 48.65, 1, 3995
18548, 13316, 71.79, 72, 48.65, 1, 3995
18549, 13317, 71.79, 72, 48.65, 1, 3995
18550, 13318, 71.80, 72, 48.65, 1, 3995
18551, 13319, 71.80, 72, 48.65, 1, 3995
18552, 13320, 71.80, 72, 48.65, 1, 3995
18553, 13321, 71.80, 72, 48.65, 1, 3995
18554, 13322, 71.80, 72, 48.65, 1, 3995
18555, 13323, 71.80, 72, 48.65, 1, 3995
18556, 13324, 71.80, 72, 48.65, 1, 3995
18557, 13325, 71.81, 72, 48.65, 1, 3995
18558, 13326, 71.81, 72, 48.65, 1, 3995
18559, 13327, 71.81, 72, 48.65, 1, 3995
18560, 13328, 71.81, 72, 48.65, 1, 3995
18561, 13329, 71.81, 72, 48.65, 1, 3995
18562, 13329, 71.81, 72, 48.65, 1, 3996
18563, 13330, 71.81, 72, 48.65, 1, 3996
18564, 13330, 71.81, 72, 48.65, 1, 3997
18565, 13330, 71.80, 72, 48.65, 1, 3997
18566, 13331, 71.80, 72, 48.65, 1, 3997
18567, 13331, 71.80, 72, 48.65, 1, 3997
18568, 13332, 71.80, 72, 48.65, 1, 3997
18569, 13333, 71.80, 72, 48.65, 1, 3997
18570, 13334, 71.80, 72, 48.65, 1, 3997
18571, 13335, 71.81, 72, 48.65, 1, 3997
18572, 13335, 71.80, 72, 48.65, 1, 3998
18573, 13336, 71.80, 72, 48.65, 1, 3998
18574, 13336, 71.80, 72, 48.65, 1, 3999
18575, 13336, 71.80, 72, 48.65, 1, 4000
18576, 13337, 71.80, 72, 48.65, 1, 4000
18577, 13338, 71.80, 72, 48.65, 1, 4000
18578, 13339, 71.80, 72, 48.65, 1, 4000
18579, 13340, 71.80, 72, 48.65, 1, 4000
18580, 13340, 71.80, 72, 48.65, 1, 4001
18581, 13341, 71.80, 72, 48.65, 1, 4001
18582, 13342, 71.80, 72, 48.65, 1, 4001
18583, 13343, 71.80, 72, 48.65, 1, 4001
18584, 13344, 71.80, 72, 48.65, 1, 4001
18585, 13345, 71.81, 72, 48.65, 1, 4001
18586, 13346, 71.81, 72, 48.65, 1, 4001
18587, 13346, 71.80, 72, 48.65, 1, 4002
18588, 13346, 71.80, 72, 48.65, 1, 4003
18589, 13346, 71.80, 72, 48.65, 1, 4004
18590, 13347, 71.80, 72, 48.65, 1, 4004
18591, 13347, 71.79, 72, 48.65, 1, 4005
18592, 13348, 71.79, 72, 48.65, 1, 4005
18593, 13349, 71.80, 72, 48.65, 1, 4005
18594, 13350, 71.80, 72, 48.65, 1, 4005
18595, 13351, 71.80, 72, 48.65, 1, 4005
18596, 13351, 71.80, 72, 48.65, 1, 4006
18597, 13352, 71.80, 72, 48.65, 1, 4006
18598, 13353, 71.80, 72, 48.65, 1, 4006
18599, 13354, 71.80, 72, 48.65, 1, 4006
18600, 13354, 71.80, 72, 48.65, 1, 4007
18601, 13354, 71.79, 72, 48.65, 1, 4008
18602, 13355, 71.79, 72, 48.65, 1, 4008
18603, 13355, 71.79, 72, 48.65, 1, 4009
18604, 13356, 71.79, 72, 48.65, 1, 4009
18605, 13357, 71.79, 72, 48.65, 1, 4009
18606, 13358, 71.79, 72, 48.65, 1, 4009
18607, 13358, 71.79, 72, 48.65, 1, 4009
18608, 13359, 71.79, 72, 48.65, 1, 4009
18609, 13360, 71.79, 72, 48.65, 1, 4009
18610, 13361, 71.79, 72, 48.65, 1, 4009
18611, 13361, 71.79, 72, 48.65, 1, 4010
18612, 13362, 71.79, 72, 48.65, 1, 4010
18613, 13362, 71.79, 72, 48.65, 1, 4011
18614, 13363, 71.79, 72, 48.65, 1, 4011
18615, 13364, 71.79, 72, 48.65, 1, 4011
18616, 13365, 71.79, 72, 48.65, 1, 4011
18617, 13366, 71.79, 72, 48.65, 1, 4011
18618, 13367, 71.80, 72, 48.65, 1, 4011
18619, 13368, 71.80, 72, 48.65, 1, 4011
18620, 13368, 71.79, 72, 48.65, 1, 4012
18621, 13369, 71.80, 72, 48.65, 1, 4012
18622, 13369, 71.79, 72, 48.65, 1, 4012
18623, 13370, 71.79, 72, 48.65, 1, 4012
18624, 13370, 71.79, 72, 48.65, 1, 4013
18625, 13370, 71.79, 72, 48.65, 1, 4014
18626, 13371, 71.79, 72, 48.65, 1, 4014
18627, 13371, 71.78, 72, 48.65, 1, 4015
18628, 13372, 71.78, 72, 48.65, 1, 4015
18629, 13373, 71.79, 72, 48.65, 1, 4015
18630, 13373, 71.78, 72, 48.65, 1, 4016
18631, 13374, 71.78, 72, 48.65, 1, 4016
18632, 13374, 71.78, 72, 48.65, 1, 4017
18633, 13374, 71.78, 72, 48.65, 1, 4018
18634, 13375, 71.78, 72, 48.65, 1, 4018
18635, 13376, 71.78, 72, 48.65, 1, 4018
18636, 13377, 71.78, 72, 48.65, 1, 4018
18637, 13378, 71.78, 72, 48.65, 1, 4018
18638, 13379, 71.78, 72, 48.65, 1, 4018
18639, 13379, 71.78, 72, 48.65, 1, 4019
18640, 13380, 71.78, 72, 48.65, 1, 4019
18641, 13380, 71.78, 72, 48.65, 1, 4020
18642, 13381, 71.78, 72, 48.65, 1, 4020
18643, 13382, 71.78, 72, 48.65, 1, 4020
18644, 13383, 71.78, 72, 48.65, 1, 4020
18645, 13384, 71.78, 72, 48.65, 1, 4020
18646, 13385, 71.78, 72, 48.65, 1, 4020
18647, 13386, 71.79, 72, 48.65, 1, 4020
18648, 13387, 71.79, 72, 48.65, 1, 4020
18649, 13387, 71.78, 72, 48.65, 1, 4021
18650, 13387, 71.78, 72, 48.65, 1, 4022
18651, 13388, 71.78, 72, 48.65, 1, 4022
18652, 13389, 71.78, 72, 48.65, 1, 4022
18653, 13389, 71.78, 72, 48.65, 1, 4023
18654, 13390, 71.78, 72, 48.65, 1, 4023
18655, 13390, 71.78, 72, 48.65, 1, 4024
18656, 13391, 71.78, 72, 48.65, 1, 4024
18657, 13391, 71.77, 72, 48.65, 1, 4025
18658, 13392, 71.78, 72, 48.65, 1, 4025
18659, 13392, 71.77, 72, 48.65, 1, 4026
18660, 13393, 71.77, 72, 48.65, 1, 4026
18661, 13394, 71.78, 72, 48.65, 1, 4026
18662, 13395, 71.78, 72, 48.65, 1, 4026
18663, 13395, 71.77, 72, 48.65, 1, 4027
18664, 13396, 71.77, 72, 48.65, 1, 4027
18665, 13397, 71.78, 72, 48.65, 1, 4027
18666, 13397, 71.77, 72, 48.65, 1, 4028
18667, 13398, 71.77, 72, 48.65, 1, 4028
18668, 13399, 71.78, 72, 48.65, 1, 4028
18669, 13400, 71.78, 72, 48.65, 1, 4028
18670, 13401, 71.78, 72, 48.65, 1, 4028
18671, 13401, 71.77, 72, 48.65, 1, 4028
18672, 13402, 71.78, 72, 48.65, 1, 4028
18673, 13402, 71.77, 72, 48.65, 1, 4028
18674, 13402, 71.77, 72, 48.65, 1, 4028
18675, 13403, 71.77, 72, 48.65, 1, 4028
18676, 13404, 71.77, 72, 48.65, 1, 4028
18677, 13405, 71.77, 72, 48.65, 1, 4028
18678, 13406, 71.77, 72, 48.65, 1, 4028
18679, 13407, 71.78, 72, 48.65, 1, 4028
18680, 13408, 71.78, 72, 48.65, 1, 4028
18681, 13409, 71.78, 72, 48.65, 1, 4028
18682, 13410, 71.78, 72, 48.65, 1, 4028
18683, 13411, 71.78, 72, 48.65, 1, 4028
18684, 13412, 71.78, 72, 48.65, 1, 4028
18685, 13412, 71.78, 72, 48.65, 1, 4029
18686, 13412, 71.78, 72, 48.65, 1, 4030
18687, 13413, 71.78, 72, 48.65, 1, 4030
18688, 13414, 71.78, 72, 48.65, 1, 4030
18689, 13415, 71.78, 72, 48.65, 1, 4030
18690, 13416, 71.78, 72, 48.65, 1, 4030
18691, 13417, 71.78, 72, 48.65, 1, 4030
18692, 13418, 71.78, 72, 48.65, 1, 4030
18693, 13419, 71.79, 72, 48.65, 1, 4030
18694, 13420, 71.79, 72, 48.65, 1, 4030
18695, 13421, 71.79, 72, 48.65, 1, 4030
18696, 13422, 71.79, 72, 48.65, 1, 4030
18697, 13423, 71.79, 72, 48.65, 1, 4030
18698, 13424, 71.79, 72, 48.65, 1, 4030
18699, 13425, 71.80, 72, 48.65, 1, 4030
18700, 13425, 71.79, 72, 48.65, 1, 4030
18701, 13426, 71.79, 72, 48.65, 1, 4030
18702, 13427, 71.79, 72, 48.65, 1, 4030
18703, 13428, 71.80, 72, 48.65, 1, 4030
18704, 13429, 71.80, 72, 48.65, 1, 4030
18705, 13429, 71.79, 72, 48.65, 1, 4030
18706, 13430, 71.80, 72, 48.65, 1, 4030
18707, 13431, 71.80, 72, 48.65, 1, 4030
18708, 13431, 71.79, 72, 48.65, 1, 4031
18709, 13432, 71.79, 72, 48.65, 1, 4031
18710, 13433, 71.80, 72, 48.65, 1, 4031
18711, 13434, 71.80, 72, 48.65, 1, 4031
18712, 13434, 71.79, 72, 48.65, 1, 4032
18713, 13435, 71.80, 72, 48.65, 1, 4032
18714, 13436, 71.80, 72, 48.65, 1, 4032
18715, 13437, 71.80, 72, 48.65, 1, 4032
18716, 13437, 71.79, 72, 48.65, 1, 4032
18717, 13438, 71.80, 72, 48.65, 1, 4032
18718, 13438, 71.79, 72, 48.65, 1, 4033
18719, 13438, 71.79, 72, 48.65, 1, 4034
18720, 13439, 71.79, 72, 48.65, 1, 4034
18721, 13440, 71.79, 72, 48.65, 1, 4034
18722, 13441, 71.79, 72, 48.65, 1, 4034
18723, 13442, 71.79, 72, 48.65, 1, 4034
18724, 13443, 71.80, 72, 48.65, 1, 4034
18725, 13443, 71.79, 72, 48.65, 1, 4035
18726, 13443, 71.79, 72, 48.65, 1, 4036
18727, 13444, 71.79, 72, 48.65, 1, 4036
18728, 13445, 71.79, 72, 48.65, 1, 4036
18729, 13445, 71.79, 72, 48.65, 1, 4037
18730, 13446, 71.79, 72, 48.65, 1, 4037
18731, 13446, 71.78, 72, 48.65, 1, 4038
18732, 13447, 71.79, 72, 48.65, 1, 4038
18733, 13448, 71.79, 72, 48.65, 1, 4038
18734, 13449, 71.79, 72, 48.65, 1, 4038
18735, 13449, 71.79, 72, 48.65, 1, 4038
18736, 13450, 71.79, 72, 48.65, 1, 4038
18737, 13451, 71.79, 72, 48.65, 1, 4038
18738, 13452, 71.79, 72, 48.65, 1, 4038
18739, 13453, 71.79, 72, 48.65, 1, 4038
18740, 13454, 71.79, 72, 48.65, 1, 4038
18741, 13455, 71.79, 72, 48.65, 1, 4038
18742, 13456, 71.80, 72, 48.65, 1, 4038
18743, 13457, 71.80, 72, 48.65, 1, 4038
18744, 13458, 71.80, 72, 48.65, 1, 4038
18745, 13459, 71.80, 72, 48.65, 1, 4038
18746, 13460, 71.80, 72, 48.65, 1, 4038
18747, 13461, 71.80, 72, 48.65, 1, 4038
18748, 13462, 71.80, 72, 48.65, 1, 4038
18749, 13462, 71.80, 72, 48.65, 1, 4039
18750, 13463, 71.80, 72, 48.65, 1, 4039
18751, 13463, 71.80, 72, 48.65, 1, 4040
18752, 13464, 71.80, 72, 48.65, 1, 4040
18753, 13465, 71.80, 72, 48.65, 1, 4040
18754, 13466, 71.80, 72, 48.65, 1, 4040
18755, 13467, 71.80, 72, 48.65, 1, 4040
18756, 13468, 71.81, 72, 48.65, 1, 4040
18757, 13469, 71.81, 72, 48.65, 1, 4040
18758, 13470, 71.81, 72, 48.65, 1, 4040
18759, 13471, 71.81, 72, 48.65, 1, 4040
18760, 13472, 71.81, 72, 48.65, 1, 4040
18761, 13473, 71.81, 72, 48.65, 1, 4040
18762, 13474, 71.82, 72, 48.65, 1, 4040
18763, 13474, 71.81, 72, 48.65, 1, 4040
18764, 13475, 71.81, 72, 48.65, 1, 4040
18765, 13476, 71.81, 72, 48.65, 1, 4040
18766, 13477, 71.82, 72, 48.65, 1, 4040
18767, 13477, 71.81, 72, 48.65, 1, 4040
18768, 13478, 71.81, 72, 48.65, 1, 4040
18769, 13479, 71.82, 72, 48.65, 1, 4040
18770, 13479, 71.81, 72, 48.65, 1, 4041
18771, 13480, 71.81, 72, 48.65, 1, 4041
18772, 13481, 71.81, 72, 48.65, 1, 4041
18773, 13482, 71.82, 72, 48.65, 1, 4041
18774, 13482, 71.81, 72, 48.65, 1, 4041
18775, 13483, 71.81, 72, 48.65, 1, 4041
18776, 13483, 71.81, 72, 48.65, 1, 4041
18777, 13484, 71.81, 72, 48.65, 1, 4041
18778, 13485, 71.81, 72, 48.65, 1, 4041
18779, 13486, 71.81, 72, 48.65, 1, 4041
18780, 13487, 71.82, 72, 48.65, 1, 4041
18781, 13488, 71.82, 72, 48.65, 1, 4041
18782, 13489, 71.82, 72, 48.65, 1, 4041
18783, 13489, 71.81, 72, 48.65, 1, 4042
18784, 13490, 71.82, 72, 48.65, 1, 4042
18785, 13490, 71.81, 72, 48.65, 1, 4043
18786, 13490, 71.81, 72, 48.65, 1, 4044
18787, 13491, 71.81, 72, 48.65, 1, 4044
18788, 13492, 71.81, 72, 48.65, 1, 4044
18789, 13493, 71.81, 72, 48.65, 1, 4044
18790, 13494, 71.81, 72, 48.65, 1, 4044
18791, 13495, 71.82, 72, 48.65, 1, 4044
18792, 13495, 71.81, 72, 48.65, 1, 4044
18793, 13496, 71.81, 72, 48.65, 1, 4044
18794, 13497, 71.82, 72, 48.65, 1, 4044
18795, 13498, 71.82, 72, 48.65, 1, 4044
18796, 13498, 71.81, 72, 48.65, 1, 4045
18797, 13498, 71.81, 72, 48.65, 1, 4046
18798, 13498, 71.81, 72, 48.65, 1, 4047
18799, 13498, 71.80, 72, 48.65, 1, 4048
18800, 13498, 71.80, 72, 48.65, 1, 4049
18801, 13498, 71.79, 72, 48.65, 1, 4050
18802, 13499, 71.80, 72, 48.65, 1, 4050
18803, 13499, 71.79, 72, 48.65, 1, 4051
18804, 13499, 71.79, 72, 48.65, 1, 4052
18805, 13500, 71.79, 72, 48.65, 1, 4052
18806, 13501, 71.79, 72, 48.65, 1, 4052
18807, 13502, 71.79, 72, 48.65, 1, 4052
18808, 13502, 71.79, 72, 48.65, 1, 4053
18809, 13503, 71.79, 72, 48.65, 1, 4053
18810, 13504, 71.79, 72, 48.65, 1, 4053
18811, 13505, 71.79, 72, 48.65, 1, 4053
18812, 13506, 71.79, 72, 48.65, 1, 4053
18813, 13506, 71.79, 72, 48.65, 1, 4054
18814, 13506, 71.79, 72, 48.65, 1, 4055
18815, 13506, 71.78, 72, 48.65, 1, 4055
18816, 13507, 71.78, 72, 48.65, 1, 4055
18817, 13507, 71.78, 72, 48.65, 1, 4055
18818, 13508, 71.78, 72, 48.65, 1, 4055
18819, 13509, 71.78, 72, 48.65, 1, 4055
18820, 13510, 71.79, 72, 48.65, 1, 4055
18821, 13511, 71.79, 72, 48.65, 1, 4055
18822, 13512, 71.79, 72, 48.65, 1, 4055
18823, 13513, 71.79, 72, 48.65, 1, 4055
18824, 13514, 71.79, 72, 48.65, 1, 4055
18825, 13514, 71.79, 72, 48.65, 1, 4056
18826, 13515, 71.79, 72, 48.65, 1, 4056
18827, 13516, 71.79, 72, 48.65, 1, 4056
18828, 13517, 71.79, 72, 48.65, 1, 4056
18829, 13518, 71.79, 72, 48.65, 1, 4056
18830, 13519, 71.80, 72, 48.65, 1, 4056
18831, 13520, 71.80, 72, 48.65, 1, 4056
18832, 13521, 71.80, 72, 48.65, 1, 4056
18833, 13522, 71.80, 72, 48.65, 1, 4056
18834, 13523, 71.80, 72, 48.65, 1, 4056
18835, 13524, 71.80, 72, 48.65, 1, 4056
18836, 13524, 71.80, 72, 48.65, 1, 4057
18837, 13525, 71.80, 72, 48.65, 1, 4057
18838, 13526, 71.80, 72, 48.65, 1, 4057
18839, 13527, 71.80, 72, 48.65, 1, 4057
18840, 13528, 71.80, 72, 48.65, 1, 4057
18841, 13529, 71.81, 72, 48.65, 1, 4057
18842, 13529, 71.80, 72, 48.65, 1, 4057
18843, 13529, 71.80, 72, 48.65, 1, 4058
18844, 13530, 71.80, 72, 48.65, 1, 4058
18845, 13530, 71.80, 72, 48.65, 1, 4059
18846, 13531, 71.80, 72, 48.65, 1, 4059
18847, 13531, 71.79, 72, 48.65, 1, 4060
18848, 13532, 71.80, 72, 48.65, 1, 4060
18849, 13532, 71.79, 72, 48.65, 1, 4061
18850, 13533, 71.79, 72, 48.65, 1, 4061
18851, 13533, 71.79, 72, 48.65, 1, 4061
18852, 13534, 71.79, 72, 48.65, 1, 4061
18853, 13535, 71.79, 72, 48.65, 1, 4061
18854, 13535, 71.79, 72, 48.65, 1, 4062
18855, 13535, 71.78, 72, 48.65, 1, 4063
18856, 13535, 71.78, 72, 48.65, 1, 4064
18857, 13536, 71.78, 72, 48.65, 1, 4064
18858, 13536, 71.78, 72, 48.65, 1, 4065
18859, 13536, 71.77, 72, 48.65, 1, 4066
18860, 13537, 71.78, 72, 48.65, 1, 4066
18861, 13538, 71.78, 72, 48.65, 1, 4066
18862, 13539, 71.78, 72, 48.65, 1, 4066
18863, 13539, 71.78, 72, 48.65, 1, 4067
18864, 13540, 71.78, 72, 48.65, 1, 4067
18865, 13541, 71.78, 72, 48.65, 1, 4067
18866, 13541, 71.77, 72, 48.65, 1, 4067
18867, 13542, 71.78, 72, 48.65, 1, 4067
18868, 13543, 71.78, 72, 48.65, 1, 4067
18869, 13544, 71.78, 72, 48.65, 1, 4067
18870, 13545, 71.78, 72, 48.65, 1, 4067
18871, 13545, 71.78, 72, 48.65, 1, 4068
18872, 13545, 71.77, 72, 48.65, 1, 4069
18873, 13546, 71.77, 72, 48.65, 1, 4069
18874, 13546, 71.77, 72, 48.65, 1, 4070
18875, 13546, 71.77, 72, 48.65, 1, 4071
18876, 13546, 71.76, 72, 48.65, 1, 4072
18877, 13547, 71.76, 72, 48.65, 1, 4072
18878, 13548, 71.77, 72, 48.65, 1, 4072
18879, 13549, 71.77, 72, 48.65, 1, 4072
18880, 13549, 71.76, 72, 48.65, 1, 4073
18881, 13549, 71.76, 72, 48.65, 1, 4074
18882, 13550, 71.76, 72, 48.65, 1, 4074
18883, 13551, 71.76, 72, 48.65, 1, 4074
18884, 13552, 71.76, 72, 48.65, 1, 4074
18885, 13553, 71.77, 72, 48.65, 1, 4074
18886, 13554, 71.77, 72, 48.65, 1, 4074
18887, 13555, 71.77, 72, 48.65, 1, 4074
18888, 13556, 71.77, 72, 48.65, 1, 4074
18889, 13556, 71.77, 72, 48.65, 1, 4075
18890, 13556, 71.76, 72, 48.65, 1, 4076
18891, 13557, 71.76, 72, 48.65, 1, 4076
18892, 13557, 71.76, 72, 48.65, 1, 4077
18893, 13558, 71.76, 72, 48.65, 1, 4077
18894, 13559, 71.76, 72, 48.65, 1, 4077
18895, 13560, 71.77, 72, 48.65, 1, 4077
18896, 13561, 71.77, 72, 48.65, 1, 4077
18897, 13561, 71.76, 72, 48.65, 1, 4077
18898, 13561, 71.76, 72, 48.65, 1, 4078
18899, 13562, 71.76, 72, 48.65, 1, 4078
18900, 13563, 71.76, 72, 48.65, 1, 4078
18901, 13564, 71.76, 72, 48.65, 1, 4078
18902, 13565, 71.76, 72, 48.65, 1, 4078
18903, 13566, 71.77, 72, 48.65, 1, 4078
18904, 13567, 71.77, 72, 48.65, 1, 4078
18905, 13568, 71.77, 72, 48.65, 1, 4078
18906, 13569, 71.77, 72, 48.65, 1, 4078
18907, 13570, 71.77, 72, 48.65, 1, 4078
18908, 13570, 71.77, 72, 48.65, 1, 4079
18909, 13571, 71.77, 72, 48.65, 1, 4079
18910, 13571, 71.77, 72, 48.65, 1, 4080
18911, 13572, 71.77, 72, 48.65, 1, 4080
18912, 13573, 71.77, 72, 48.65, 1, 4080
18913, 13574, 71.77, 72, 48.65, 1, 4080
18914, 13574, 71.77, 72, 48.65, 1, 4081
18915, 13575, 71.77, 72, 48.65, 1, 4081
18916, 13576, 71.77, 72, 48.65, 1, 4081
18917, 13576, 71.77, 72, 48.65, 1, 4082
18918, 13576, 71.76, 72, 48.65, 1, 4083
18919, 13577, 71.76, 72, 48.65, 1, 4083
18920, 13578, 71.77, 72, 48.65, 1, 4083
18921, 13579, 71.77, 72, 48.65, 1, 4083
18922, 13579, 71.76, 72, 48.65, 1, 4084
18923, 13580, 71.76, 72, 48.65, 1, 4084
18924, 13581, 71.77, 72, 48.65, 1, 4084
18925, 13581, 71.76, 72, 48.65, 1, 4085
18926, 13582, 71.76, 72, 48.65, 1, 4085
18927, 13583, 71.77, 72, 48.65, 1, 4085
18928, 13584, 71.77, 72, 48.65, 1, 4085
18929, 13585, 71.77, 72, 48.65, 1, 4085
18930, 13586, 71.77, 72, 48.65, 1, 4085
18931, 13587, 71.77, 72, 48.65, 1, 4085
18932, 13588, 71.77, 72, 48.65, 1, 4085
18933, 13588, 71.77, 72, 48.65, 1, 4086
18934, 13588, 71.77, 72, 48.65, 1, 4086
18935, 13589, 71.77, 72, 48.65, 1, 4086
18936, 13590, 71.77, 72, 48.65, 1, 4086
18937, 13591, 71.77, 72, 48.65, 1, 4086
18938, 13592, 71.77, 72, 48.65, 1, 4086
18939, 13593, 71.77, 72, 48.65, 1, 4086
18940, 13594, 71.77, 72, 48.65, 1, 4086
18941, 13594, 71.77, 72, 48.65, 1, 4087
18942, 13595, 71.77, 72, 48.65, 1, 4087
18943, 13596, 71.77, 72, 48.65, 1, 4087
18944, 13597, 71.77, 72, 48.65, 1, 4087
18945, 13598, 71.78, 72, 48.65, 1, 4087
18946, 13598, 71.77, 72, 48.65, 1, 4088
18947, 13599, 71.77, 72, 48.65, 1, 4088
18948, 13599, 71.77, 72, 48.65, 1, 4089
18949, 13600, 71.77, 72, 48.65, 1, 4089
18950, 13601, 71.77, 72, 48.65, 1, 4089
18951, 13602, 71.77, 72, 48.65, 1, 4089
18952, 13603, 71.78, 72, 48.65, 1, 4089
18953, 13603, 71.77, 72, 48.65, 1, 4090
18954, 13604, 71.77, 72, 48.65, 1, 4090
18955, 13605, 71.78, 72, 48.65, 1, 4090
18956, 13606, 71.78, 72, 48.65, 1, 4090
18957, 13607, 71.78, 72, 48.65, 1, 4090
18958, 13607, 71.77, 72, 48.65, 1, 4091
18959, 13608, 71.78, 72, 48.65, 1, 4091
18960, 13608, 71.77, 72, 48.65, 1, 4092
18961, 13609, 71.77, 72, 48.65, 1, 4092
18962, 13610, 71.78, 72, 48.65, 1, 4092
18963, 13611, 71.78, 72, 48.65, 1, 4092
18964, 13611, 71.77, 72, 48.65, 1, 4093
18965, 13612, 71.77, 72, 48.65, 1, 4093
18966, 13612, 71.77, 72, 48.65, 1, 4094
18967, 13612, 71.77, 72, 48.65, 1, 4095
18968, 13613, 71.77, 72, 48.65, 1, 4095
18969, 13614, 71.77, 72, 48.65, 1, 4095
18970, 13614, 71.77, 72, 48.65, 1, 4096
18971, 13615, 71.77, 72, 48.65, 1, 4096
18972, 13616, 71.77, 72, 48.65, 1, 4096
18973, 13616, 71.77, 72, 48.65, 1, 4096
18974, 13616, 71.76, 72, 48.65, 1, 4096
18975, 13617, 71.76, 72, 48.65, 1, 4096
18976, 13618, 71.76, 72, 48.65, 1, 4096
18977, 13618, 71.76, 72, 48.65, 1, 4097
18978, 13619, 71.76, 72, 48.65, 1, 4097
18979, 13620, 71.76, 72, 48.65, 1, 4097
18980, 13621, 71.77, 72, 48.65, 1, 4097
18981, 13621, 71.76, 72, 48.65, 1, 4098
18982, 13622, 71.76, 72, 48.65, 1, 4098
18983, 13622, 71.76, 72, 48.65, 1, 4099
18984, 13623, 71.76, 72, 48.65, 1, 4099
18985, 13624, 71.76, 72, 48.65, 1, 4099
18986, 13625, 71.76, 72, 48.65, 1, 4099
18987, 13626, 71.76, 72, 48.65, 1, 4099
18988, 13627, 71.77, 72, 48.65, 1, 4099
18989, 13628, 71.77, 72, 48.65, 1, 4099
18990, 13628, 71.76, 72, 48.65, 1, 4100
18991, 13629, 71.77, 72, 48.65, 1, 4100
18992, 13630, 71.77, 72, 48.65, 1, 4100
18993, 13631, 71.77, 72, 48.65, 1, 4100
18994, 13631, 71.76, 72, 48.65, 1, 4101
18995, 13632, 71.77, 72, 48.65, 1, 4101
18996, 13632, 71.76, 72, 48.65, 1, 4102
18997, 13633, 71.76, 72, 48.65, 1, 4102
18998, 13634, 71.77, 72, 48.65, 1, 4102
18999, 13635, 71.77, 72, 48.65, 1, 4102
19000, 13636, 71.77, 72, 48.65, 1, 4102
19001, 13637, 71.77, 72, 48.65, 1, 4102
19002, 13638, 71.77, 72, 48.65, 1, 4102
19003, 13639, 71.77, 72, 48.65, 1, 4102
19004, 13639, 71.77, 72, 48.65, 1, 4103
19005, 13640, 71.77, 72, 48.65, 1, 4103
19006, 13641, 71.77, 72, 48.65, 1, 4103
19007, 13642, 71.77, 72, 48.65, 1, 4103
19008, 13643, 71.78, 72, 48.65, 1, 4103
19009, 13644, 71.78, 72, 48.65, 1, 4103
19010, 13644, 71.77, 72, 48.65, 1, 4104
19011, 13644, 71.77, 72, 48.65, 1, 4105
19012, 13645, 71.77, 72, 48.65, 1, 4105
19013, 13645, 71.77, 72, 48.65, 1, 4106
19014, 13646, 71.77, 72, 48.65, 1, 4106
19015, 13647, 71.77, 72, 48.65, 1, 4106
19016, 13648, 71.77, 72, 48.65, 1, 4106
19017, 13649, 71.77, 72, 48.65, 1, 4106
19018, 13649, 71.77, 72, 48.65, 1, 4107
19019, 13649, 71.77, 72, 48.65, 1, 4107
19020, 13650, 71.77, 72, 48.65, 1, 4107
19021, 13650, 71.76, 72, 48.65, 1, 4107
19022, 13651, 71.76, 72, 48.65, 1, 4107
19023, 13652, 71.77, 72, 48.65, 1, 4107
19024, 13652, 71.76, 72, 48.65, 1, 4107
19025, 13653, 71.76, 72, 48.65, 1, 4107
19026, 13653, 71.76, 72, 48.65, 1, 4108
19027, 13653, 71.76, 72, 48.65, 1, 4109
19028, 13654, 71.76, 72, 48.65, 1, 4109
19029, 13655, 71.76, 72, 48.65, 1, 4109
19030, 13656, 71.76, 72, 48.65, 1, 4109
19031, 13657, 71.76, 72, 48.65, 1, 4109
19032, 13658, 71.76, 72, 48.65, 1, 4109
19033, 13659, 71.76, 72, 48.65, 1, 4109
19034, 13660, 71.77, 72, 48.65, 1, 4109
19035, 13661, 71.77, 72, 48.65, 1, 4109
19036, 13662, 71.77, 72, 48.65, 1, 4109
19037, 13663, 71.77, 72, 48.65, 1, 4109
19038, 13664, 71.77, 72, 48.65, 1, 4109
19039, 13665, 71.77, 72, 48.65, 1, 4109
19040, 13665, 71.77, 72, 48.65, 1, 4110
19041, 13665, 71.77, 72, 48.65, 1, 4111
19042, 13665, 71.76, 72, 48.65, 1, 4111
19043, 13666, 71.76, 72, 48.65, 1, 4111
19044, 13666, 71.76, 72, 48.65, 1, 4112
19045, 13667, 71.76, 72, 48.65, 1, 4112
19046, 13668, 71.76, 72, 48.65, 1, 4112
19047, 13668, 71.76, 72, 48.65, 1, 4113
19048, 13669, 71.76, 72, 48.65, 1, 4113
19049, 13670, 71.76, 72, 48.65, 1, 4113
19050, 13670, 71.76, 72, 48.65, 1, 4113
19051, 13671, 71.76, 72, 48.65, 1, 4113
19052, 13672, 71.76, 72, 48.65, 1, 4113
19053, 13673, 71.76, 72, 48.65, 1, 4113
19054, 13674, 71.76, 72, 48.65, 1, 4113
19055, 13675, 71.77, 72, 48.65, 1, 4113
19056, 13676, 71.77, 72, 48.65, 1, 4113
19057, 13677, 71.77, 72, 48.65, 1, 4113
19058, 13678, 71.77, 72, 48.65, 1, 4113
19059, 13679, 71.77, 72, 48.65, 1, 4113
19060, 13680, 71.77, 72, 48.65, 1, 4113
19061, 13681, 71.77, 72, 48.65, 1, 4113
19062, 13682, 71.78, 72, 48.65, 1, 4113
19063, 13683, 71.78, 72, 48.65, 1, 4113
19064, 13684, 71.78, 72, 48.65, 1, 4113
19065, 13685, 71.78, 72, 48.65, 1, 4113
19066, 13686, 71.78, 72, 48.65, 1, 4113
19067, 13686, 71.78, 72, 48.65, 1, 4113
19068, 13687, 71.78, 72, 48.65, 1, 4113
19069, 13688, 71.78, 72, 48.65, 1, 4113
19070, 13688, 71.78, 72, 48.65, 1, 4114
19071, 13688, 71.77, 72, 48.65, 1, 4115
19072, 13689, 71.78, 72, 48.65, 1, 4115
19073, 13690, 71.78, 72, 48.65, 1, 4115
19074, 13691, 71.78, 72, 48.65, 1, 4115
19075, 13692, 71.78, 72, 48.65, 1, 4115
19076, 13693, 71.78, 72, 48.65, 1, 4115
19077, 13694, 71.78, 72, 48.65, 1, 4115
19078, 13695, 71.78, 72, 48.65, 1, 4115
19079, 13696, 71.79, 72, 48.65, 1, 4115
19080, 13697, 71.79, 72, 48.65, 1, 4115
19081, 13698, 71.79, 72, 48.65, 1, 4115
19082, 13698, 71.78, 72, 48.65, 1, 4116
19083, 13699, 71.79, 72, 48.65, 1, 4116
19084, 13700, 71.79, 72, 48.65, 1, 4116
19085, 13701, 71.79, 72, 48.65, 1, 4116
19086, 13702, 71.79, 72, 48.65, 1, 4116
19087, 13703, 71.79, 72, 48.65, 1, 4116
19088, 13704, 71.79, 72, 48.65, 1, 4116
19089, 13704, 71.79, 72, 48.65, 1, 4117
19090, 13705, 71.79, 72, 48.65, 1, 4117
19091, 13706, 71.79, 72, 48.65, 1, 4117
19092, 13707, 71.79, 72, 48.65, 1, 4117
19093, 13708, 71.80, 72, 48.65, 1, 4117
19094, 13709, 71.80, 72, 48.65, 1, 4117
19095, 13710, 71.80, 72, 48.65, 1, 4117
19096, 13711, 71.80, 72, 48.65, 1, 4117
19097, 13712, 71.80, 72, 48.65, 1, 4117
19098, 13712, 71.80, 72, 48.65, 1, 4118
19099, 13713, 71.80, 72, 48.65, 1, 4118
19100, 13714, 71.80, 72, 48.65, 1, 4118
19101, 13715, 71.80, 72, 48.65, 1, 4118
19102, 13716, 71.80, 72, 48.65, 1, 4118
19103, 13717, 71.81, 72, 48.65, 1, 4118
19104, 13718, 71.81, 72, 48.65, 1, 4118
19105, 13718, 71.80, 72, 48.65, 1, 4119
19106, 13719, 71.80, 72, 48.65, 1, 4119
19107, 13720, 71.81, 72, 48.65, 1, 4119
19108, 13721, 71.81, 72, 48.65, 1, 4119
19109, 13722, 71.81, 72, 48.65, 1, 4119
19110, 13722, 71.81, 72, 48.65, 1, 4119
19111, 13723, 71.81, 72, 48.65, 1, 4119
19112, 13723, 71.80, 72, 48.65, 1, 4119
19113, 13724, 71.80, 72, 48.65, 1, 4119
19114, 13725, 71.81, 72, 48.65, 1, 4119
19115, 13725, 71.80, 72, 48.65, 1, 4120
19116, 13725, 71.80, 72, 48.65, 1, 4121
19117, 13726, 71.80, 72, 48.65, 1, 4121
19118, 13727, 71.80, 72, 48.65, 1, 4121
19119, 13728, 71.80, 72, 48.65, 1, 4121
19120, 13729, 71.80, 72, 48.65, 1, 4121
19121, 13730, 71.81, 72, 48.65, 1, 4121
19122, 13731, 71.81, 72, 48.65, 1, 4121
19123, 13732, 71.81, 72, 48.65, 1, 4121
19124, 13733, 71.81, 72, 48.65, 1, 4121
19125, 13734, 71.81, 72, 48.65, 1, 4121
19126, 13735, 71.81, 72, 48.65, 1, 4121
19127, 13736, 71.81, 72, 48.65, 1, 4121
19128, 13737, 71.82, 72, 48.65, 1, 4121
19129, 13738, 71.82, 72, 48.65, 1, 4121
19130, 13739, 71.82, 72, 48.65, 1, 4121
19131, 13740, 71.82, 72, 48.65, 1, 4121
19132, 13741, 71.82, 72, 48.65, 1, 4121
19133, 13742, 71.82, 72, 48.65, 1, 4121
19134, 13743, 71.83, 72, 48.65, 1, 4121
19135, 13744, 71.83, 72, 48.65, 1, 4121
19136, 13745, 71.83, 72, 48.65, 1, 4121
19137, 13745, 71.82, 72, 48.65, 1, 4121
19138, 13745, 71.82, 72, 48.65, 1, 4121
19139, 13746, 71.82, 72, 48.65, 1, 4121
19140, 13746, 71.82, 72, 48.65, 1, 4121
19141, 13747, 71.82, 72, 48.65, 1, 4121
19142, 13748, 71.82, 72, 48.65, 1, 4121
19143, 13749, 71.82, 72, 48.65, 1, 4121
19144, 13750, 71.82, 72, 48.65, 1, 4121
19145, 13750, 71.82, 72, 48.65, 1, 4122
19146, 13750, 71.82, 72, 48.65, 1, 4123
19147, 13751, 71.82, 72, 48.65, 1, 4123
19148, 13752, 71.82, 72, 48.65, 1, 4123
19149, 13753, 71.82, 72, 48.65, 1, 4123
19150, 13753, 71.82, 72, 48.65, 1, 4124
19151, 13754, 71.82, 72, 48.65, 1, 4124
19152, 13755, 71.82, 72, 48.65, 1, 4124
19153, 13755, 71.82, 72, 48.65, 1, 4125
19154, 13756, 71.82, 72, 48.65, 1, 4125
19155, 13757, 71.82, 72, 48.65, 1, 4125
19156, 13758, 71.82, 72, 48.65, 1, 4125
19157, 13759, 71.82, 72, 48.65, 1, 4125
19158, 13760, 71.82, 72, 48.65, 1, 4125
19159, 13761, 71.83, 72, 48.65, 1, 4125
19160, 13762, 71.83, 72, 48.65, 1, 4125
19161, 13763, 71.83, 72, 48.65, 1, 4125
19162, 13764, 71.83, 72, 48.65, 1, 4125
19163, 13765, 71.83, 72, 48.65, 1, 4125
19164, 13766, 71.83, 72, 48.65, 1, 4125
19165, 13767, 71.83, 72, 48.65, 1, 4125
19166, 13767, 71.83, 72, 48.65, 1, 4126
19167, 13768, 71.83, 72, 48.65, 1, 4126
19168, 13769, 71.83, 72, 48.65, 1, 4126
19169, 13770, 71.83, 72, 48.65, 1, 4126
19170, 13771, 71.84, 72, 48.65, 1, 4126
19171, 13772, 71.84, 72, 48.65, 1, 4126
19172, 13773, 71.84, 72, 48.65, 1, 4126
19173, 13774, 71.84, 72, 48.65, 1, 4126
19174, 13775, 71.84, 72, 48.65, 1, 4126
19175, 13776, 71.84, 72, 48.65, 1, 4126
19176, 13777, 71.85, 72, 48.65, 1, 4126
19177, 13777, 71.84, 72, 48.65, 1, 4127
19178, 13777, 71.84, 72, 48.65, 1, 4128
19179, 13778, 71.84, 72, 48.65, 1, 4128
19180, 13778, 71.84, 72, 48.65, 1, 4128
19181, 13779, 71.84, 72, 48.65, 1, 4128
19182, 13780, 71.84, 72, 48.65, 1, 4128
19183, 13781, 71.84, 72, 48.65, 1, 4128
19184, 13782, 71.84, 72, 48.65, 1, 4128
19185, 13782, 71.84, 72, 48.65, 1, 4129
19186, 13783, 71.84, 72, 48.65, 1, 4129
19187, 13783, 71.84, 72, 48.65, 1, 4130
19188, 13784, 71.84, 72, 48.65, 1, 4130
19189, 13785, 71.84, 72, 48.65, 1, 4130
19190, 13785, 71.83, 72, 48.65, 1, 4131
19191, 13786, 71.84, 72, 48.65, 1, 4131
19192, 13787, 71.84, 72, 48.65, 1, 4131
19193, 13788, 71.84, 72, 48.65, 1, 4131
19194, 13789, 71.84, 72, 48.65, 1, 4131
19195, 13790, 71.84, 72, 48.65, 1, 4131
19196, 13790, 71.84, 72, 48.65, 1, 4132
19197, 13790, 71.83, 72, 48.65, 1, 4133
19198, 13790, 71.83, 72, 48.65, 1, 4134
19199, 13791, 71.83, 72, 48.65, 1, 4134
19200, 13792, 71.83, 72, 48.65, 1, 4134
19201, 13792, 71.83, 72, 48.65, 1, 4135
19202, 13792, 71.83, 72, 48.65, 1, 4136
19203, 13792, 71.82, 72, 48.65, 1, 4137
19204, 13793, 71.82, 72, 48.65, 1, 4137
19205, 13793, 71.82, 72, 48.65, 1, 4138
19206, 13794, 71.82, 72, 48.65, 1, 4138
19207, 13794, 71.82, 72, 48.65, 1, 4139
19208, 13794, 71.81, 72, 48.65, 1, 4140
19209, 13795, 71.82, 72, 48.65, 1, 4140
19210, 13795, 71.81, 72, 48.65, 1, 4141
19211, 13796, 71.81, 72, 48.65, 1, 4141
19212, 13797, 71.81, 72, 48.65, 1, 4141
19213, 13798, 71.82, 72, 48.65, 1, 4141
19214, 13799, 71.82, 72, 48.65, 1, 4141
19215, 13799, 71.81, 72, 48.65, 1, 4142
19216, 13799, 71.81, 72, 48.65, 1, 4143
19217, 13800, 71.81, 72, 48.65, 1, 4143
19218, 13801, 71.81, 72, 48.65, 1, 4143
19219, 13802, 71.81, 72, 48.65, 1, 4143
19220, 13802, 71.81, 72, 48.65, 1, 4144
19221, 13803, 71.81, 72, 48.65, 1, 4144
19222, 13803, 71.81, 72, 48.65, 1, 4145
19223, 13804, 71.81, 72, 48.65, 1, 4145
19224, 13805, 71.81, 72, 48.65, 1, 4145
19225, 13806, 71.81, 72, 48.65, 1, 4145
19226, 13807, 71.81, 72, 48.65, 1, 4145
19227, 13808, 71.82, 72, 48.65, 1, 4145
19228, 13809, 71.82, 72, 48.65, 1, 4145
19229, 13810, 71.82, 72, 48.65, 1, 4145
19230, 13811, 71.82, 72, 48.65, 1, 4145
19231, 13811, 71.82, 72, 48.65, 1, 4146
19232, 13811, 71.81, 72, 48.65, 1, 4146
19233, 13811, 71.81, 72, 48.65, 1, 4146
19234, 13812, 71.81, 72, 48.65, 1, 4146
19235, 13812, 71.81, 72, 48.65, 1, 4146
19236, 13813, 71.81, 72, 48.65, 1, 4146
19237, 13814, 71.81, 72, 48.65, 1, 4146
19238, 13815, 71.81, 72, 48.65, 1, 4146
19239, 13816, 71.81, 72, 48.65, 1, 4146
19240, 13817, 71.81, 72, 48.65, 1, 4146
19241, 13818, 71.82, 72, 48.65, 1, 4146
19242, 13818, 71.81, 72, 48.65, 1, 4146
19243, 13819, 71.81, 72, 48.65, 1, 4146
19244, 13820, 71.81, 72, 48.65, 1, 4146
19245, 13821, 71.82, 72, 48.65, 1, 4146
19246, 13822, 71.82, 72, 48.65, 1, 4146
19247, 13822, 71.81, 72, 48.65, 1, 4146
19248, 13823, 71.82, 72, 48.65, 1, 4146
19249, 13824, 71.82, 72, 48.65, 1, 4146
19250, 13825, 71.82, 72, 48.65, 1, 4146
19251, 13826, 71.82, 72, 48.65, 1, 4146
19252, 13827, 71.82, 72, 48.65, 1, 4146
19253, 13828, 71.82, 72, 48.65, 1, 4146
19254, 13829, 71.82, 72, 48.65, 1, 4146
19255, 13830, 71.83, 72, 48.65, 1, 4146
19256, 13831, 71.83, 72, 48.65, 1, 4146
19257, 13832, 71.83, 72, 48.65, 1, 4146
19258, 13832, 71.82, 72, 48.65, 1, 4146
19259, 13833, 71.83, 72, 48.65, 1, 4146
19260, 13833, 71.82, 72, 48.65, 1, 4147
19261, 13833, 71.82, 72, 48.65, 1, 4148
19262, 13833, 71.81, 72, 48.65, 1, 4149
19263, 13833, 71.81, 72, 48.65, 1, 4150
19264, 13833, 71.81, 72, 48.65, 1, 4151
19265, 13834, 71.81, 72, 48.65, 1, 4151
19266, 13835, 71.81, 72, 48.65, 1, 4151
19267, 13836, 71.81, 72, 48.65, 1, 4151
19268, 13837, 71.81, 72, 48.65, 1, 4151
19269, 13837, 71.81, 72, 48.65, 1, 4152
19270, 13838, 71.81, 72, 48.65, 1, 4152
19271, 13838, 71.81, 72, 48.65, 1, 4153
19272, 13839, 71.81, 72, 48.65, 1, 4153
19273, 13840, 71.81, 72, 48.65, 1, 4153
19274, 13841, 71.81, 72, 48.65, 1, 4153
19275, 13842, 71.81, 72, 48.65, 1, 4153
19276, 13843, 71.81, 72, 48.65, 1, 4153
19277, 13843, 71.81, 72, 48.65, 1, 4154
19278, 13844, 71.81, 72, 48.65, 1, 4154
19279, 13845, 71.81, 72, 48.65, 1, 4154
19280, 13845, 71.81, 72, 48.65, 1, 4155
19281, 13846, 71.81, 72, 48.65, 1, 4155
19282, 13847, 71.81, 72, 48.65, 1, 4155
19283, 13848, 71.81, 72, 48.65, 1, 4155
19284, 13849, 71.82, 72, 48.65, 1, 4155
19285, 13850, 71.82, 72, 48.65, 1, 4155
19286, 13851, 71.82, 72, 48.65, 1, 4155
19287, 13852, 71.82, 72, 48.65, 1, 4155
19288, 13853, 71.82, 72, 48.65, 1, 4155
19289, 13854, 71.82, 72, 48.65, 1, 4155
19290, 13855, 71.82, 72, 48.65, 1, 4155
19291, 13856, 71.83, 72, 48.65, 1, 4155
19292, 13857, 71.83, 72, 48.65, 1, 4155
19293, 13857, 71.82, 72, 48.65, 1, 4156
19294, 13858, 71.83, 72, 48.65, 1, 4156
19295, 13859, 71.83, 72, 48.65, 1, 4156
19296, 13860, 71.83, 72, 48.65, 1, 4156
19297, 13861, 71.83, 72, 48.65, 1, 4156
19298, 13861, 71.83, 72, 48.65, 1, 4157
19299, 13862, 71.83, 72, 48.65, 1, 4157
19300, 13863, 71.83, 72, 48.65, 1, 4157
19301, 13863, 71.83, 72, 48.65, 1, 4158
19302, 13863, 71.82, 72, 48.65, 1, 4159
19303, 13863, 71.82, 72, 48.65, 1, 4160
19304, 13864, 71.82, 72, 48.65, 1, 4160
19305, 13864, 71.82, 72, 48.65, 1, 4161
19306, 13864, 71.81, 72, 48.65, 1, 4162
19307, 13865, 71.81, 72, 48.65, 1, 4162
19308, 13866, 71.81, 72, 48.65, 1, 4162
19309, 13867, 71.82, 72, 48.65, 1, 4162
19310, 13867, 71.81, 72, 48.65, 1, 4163
19311, 13868, 71.81, 72, 48.65, 1, 4163
19312, 13869, 71.82, 72, 48.65, 1, 4163
19313, 13870, 71.82, 72, 48.65, 1, 4163
19314, 13871, 71.82, 72, 48.65, 1, 4163
19315, 13871, 71.81, 72, 48.65, 1, 4163
19316, 13872, 71.82, 72, 48.65, 1, 4163
19317, 13872, 71.81, 72, 48.65, 1, 4163
19318, 13873, 71.81, 72, 48.65, 1, 4163
19319, 13874, 71.82, 72, 48.65, 1, 4163
19320, 13874, 71.81, 72, 48.65, 1, 4164
19321, 13874, 71.81, 72, 48.65, 1, 4165
19322, 13875, 71.81, 72, 48.65, 1, 4165
19323, 13875, 71.81, 72, 48.65, 1, 4165
19324, 13876, 71.81, 72, 48.65, 1, 4165
19325, 13877, 71.81, 72, 48.65, 1, 4165
19326, 13878, 71.81, 72, 48.65, 1, 4165
19327, 13878, 71.81, 72, 48.65, 1, 4165
19328, 13879, 71.81, 72, 48.65, 1, 4165
19329, 13880, 71.81, 72, 48.65, 1, 4165
19330, 13880, 71.81, 72, 48.65, 1, 4165
19331, 13881, 71.81, 72, 48.65, 1, 4165
19332, 13881, 71.80, 72, 48.65, 1, 4166
19333, 13882, 71.80, 72, 48.65, 1, 4166
19334, 13883, 71.81, 72, 48.65, 1, 4166
19335, 13884, 71.81, 72, 48.65, 1, 4166
19336, 13884, 71.80, 72, 48.65, 1, 4167
19337, 13885, 71.81, 72, 48.65, 1, 4167
19338, 13886, 71.81, 72, 48.65, 1, 4167
19339, 13887, 71.81, 72, 48.65, 1, 4167
19340, 13888, 71.81, 72, 48.65, 1, 4167
19341, 13889, 71.81, 72, 48.65, 1, 4167
19342, 13890, 71.81, 72, 48.65, 1, 4167
19343, 13890, 71.81, 72, 48.65, 1, 4168
19344, 13891, 71.81, 72, 48.65, 1, 4168
19345, 13891, 71.81, 72, 48.65, 1, 4168
19346, 13892, 71.81, 72, 48.65, 1, 4168
19347, 13893, 71.81, 72, 48.65, 1, 4168
19348, 13894, 71.81, 72, 48.65, 1, 4168
19349, 13895, 71.81, 72, 48.65, 1, 4168
19350, 13895, 71.81, 72, 48.65, 1, 4168
19351, 13896, 71.81, 72, 48.65, 1, 4168
19352, 13896, 71.81, 72, 48.65, 1, 4168
19353, 13897, 71.81, 72, 48.65, 1, 4168
19354, 13898, 71.81, 72, 48.65, 1, 4168
19355, 13899, 71.81, 72, 48.65, 1, 4168
19356, 13899, 71.81, 72, 48.65, 1, 4168
19357, 13900, 71.81, 72, 48.65, 1, 4168
19358, 13901, 71.81, 72, 48.65, 1, 4168
19359, 13901, 71.81, 72, 48.65, 1, 4168
19360, 13901, 71.80, 72, 48.65, 1, 4169
19361, 13902, 71.80, 72, 48.65, 1, 4169
19362, 13903, 71.81, 72, 48.65, 1, 4169
19363, 13904, 71.81, 72, 48.65, 1, 4169
19364, 13904, 71.80, 72, 48.65, 1, 4170
19365, 13905, 71.80, 72, 48.65, 1, 4170
19366, 13906, 71.81, 72, 48.65, 1, 4170
19367, 13907, 71.81, 72, 48.65, 1, 4170
19368, 13907, 71.80, 72, 48.65, 1, 4171
19369, 13908, 71.81, 72, 48.65, 1, 4171
19370, 13908, 71.80, 72, 48.65, 1, 4172
19371, 13909, 71.80, 72, 48.65, 1, 4172
19372, 13910, 71.80, 72, 48.65, 1, 4172
19373, 13910, 71.80, 72, 48.65, 1, 4173
19374, 13910, 71.80, 72, 48.65, 1, 4173
19375, 13911, 71.80, 72, 48.65, 1, 4173
19376, 13912, 71.80, 72, 48.65, 1, 4173
19377, 13912, 71.80, 72, 48.65, 1, 4174
19378, 13913, 71.80, 72, 48.65, 1, 4174
19379, 13914, 71.80, 72, 48.65, 1, 4174
19380, 13915, 71.80, 72, 48.65, 1, 4174
19381, 13916, 71.80, 72, 48.65, 1, 4174
19382, 13917, 71.80, 72, 48.65, 1, 4174
19383, 13917, 71.80, 72, 48.65, 1, 4175
19384, 13918, 71.80, 72, 48.65, 1, 4175
19385, 13919, 71.80, 72, 48.65, 1, 4175
19386, 13920, 71.80, 72, 48.65, 1, 4175
19387, 13921, 71.81, 72, 48.65, 1, 4175
19388, 13921, 71.80, 72, 48.65, 1, 4176
19389, 13922, 71.80, 72, 48.65, 1, 4176
19390, 13923, 71.81, 72, 48.65, 1, 4176
19391, 13923, 71.80, 72, 48.65, 1, 4177
19392, 13924, 71.80, 72, 48.65, 1, 4177
19393, 13924, 71.80, 72, 48.65, 1, 4178
19394, 13925, 71.80, 72, 48.65, 1, 4178
19395, 13926, 71.80, 72, 48.65, 1, 4178
19396, 13926, 71.80, 72, 48.65, 1, 4179
19397, 13926, 71.79, 72, 48.65, 1, 4180
19398, 13927, 71.80, 72, 48.65, 1, 4180
19399, 13928, 71.80, 72, 48.65, 1, 4180
19400, 13929, 71.80, 72, 48.65, 1, 4180
19401, 13929, 71.80, 72, 48.65, 1, 4181
19402, 13930, 71.80, 72, 48.65, 1, 4181
19403, 13931, 71.80, 72, 48.65, 1, 4181
19404, 13932, 71.80, 72, 48.65, 1, 4181
19405, 13933, 71.80, 72, 48.65, 1, 4181
19406, 13934, 71.80, 72, 48.65, 1, 4181
19407, 13935, 71.80, 72, 48.65, 1, 4181
19408, 13935, 71.80, 72, 48.65, 1, 4182
19409, 13936, 71.80, 72, 48.65, 1, 4182
19410, 13937, 71.80, 72, 48.65, 1, 4182
19411, 13938, 71.80, 72, 48.65, 1, 4182
19412, 13939, 71.81, 72, 48.65, 1, 4182
19413, 13940, 71.81, 72, 48.65, 1, 4182
19414, 13940, 71.80, 72, 48.65, 1, 4183
19415, 13940, 71.80, 72, 48.65, 1, 4184
19416, 13941, 71.80, 72, 48.65, 1, 4184
19417, 13942, 71.80, 72, 48.65, 1, 4184
19418, 13943, 71.80, 72, 48.65, 1, 4184
19419, 13944, 71.81, 72, 48.65, 1, 4184
19420, 13944, 71.80, 72, 48.65, 1, 4184
19421, 13945, 71.80, 72, 48.65, 1, 4184
19422, 13946, 71.81, 72, 48.65, 1, 4184
19423, 13947, 71.81, 72, 48.65, 1, 4184
19424, 13947, 71.80, 72, 48.65, 1, 4185
19425, 13948, 71.80, 72, 48.65, 1, 4185
19426, 13949, 71.81, 72, 48.65, 1, 4185
19427, 13950, 71.81, 72, 48.65, 1, 4185
19428, 13950, 71.80, 72, 48.65, 1, 4186
19429, 13950, 71.80, 72, 48.65, 1, 4187
19430, 13951, 71.80, 72, 48.65, 1, 4187
19431, 13952, 71.80, 72, 48.65, 1, 4187
19432, 13953, 71.80, 72, 48.65, 1, 4187
19433, 13954, 71.81, 72, 48.65, 1, 4187
19434, 13955, 71.81, 72, 48.65, 1, 4187
19435, 13956, 71.81, 72, 48.65, 1, 4187
19436, 13957, 71.81, 72, 48.65, 1, 4187
19437, 13957, 71.81, 72, 48.65, 1, 4187
19438, 13957, 71.80, 72, 48.65, 1, 4188
19439, 13957, 71.80, 72, 48.65, 1, 4189
19440, 13958, 71.80, 72, 48.65, 1, 4189
19441, 13958, 71.80, 72, 48.65, 1, 4189
19442, 13959, 71.80, 72, 48.65, 1, 4189
19443, 13960, 71.80, 72, 48.65, 1, 4189
19444, 13960, 71.80, 72, 48.65, 1, 4190
19445, 13961, 71.80, 72, 48.65, 1, 4190
19446, 13961, 71.79, 72, 48.65, 1, 4191
19447, 13962, 71.80, 72, 48.65, 1, 4191
19448, 13963, 71.80, 72, 48.65, 1, 4191
19449, 13963, 71.79, 72, 48.65, 1, 4192
19450, 13964, 71.79, 72, 48.65, 1, 4192
19451, 13965, 71.80, 72, 48.65, 1, 4192
19452, 13965, 71.79, 72, 48.65, 1, 4193
19453, 13965, 71.79, 72, 48.65, 1, 4193
19454, 13966, 71.79, 72, 48.65, 1, 4193
19455, 13966, 71.79, 72, 48.65, 1, 4194
19456, 13966, 71.78, 72, 48.65, 1, 4195
19457, 13966, 71.78, 72, 48.65, 1, 4196
19458, 13967, 71.78, 72, 48.65, 1, 4196
19459, 13967, 71.78, 72, 48.65, 1, 4196
19460, 13968, 71.78, 72, 48.65, 1, 4196
19461, 13969, 71.78, 72, 48.65, 1, 4196
19462, 13970, 71.78, 72, 48.65, 1, 4196
19463, 13971, 71.78, 72, 48.65, 1, 4196
19464, 13971, 71.78, 72, 48.65, 1, 4196
19465, 13972, 71.78, 72, 48.65, 1, 4196
19466, 13973, 71.78, 72, 48.65, 1, 4196
19467, 13974, 71.78, 72, 48.65, 1, 4196
19468, 13974, 71.78, 72, 48.65, 1, 4196
19469, 13975, 71.78, 72, 48.65, 1, 4196
19470, 13975, 71.78, 72, 48.65, 1, 4197
19471, 13975, 71.77, 72, 48.65, 1, 4198
19472, 13975, 71.77, 72, 48.65, 1, 4199
19473, 13975, 71.77, 72, 48.65, 1, 4200
19474, 13975, 71.76, 72, 48.65, 1, 4201
19475, 13976, 71.76, 72, 48.65, 1, 4201
19476, 13977, 71.77, 72, 48.65, 1, 4201
19477, 13978, 71.77, 72, 48.65, 1, 4201
19478, 13978, 71.76, 72, 48.65, 1, 4202
19479, 13979, 71.76, 72, 48.65, 1, 4202
19480, 13980, 71.77, 72, 48.65, 1, 4202
19481, 13980, 71.76, 72, 48.65, 1, 4203
19482, 13981, 71.76, 72, 48.65, 1, 4203
19483, 13982, 71.77, 72, 48.65, 1, 4203
19484, 13982, 71.76, 72, 48.65, 1, 4203
19485, 13983, 71.76, 72, 48.65, 1, 4203
19486, 13984, 71.76, 72, 48.65, 1, 4203
19487, 13985, 71.77, 72, 48.65, 1, 4203
19488, 13985, 71.76, 72, 48.65, 1, 4203
19489, 13985, 71.76, 72, 48.65, 1, 4203
19490, 13986, 71.76, 72, 48.65, 1, 4203
19491, 13986, 71.76, 72, 48.65, 1, 4203
19492, 13987, 71.76, 72, 48.65, 1, 4203
19493, 13987, 71.75, 72, 48.65, 1, 4203
19494, 13987, 71.75, 72, 48.65, 1, 4204
19495, 13988, 71.75, 72, 48.65, 1, 4204
19496, 13989, 71.75, 72, 48.65, 1, 4204
19497, 13990, 71.75, 72, 48.65, 1, 4204
19498, 13990, 71.75, 72, 48.65, 1, 4205
19499, 13991, 71.75, 72, 48.65, 1, 4205
19500, 13991, 71.75, 72, 48.65, 1, 4206
19501, 13992, 71.75, 72, 48.65, 1, 4206
19502, 13992, 71.75, 72, 48.65, 1, 4207
19503, 13993, 71.75, 72, 48.65, 1, 4207
19504, 13993, 71.74, 72, 48.65, 1, 4208
19505, 13994, 71.75, 72, 48.65, 1, 4208
19506, 13995, 71.75, 72, 48.65, 1, 4208
19507, 13996, 71.75, 72, 48.65, 1, 4208
19508, 13997, 71.75, 72, 48.65, 1, 4208
19509, 13998, 71.75, 72, 48.65, 1, 4208
19510, 13998, 71.75, 72, 48.65, 1, 4209
19511, 13999, 71.75, 72, 48.65, 1, 4209
19512, 14000, 71.75, 72, 48.65, 1, 4209
19513, 14000, 71.75, 72, 48.65, 1, 4210
19514, 14001, 71.75, 72, 48.65, 1, 4210
19515, 14002, 71.75, 72, 48.65, 1, 4210
19516, 14003, 71.75, 72, 48.65, 1, 4210
19517, 14004, 71.75, 72, 48.65, 1, 4210
19518, 14004, 71.75, 72, 48.65, 1, 4211
19519, 14005, 71.75, 72, 48.65, 1, 4211
19520, 14006, 71.75, 72, 48.65, 1, 4211
19521, 14007, 71.75, 72, 48.65, 1, 4211
19522, 14008, 71.75, 72, 48.65, 1, 4211
19523, 14009, 71.76, 72, 48.65, 1, 4211
19524, 14010, 71.76, 72, 48.65, 1, 4211
19525, 14011, 71.76, 72, 48.65, 1, 4211
19526, 14011, 71.76, 72, 48.65, 1, 4212
19527, 14011, 71.75, 72, 48.65, 1, 4213
19528, 14011, 71.75, 72, 48.65, 1, 4214
19529, 14011, 71.74, 72, 48.65, 1, 4215
19530, 14011, 71.74, 72, 48.65, 1, 4216
19531, 14011, 71.74, 72, 48.65, 1, 4217
19532, 14011, 71.73, 72, 48.65, 1, 4218
19533, 14011, 71.73, 72, 48.65, 1, 4219
19534, 14011, 71.73, 72, 48.65, 1, 4220
19535, 14011, 71.72, 72, 48.65, 1, 4221
19536, 14012, 71.72, 72, 48.65, 1, 4221
19537, 14012, 71.72, 72, 48.65, 1, 4221
19538, 14013, 71.72, 72, 48.65, 1, 4221
19539, 14014, 71.72, 72, 48.65, 1, 4221
19540, 14014, 71.72, 72, 48.65, 1, 4221
19541, 14015, 71.72, 72, 48.65, 1, 4221
19542, 14016, 71.72, 72, 48.65, 1, 4221
19543, 14017, 71.72, 72, 48.65, 1, 4221
19544, 14018, 71.73, 72, 48.65, 1, 4221
19545, 14018, 71.72, 72, 48.65, 1, 4222
19546, 14019, 71.72, 72, 48.65, 1, 4222
19547, 14020, 71.72, 72, 48.65, 1, 4222
19548, 14020, 71.72, 72, 48.65, 1, 4223
19549, 14021, 71.72, 72, 48.65, 1, 4223
19550, 14022, 71.72, 72, 48.65, 1, 4223
19551, 14022, 71.72, 72, 48.65, 1, 4223
19552, 14022, 71.72, 72, 48.65, 1, 4223
19553, 14023, 71.72, 72, 48.65, 1, 4223
19554, 14024, 71.72, 72, 48.65, 1, 4223
19555, 14024, 71.72, 72, 48.65, 1, 4224
19556, 14024, 71.71, 72, 48.65, 1, 4225
19557, 14025, 71.71, 72, 48.65, 1, 4225
19558, 14026, 71.71, 72, 48.65, 1, 4225
19559, 14027, 71.72, 72, 48.65, 1, 4225
19560, 14028, 71.72, 72, 48.65, 1, 4225
19561, 14028, 71.71, 72, 48.65, 1, 4226
19562, 14029, 71.72, 72, 48.65, 1, 4226
19563, 14029, 71.71, 72, 48.65, 1, 4227
19564, 14030, 71.71, 72, 48.65, 1, 4227
19565, 14030, 71.71, 72, 48.65, 1, 4227
19566, 14031, 71.71, 72, 48.65, 1, 4227
19567, 14032, 71.71, 72, 48.65, 1, 4227
19568, 14033, 71.71, 72, 48.65, 1, 4227
19569, 14034, 71.72, 72, 48.65, 1, 4227
19570, 14034, 71.71, 72, 48.65, 1, 4228
19571, 14034, 71.71, 72, 48.65, 1, 4229
19572, 14035, 71.71, 72, 48.65, 1, 4229
19573, 14036, 71.71, 72, 48.65, 1, 4229
19574, 14036, 71.71, 72, 48.65, 1, 4230
19575, 14037, 71.71, 72, 48.65, 1, 4230
19576, 14038, 71.71, 72, 48.65, 1, 4230
19577, 14039, 71.71, 72, 48.65, 1, 4230
19578, 14040, 71.71, 72, 48.65, 1, 4230
19579, 14041, 71.71, 72, 48.65, 1, 4230
19580, 14042, 71.72, 72, 48.65, 1, 4230
19581, 14042, 71.71, 72, 48.65, 1, 4231
19582, 14043, 71.71, 72, 48.65, 1, 4231
19583, 14044, 71.72, 72, 48.65, 1, 4231
19584, 14045, 71.72, 72, 48.65, 1, 4231
19585, 14045, 71.71, 72, 48.65, 1, 4232
19586, 14045, 71.71, 72, 48.65, 1, 4233
19587, 14046, 71.71, 72, 48.65, 1, 4233
19588, 14047, 71.71, 72, 48.65, 1, 4233
19589, 14047, 71.71, 72, 48.65, 1, 4234
19590, 14048, 71.71, 72, 48.65, 1, 4234
19591, 14048, 71.71, 72, 48.65, 1, 4235
19592, 14049, 71.71, 72, 48.65, 1, 4235
19593, 14049, 71.70, 72, 48.65, 1, 4236
19594, 14050, 71.71, 72, 48.65, 1, 4236
19595, 14051, 71.71, 72, 48.65, 1, 4236
19596, 14052, 71.71, 72, 48.65, 1, 4236
19597, 14053, 71.71, 72, 48.65, 1, 4236
19598, 14053, 71.71, 72, 48.65, 1, 4236
19599, 14054, 71.71, 72, 48.65, 1, 4236
19600, 14055, 71.71, 72, 48.65, 1, 4236
19601, 14056, 71.71, 72, 48.65, 1, 4236
19602, 14057, 71.71, 72, 48.65, 1, 4236
19603, 14058, 71.71, 72, 48.65, 1, 4236
19604, 14059, 71.71, 72, 48.65, 1, 4236
19605, 14059, 71.71, 72, 48.65, 1, 4236
19606, 14060, 71.71, 72, 48.65, 1, 4236
19607, 14060, 71.71, 72, 48.65, 1, 4236
19608, 14061, 71.71, 72, 48.65, 1, 4236
19609, 14061, 71.71, 72, 48.65, 1, 4237
19610, 14061, 71.70, 72, 48.65, 1, 4238
19611, 14062, 71.70, 72, 48.65, 1, 4238
19612, 14062, 71.70, 72, 48.65, 1, 4238
19613, 14063, 71.70, 72, 48.65, 1, 4238
19614, 14064, 71.70, 72, 48.65, 1, 4238
19615, 14064, 71.70, 72, 48.65, 1, 4238
19616, 14065, 71.70, 72, 48.65, 1, 4238
19617, 14066, 71.70, 72, 48.65, 1, 4238
19618, 14066, 71.70, 72, 48.65, 1, 4239
19619, 14066, 71.70, 72, 48.65, 1, 4240
19620, 14067, 71.70, 72, 48.65, 1, 4240
19621, 14067, 71.69, 72, 48.65, 1, 4241
19622, 14067, 71.69, 72, 48.65, 1, 4242
19623, 14068, 71.69, 72, 48.65, 1, 4242
19624, 14068, 71.69, 72, 48.65, 1, 4242
19625, 14069, 71.69, 72, 48.65, 1, 4242
19626, 14070, 71.69, 72, 48.65, 1, 4242
19627, 14071, 71.69, 72, 48.65, 1, 4242
19628, 14072, 71.69, 72, 48.65, 1, 4242
19629, 14072, 71.69, 72, 48.65, 1, 4242
19630, 14072, 71.69, 72, 48.65, 1, 4242
19631, 14073, 71.69, 72, 48.65, 1, 4242
19632, 14074, 71.69, 72, 48.65, 1, 4242
19633, 14075, 71.69, 72, 48.65, 1, 4242
19634, 14075, 71.69, 72, 48.65, 1, 4242
19635, 14076, 71.69, 72, 48.65, 1, 4242
19636, 14076, 71.68, 72, 48.65, 1, 4242
19637, 14077, 71.69, 72, 48.65, 1, 4242
19638, 14078, 71.69, 72, 48.65, 1, 4242
19639, 14079, 71.69, 72, 48.65, 1, 4242
19640, 14080, 71.69, 72, 48.65, 1, 4242
19641, 14080, 71.69, 72, 48.65, 1, 4242
19642, 14081, 71.69, 72, 48.65, 1, 4242
19643, 14081, 71.68, 72, 48.65, 1, 4243
19644, 14082, 71.69, 72, 48.65, 1, 4243
19645, 14083, 71.69, 72, 48.65, 1, 4243
19646, 14083, 71.68, 72, 48.65, 1, 4244
19647, 14084, 71.69, 72, 48.65, 1, 4244
19648, 14085, 71.69, 72, 48.65, 1, 4244
19649, 14086, 71.69, 72, 48.65, 1, 4244
19650, 14086, 71.68, 72, 48.65, 1, 4245
19651, 14087, 71.69, 72, 48.65, 1, 4245
19652, 14088, 71.69, 72, 48.65, 1, 4245
19653, 14089, 71.69, 72, 48.65, 1, 4245
19654, 14089, 71.69, 72, 48.65, 1, 4246
19655, 14089, 71.68, 72, 48.65, 1, 4247
19656, 14090, 71.68, 72, 48.65, 1, 4247
19657, 14090, 71.68, 72, 48.65, 1, 4248
19658, 14091, 71.68, 72, 48.65, 1, 4248
19659, 14091, 71.68, 72, 48.65, 1, 4249
19660, 14092, 71.68, 72, 48.65, 1, 4249
19661, 14093, 71.68, 72, 48.65, 1, 4249
19662, 14093, 71.68, 72, 48.65, 1, 4250
19663, 14094, 71.68, 72, 48.65, 1, 4250
19664, 14094, 71.67, 72, 48.65, 1, 4251
19665, 14095, 71.68, 72, 48.65, 1, 4251
19666, 14096, 71.68, 72, 48.65, 1, 4251
19667, 14097, 71.68, 72, 48.65, 1, 4251
19668, 14098, 71.68, 72, 48.65, 1, 4251
19669, 14099, 71.68, 72, 48.65, 1, 4251
19670, 14100, 71.68, 72, 48.65, 1, 4251
19671, 14100, 71.68, 72, 48.65, 1, 4252
19672, 14101, 71.68, 72, 48.65, 1, 4252
19673, 14102, 71.68, 72, 48.65, 1, 4252
19674, 14103, 71.68, 72, 48.65, 1, 4252
19675, 14103, 71.68, 72, 48.65, 1, 4253
19676, 14104, 71.68, 72, 48.65, 1, 4253
19677, 14105, 71.68, 72, 48.65, 1, 4253
19678, 14106, 71.68, 72, 48.65, 1, 4253
19679, 14107, 71.69, 72, 48.65, 1, 4253
19680, 14108, 71.69, 72, 48.65, 1, 4253
19681, 14108, 71.68, 72, 48.65, 1, 4254
19682, 14109, 71.68, 72, 48.65, 1, 4254
19683, 14109, 71.68, 72, 48.65, 1, 4255
19684, 14110, 71.68, 72, 48.65, 1, 4255
19685, 14111, 71.68, 72, 48.65, 1, 4255
19686, 14112, 71.69, 72, 48.65, 1, 4255
19687, 14112, 71.68, 72, 48.65, 1, 4256
19688, 14112, 71.68, 72, 48.65, 1, 4256
19689, 14112, 71.67, 72, 48.65, 1, 4257
19690, 14113, 71.68, 72, 48.65, 1, 4257
19691, 14114, 71.68, 72, 48.65, 1, 4257
19692, 14115, 71.68, 72, 48.65, 1, 4257
19693, 14115, 71.68, 72, 48.65, 1, 4258
19694, 14115, 71.67, 72, 48.65, 1, 4259
19695, 14116, 71.67, 72, 48.65, 1, 4259
19696, 14117, 71.67, 72, 48.65, 1, 4259
19697, 14118, 71.68, 72, 48.65, 1, 4259
19698, 14118, 71.67, 72, 48.65, 1, 4260
19699, 14118, 71.67, 72, 48.65, 1, 4261
19700, 14119, 71.67, 72, 48.65, 1, 4261
19701, 14119, 71.67, 72, 48.65, 1, 4262
19702, 14120, 71.67, 72, 48.65, 1, 4262
19703, 14120, 71.66, 72, 48.65, 1, 4262
19704, 14120, 71.66, 72, 48.65, 1, 4263
19705, 14121, 71.66, 72, 48.65, 1, 4263
19706, 14121, 71.66, 72, 48.65, 1, 4264
19707, 14122, 71.66, 72, 48.65, 1, 4264
19708, 14122, 71.66, 72, 48.65, 1, 4265
19709, 14123, 71.66, 72, 48.65, 1, 4265
19710, 14124, 71.66, 72, 48.65, 1, 4265
19711, 14125, 71.66, 72, 48.65, 1, 4265
19712, 14126, 71.66, 72, 48.65, 1, 4265
19713, 14127, 71.66, 72, 48.65, 1, 4265
19714, 14127, 71.66, 72, 48.65, 1, 4266
19715, 14128, 71.66, 72, 48.65, 1, 4266
19716, 14128, 71.66, 72, 48.65, 1, 4267
19717, 14129, 71.66, 72, 48.65, 1, 4267
19718, 14130, 71.66, 72, 48.65, 1, 4267
19719, 14130, 71.66, 72, 48.65, 1, 4268
19720, 14131, 71.66, 72, 48.65, 1, 4268
19721, 14132, 71.66, 72, 48.65, 1, 4268
19722, 14133, 71.66, 72, 48.65, 1, 4268
19723, 14134, 71.66, 72, 48.65, 1, 4268
19724, 14135, 71.66, 72, 48.65, 1, 4268
19725, 14136, 71.67, 72, 48.65, 1, 4268
19726, 14136, 71.66, 72, 48.65, 1, 4269
19727, 14137, 71.66, 72, 48.65, 1, 4269
19728, 14138, 71.66, 72, 48.65, 1, 4269
19729, 14139, 71.67, 72, 48.65, 1, 4269
19730, 14140, 71.67, 72, 48.65, 1, 4269
19731, 14141, 71.67, 72, 48.65, 1, 4269
19732, 14142, 71.67, 72, 48.65, 1, 4269
19733, 14143, 71.67, 72, 48.65, 1, 4269
19734, 14144, 71.67, 72, 48.65, 1, 4269
19735, 14145, 71.67, 72, 48.65, 1, 4269
19736, 14146, 71.68, 72, 48.65, 1, 4269
19737, 14147, 71.68, 72, 48.65, 1, 4269
19738, 14147, 71.67, 72, 48.65, 1, 4270
19739, 14148, 71.68, 72, 48.65, 1, 4270
19740, 14148, 71.67, 72, 48.65, 1, 4271
19741, 14148, 71.67, 72, 48.65, 1, 4272
19742, 14149, 71.67, 72, 48.65, 1, 4272
19743, 14150, 71.67, 72, 48.65, 1, 4272
19744, 14151, 71.67, 72, 48.65, 1, 4272
19745, 14151, 71.67, 72, 48.65, 1, 4273
19746, 14152, 71.67, 72, 48.65, 1, 4273
19747, 14153, 71.67, 72, 48.65, 1, 4273
19748, 14153, 71.67, 72, 48.65, 1, 4273
19749, 14154, 71.67, 72, 48.65, 1, 4273
19750, 14155, 71.67, 72, 48.65, 1, 4273
19751, 14155, 71.67, 72, 48.65, 1, 4274
19752, 14156, 71.67, 72, 48.65, 1, 4274
19753, 14156, 71.67, 72, 48.65, 1, 4275
19754, 14157, 71.67, 72, 48.65, 1, 4275
19755, 14157, 71.66, 72, 48.65, 1, 4276
19756, 14158, 71.66, 72, 48.65, 1, 4276
19757, 14159, 71.67, 72, 48.65, 1, 4276
19758, 14159, 71.66, 72, 48.65, 1, 4277
19759, 14160, 71.66, 72, 48.65, 1, 4277
19760, 14161, 71.66, 72, 48.65, 1, 4277
19761, 14162, 71.67, 72, 48.65, 1, 4277
19762, 14162, 71.66, 72, 48.65, 1, 4278
19763, 14163, 71.66, 72, 48.65, 1, 4278
19764, 14164, 71.67, 72, 48.65, 1, 4278
19765, 14165, 71.67, 72, 48.65, 1, 4278
19766, 14166, 71.67, 72, 48.65, 1, 4278
19767, 14167, 71.67, 72, 48.65, 1, 4278
19768, 14167, 71.67, 72, 48.65, 1, 4279
19769, 14167, 71.66, 72, 48.65, 1, 4280
19770, 14168, 71.66, 72, 48.65, 1, 4280
19771, 14169, 71.67, 72, 48.65, 1, 4280
19772, 14170, 71.67, 72, 48.65, 1, 4280
19773, 14171, 71.67, 72, 48.65, 1, 4280
19774, 14171, 71.66, 72, 48.65, 1, 4281
19775, 14171, 71.66, 72, 48.65, 1, 4282
19776, 14172, 71.66, 72, 48.65, 1, 4282
19777, 14173, 71.66, 72, 48.65, 1, 4282
19778, 14174, 71.67, 72, 48.65, 1, 4282
19779, 14174, 71.66, 72, 48.65, 1, 4283
19780, 14174, 71.66, 72, 48.65, 1, 4284
19781, 14175, 71.66, 72, 48.65, 1, 4284
19782, 14176, 71.66, 72, 48.65, 1, 4284
19783, 14176, 71.66, 72, 48.65, 1, 4285
19784, 14177, 71.66, 72, 48.65, 1, 4285
19785, 14178, 71.66, 72, 48.65, 1, 4285
19786, 14179, 71.66, 72, 48.65, 1, 4285
19787, 14180, 71.66, 72, 48.65, 1, 4285
19788, 14180, 71.66, 72, 48.65, 1, 4286
19789, 14180, 71.66, 72, 48.65, 1, 4287
19790, 14181, 71.66, 72, 48.65, 1, 4287
19791, 14182, 71.66, 72, 48.65, 1, 4287
19792, 14183, 71.66, 72, 48.65, 1, 4287
19793, 14184, 71.66, 72, 48.65, 1, 4287
19794, 14185, 71.66, 72, 48.65, 1, 4287
19795, 14186, 71.66, 72, 48.65, 1, 4287
19796, 14186, 71.66, 72, 48.65, 1, 4288
19797, 14187, 71.66, 72, 48.65, 1, 4288
19798, 14188, 71.66, 72, 48.65, 1, 4288
19799, 14188, 71.66, 72, 48.65, 1, 4289
19800, 14188, 71.66, 72, 48.65, 1, 4290
19801, 14189, 71.66, 72, 48.65, 1, 4290
19802, 14190, 71.66, 72, 48.65, 1, 4290
19803, 14191, 71.66, 72, 48.65, 1, 4290
19804, 14192, 71.66, 72, 48.65, 1, 4290
19805, 14192, 71.66, 72, 48.65, 1, 4291
19806, 14193, 71.66, 72, 48.65, 1, 4291
19807, 14194, 71.66, 72, 48.65, 1, 4291
19808, 14195, 71.66, 72, 48.65, 1, 4291
19809, 14195, 71.66, 72, 48.65, 1, 4292
19810, 14196, 71.66, 72, 48.65, 1, 4292
19811, 14197, 71.66, 72, 48.65, 1, 4292
19812, 14198, 71.66, 72, 48.65, 1, 4292
19813, 14199, 71.67, 72, 48.65, 1, 4292
19814, 14199, 71.66, 72, 48.65, 1, 4293
19815, 14200, 71.66, 72, 48.65, 1, 4293
19816, 14201, 71.66, 72, 48.65, 1, 4293
19817, 14202, 71.67, 72, 48.65, 1, 4293
19818, 14203, 71.67, 72, 48.65, 1, 4293
19819, 14204, 71.67, 72, 48.65, 1, 4293
19820, 14205, 71.67, 72, 48.65, 1, 4293
19821, 14206, 71.67, 72, 48.65, 1, 4293
19822, 14206, 71.67, 72, 48.65, 1, 4294
19823, 14207, 71.67, 72, 48.65, 1, 4294
19824, 14207, 71.67, 72, 48.65, 1, 4295
19825, 14207, 71.66, 72, 48.65, 1, 4296
19826, 14207, 71.66, 72, 48.65, 1, 4297
19827, 14208, 71.66, 72, 48.65, 1, 4297
19828, 14209, 71.66, 72, 48.65, 1, 4297
19829, 14210, 71.66, 72, 48.65, 1, 4297
19830, 14210, 71.66, 72, 48.65, 1, 4298
19831, 14211, 71.66, 72, 48.65, 1, 4298
19832, 14212, 71.66, 72, 48.65, 1, 4298
19833, 14212, 71.66, 72, 48.65, 1, 4299
19834, 14213, 71.66, 72, 48.65, 1, 4299
19835, 14214, 71.66, 72, 48.65, 1, 4299
19836, 14215, 71.66, 72, 48.65, 1, 4299
19837, 14216, 71.66, 72, 48.65, 1, 4299
19838, 14217, 71.67, 72, 48.65, 1, 4299
19839, 14218, 71.67, 72, 48.65, 1, 4299
19840, 14219, 71.67, 72, 48.65, 1, 4299
19841, 14220, 71.67, 72, 48.65, 1, 4299
19842, 14220, 71.67, 72, 48.65, 1, 4300
19843, 14221, 71.67, 72, 48.65, 1, 4300
19844, 14222, 71.67, 72, 48.65, 1, 4300
19845, 14223, 71.67, 72, 48.65, 1, 4300
19846, 14224, 71.67, 72, 48.65, 1, 4300
19847, 14225, 71.67, 72, 48.65, 1, 4300
19848, 14226, 71.67, 72, 48.65, 1, 4300
19849, 14227, 71.68, 72, 48.65, 1, 4300
19850, 14227, 71.67, 72, 48.65, 1, 4301
19851, 14227, 71.67, 72, 48.65, 1, 4302
19852, 14228, 71.67, 72, 48.65, 1, 4302
19853, 14229, 71.67, 72, 48.65, 1, 4302
19854, 14230, 71.67, 72, 48.65, 1, 4302
19855, 14231, 71.67, 72, 48.65, 1, 4302
19856, 14232, 71.68, 72, 48.65, 1, 4302
19857, 14233, 71.68, 72, 48.65, 1, 4302
19858, 14234, 71.68, 72, 48.65, 1, 4302
19859, 14235, 71.68, 72, 48.65, 1, 4302
19860, 14236, 71.68, 72, 48.65, 1, 4302
19861, 14237, 71.68, 72, 48.65, 1, 4302
19862, 14237, 71.68, 72, 48.65, 1, 4303
19863, 14238, 71.68, 72, 48.65, 1, 4303
19864, 14239, 71.68, 72, 48.65, 1, 4303
19865, 14239, 71.68, 72, 48.65, 1, 4303
19866, 14240, 71.68, 72, 48.65, 1, 4303
19867, 14241, 71.68, 72, 48.65, 1, 4303
19868, 14242, 71.68, 72, 48.65, 1, 4303
19869, 14243, 71.68, 72, 48.65, 1, 4303
19870, 14243, 71.68, 72, 48.65, 1, 4303
19871, 14244, 71.68, 72, 48.65, 1, 4303
19872, 14244, 71.68, 72, 48.65, 1, 4304
19873, 14245, 71.68, 72, 48.65, 1, 4304
19874, 14246, 71.68, 72, 48.65, 1, 4304
19875, 14247, 71.68, 72, 48.65, 1, 4304
19876, 14248, 71.68, 72, 48.65, 1, 4304
19877, 14249, 71.69, 72, 48.65, 1, 4304
19878, 14250, 71.69, 72, 48.65, 1, 4304
19879, 14251, 71.69, 72, 48.65, 1, 4304
19880, 14252, 71.69, 72, 48.65, 1, 4304
19881, 14253, 71.69, 72, 48.65, 1, 4304
19882, 14253, 71.69, 72, 48.65, 1, 4305
19883, 14254, 71.69, 72, 48.65, 1, 4305
19884, 14255, 71.69, 72, 48.65, 1, 4305
19885, 14255, 71.69, 72, 48.65, 1, 4306
19886, 14255, 71.68, 72, 48.65, 1, 4307
19887, 14256, 71.69, 72, 48.65, 1, 4307
19888, 14256, 71.68, 72, 48.65, 1, 4308
19889, 14256, 71.68, 72, 48.65, 1, 4309
19890, 14256, 71.67, 72, 48.65, 1, 4309
19891, 14257, 71.68, 72, 48.65, 1, 4309
19892, 14257, 71.67, 72, 48.65, 1, 4310
19893, 14258, 71.67, 72, 48.65, 1, 4310
19894, 14259, 71.67, 72, 48.65, 1, 4310
19895, 14260, 71.68, 72, 48.65, 1, 4310
19896, 14261, 71.68, 72, 48.65, 1, 4310
19897, 14262, 71.68, 72, 48.65, 1, 4310
19898, 14263, 71.68, 72, 48.65, 1, 4310
19899, 14264, 71.68, 72, 48.65, 1, 4310
19900, 14264, 71.68, 72, 48.65, 1, 4311
19901, 14265, 71.68, 72, 48.65, 1, 4311
19902, 14266, 71.68, 72, 48.65, 1, 4311
19903, 14267, 71.68, 72, 48.65, 1, 4311
19904, 14267, 71.68, 72, 48.65, 1, 4311
19905, 14268, 71.68, 72, 48.65, 1, 4311
19906, 14269, 71.68, 72, 48.65, 1, 4311
19907, 14270, 71.68, 72, 48.65, 1, 4311
19908, 14270, 71.68, 72, 48.65, 1, 4312
19909, 14271, 71.68, 72, 48.65, 1, 4312
19910, 14272, 71.68, 72, 48.65, 1, 4312
19911, 14272, 71.68, 72, 48.65, 1, 4313
19912, 14273, 71.68, 72, 48.65, 1, 4313
19913, 14274, 71.68, 72, 48.65, 1, 4313
19914, 14275, 71.68, 72, 48.65, 1, 4313
19915, 14275, 71.68, 72, 48.65, 1, 4313
19916, 14276, 71.68, 72, 48.65, 1, 4313
19917, 14276, 71.68, 72, 48.65, 1, 4313
19918, 14277, 71.68, 72, 48.65, 1, 4313
19919, 14277, 71.68, 72, 48.65, 1, 4313
19920, 14277, 71.67, 72, 48.65, 1, 4314
19921, 14278, 71.67, 72, 48.65, 1, 4314
19922, 14279, 71.67, 72, 48.65, 1, 4314
19923, 14280, 71.68, 72, 48.65, 1, 4314
19924, 14281, 71.68, 72, 48.65, 1, 4314
19925, 14282, 71.68, 72, 48.65, 1, 4314
19926, 14283, 71.68, 72, 48.65, 1, 4314
19927, 14284, 71.68, 72, 48.65, 1, 4314
19928, 14285, 71.68, 72, 48.65, 1, 4314
19929, 14285, 71.68, 72, 48.65, 1, 4315
19930, 14285, 71.68, 72, 48.65, 1, 4316
19931, 14286, 71.68, 72, 48.65, 1, 4316
19932, 14287, 71.68, 72, 48.65, 1, 4316
19933, 14287, 71.68, 72, 48.65, 1, 4317
19934, 14288, 71.68, 72, 48.65, 1, 4317
19935, 14289, 71.68, 72, 48.65, 1, 4317
19936, 14290, 71.68, 72, 48.65, 1, 4317
19937, 14290, 71.68, 72, 48.65, 1, 4318
19938, 14291, 71.68, 72, 48.65, 1, 4318
19939, 14292, 71.68, 72, 48.65, 1, 4318
19940, 14292, 71.68, 72, 48.65, 1, 4318
19941, 14292, 71.67, 72, 48.65, 1, 4319
19942, 14292, 71.67, 72, 48.65, 1, 4320
19943, 14293, 71.67, 72, 48.65, 1, 4320
19944, 14293, 71.67, 72, 48.65, 1, 4320
19945, 14293, 71.66, 72, 48.65, 1, 4320
19946, 14294, 71.66, 72, 48.65, 1, 4320
19947, 14294, 71.66, 72, 48.65, 1, 4321
19948, 14295, 71.66, 72, 48.65, 1, 4321
19949, 14296, 71.66, 72, 48.65, 1, 4321
19950, 14297, 71.66, 72, 48.65, 1, 4321
19951, 14297, 71.66, 72, 48.65, 1, 4322
19952, 14297, 71.66, 72, 48.65, 1, 4322
19953, 14298, 71.66, 72, 48.65, 1, 4322
19954, 14299, 71.66, 72, 48.65, 1, 4322
19955, 14299, 71.66, 72, 48.65, 1, 4323
19956, 14300, 71.66, 72, 48.65, 1, 4323
19957, 14300, 71.65, 72, 48.65, 1, 4324
19958, 14301, 71.66, 72, 48.65, 1, 4324
19959, 14301, 71.65, 72, 48.65, 1, 4325
19960, 14302, 71.65, 72, 48.65, 1, 4325
19961, 14303, 71.65, 72, 48.65, 1, 4325
19962, 14304, 71.66, 72, 48.65, 1, 4325
19963, 14305, 71.66, 72, 48.65, 1, 4325
19964, 14306, 71.66, 72, 48.65, 1, 4325
19965, 14307, 71.66, 72, 48.65, 1, 4325
19966, 14308, 71.66, 72, 48.65, 1, 4325
19967, 14308, 71.66, 72, 48.65, 1, 4326
19968, 14309, 71.66, 72, 48.65, 1, 4326
19969, 14309, 71.66, 72, 48.65, 1, 4327
19970, 14310, 71.66, 72, 48.65, 1, 4327
19971, 14311, 71.66, 72, 48.65, 1, 4327
19972, 14312, 71.66, 72, 48.65, 1, 4327
19973, 14313, 71.66, 72, 48.65, 1, 4327
19974, 14314, 71.66, 72, 48.65, 1, 4327
19975, 14315, 71.66, 72, 48.65, 1, 4327
19976, 14315, 71.66, 72, 48.65, 1, 4328
19977, 14316, 71.66, 72, 48.65, 1, 4328
19978, 14316, 71.66, 72, 48.65, 1, 4329
19979, 14317, 71.66, 72, 48.65, 1, 4329
19980, 14318, 71.66, 72, 48.65, 1, 4329
19981, 14319, 71.66, 72, 48.65, 1, 4329
19982, 14319, 71.66, 72, 48.65, 1, 4330
19983, 14320, 71.66, 72, 48.65, 1, 4330
19984, 14321, 71.66, 72, 48.65, 1, 4330
19985, 14322, 71.66, 72, 48.65, 1, 4330
19986, 14323, 71.67, 72, 48.65, 1, 4330
19987, 14324, 71.67, 72, 48.65, 1, 4330
19988, 14325, 71.67, 72, 48.65, 1, 4330
19989, 14326, 71.67, 72, 48.65, 1, 4330
19990, 14327, 71.67, 72, 48.65, 1, 4330
19991, 14328, 71.67, 72, 48.65, 1, 4330
19992, 14328, 71.67, 72, 48.65, 1, 4331
19993, 14329, 71.67, 72, 48.65, 1, 4331
19994, 14330, 71.67, 72, 48.65, 1, 4331
19995, 14331, 71.67, 72, 48.65, 1, 4331
19996, 14332, 71.67, 72, 48.65, 1, 4331
19997, 14333, 71.68, 72, 48.65, 1, 4331
19998, 14334, 71.68, 72, 48.65, 1, 4331
19999, 14335, 71.68, 72, 48.65, 1, 4331
20000, 14336, 71.68, 72, 48.65, 1, 4331
20001, 14337, 71.68, 72, 48.65, 1, 4331
20002, 14337, 71.68, 72, 48.65, 1, 4332
20003, 14338, 71.68, 72, 48.65, 1, 4332
20004, 14339, 71.68, 72, 48.65, 1, 4332
20005, 14340, 71.68, 72, 48.65, 1, 4332
20006, 14340, 71.68, 72, 48.65, 1, 4333
20007, 14340, 71.67, 72, 48.65, 1, 4334
20008, 14341, 71.68, 72, 48.65, 1, 4334
20009, 14342, 71.68, 72, 48.65, 1, 4334
20010, 14342, 71.67, 72, 48.65, 1, 4335
20011, 14343, 71.68, 72, 48.65, 1, 4335
20012, 14344, 71.68, 72, 48.65, 1, 4335
20013, 14345, 71.68, 72, 48.65, 1, 4335
20014, 14346, 71.68, 72, 48.65, 1, 4335
20015, 14346, 71.68, 72, 48.65, 1, 4336
20016, 14346, 71.67, 72, 48.65, 1, 4337
20017, 14347, 71.67, 72, 48.65, 1, 4337
20018, 14348, 71.68, 72, 48.65, 1, 4337
20019, 14349, 71.68, 72, 48.65, 1, 4337
20020, 14350, 71.68, 72, 48.65, 1, 4337
20021, 14350, 71.67, 72, 48.65, 1, 4338
20022, 14351, 71.68, 72, 48.65, 1, 4338
20023, 14351, 71.67, 72, 48.65, 1, 4339
20024, 14352, 71.67, 72, 48.65, 1, 4339
20025, 14352, 71.67, 72, 48.65, 1, 4340
20026, 14353, 71.67, 72, 48.65, 1, 4340
20027, 14354, 71.67, 72, 48.65, 1, 4340
20028, 14355, 71.67, 72, 48.65, 1, 4340
20029, 14356, 71.68, 72, 48.65, 1, 4340
20030, 14357, 71.68, 72, 48.65, 1, 4340
20031, 14357, 71.67, 72, 48.65, 1, 4341
20032, 14358, 71.68, 72, 48.65, 1, 4341
20033, 14359, 71.68, 72, 48.65, 1, 4341
20034, 14359, 71.67, 72, 48.65, 1, 4342
20035, 14360, 71.67, 72, 48.65, 1, 4342
20036, 14360, 71.67, 72, 48.65, 1, 4343
20037, 14360, 71.67, 72, 48.65, 1, 4344
20038, 14361, 71.67, 72, 48.65, 1, 4344
20039, 14362, 71.67, 72, 48.65, 1, 4344
20040, 14363, 71.67, 72, 48.65, 1, 4344
20041, 14363, 71.67, 72, 48.65, 1, 4345
20042, 14364, 71.67, 72, 48.65, 1, 4345
20043, 14365, 71.67, 72, 48.65, 1, 4345
20044, 14365, 71.67, 72, 48.65, 1, 4346
20045, 14366, 71.67, 72, 48.65, 1, 4346
20046, 14367, 71.67, 72, 48.65, 1, 4346
20047, 14368, 71.67, 72, 48.65, 1, 4346
20048, 14368, 71.67, 72, 48.65, 1, 4347
20049, 14368, 71.66, 72, 48.65, 1, 4347
20050, 14369, 71.67, 72, 48.65, 1, 4347
20051, 14370, 71.67, 72, 48.65, 1, 4347
20052, 14371, 71.67, 72, 48.65, 1, 4347
20053, 14372, 71.67, 72, 48.65, 1, 4347
20054, 14372, 71.67, 72, 48.65, 1, 4347
20055, 14373, 71.67, 72, 48.65, 1, 4347
20056, 14374, 71.67, 72, 48.65, 1, 4347
20057, 14375, 71.67, 72, 48.65, 1, 4347
20058, 14376, 71.67, 72, 48.65, 1, 4347
20059, 14377, 71.67, 72, 48.65, 1, 4347
20060, 14378, 71.67, 72, 48.65, 1, 4347
20061, 14379, 71.68, 72, 48.65, 1, 4347
20062, 14380, 71.68, 72, 48.65, 1, 4347
20063, 14381, 71.68, 72, 48.65, 1, 4347
20064, 14382, 71.68, 72, 48.65, 1, 4347
20065, 14383, 71.68, 72, 48.65, 1, 4347
20066, 14384, 71.68, 72, 48.65, 1, 4347
20067, 14385, 71.68, 72, 48.65, 1, 4347
20068, 14386, 71.69, 72, 48.65, 1, 4347
20069, 14387, 71.69, 72, 48.65, 1, 4347
20070, 14388, 71.69, 72, 48.65, 1, 4347
20071, 14389, 71.69, 72, 48.65, 1, 4347
20072, 14390, 71.69, 72, 48.65, 1, 4347
20073, 14391, 71.69, 72, 48.65, 1, 4347
20074, 14391, 71.69, 72, 48.65, 1, 4347
20075, 14392, 71.69, 72, 48.65, 1, 4347
20076, 14393, 71.69, 72, 48.65, 1, 4347
20077, 14394, 71.69, 72, 48.65, 1, 4347
20078, 14395, 71.70, 72, 48.65, 1, 4347
20079, 14396, 71.70, 72, 48.65, 1, 4347
20080, 14397, 71.70, 72, 48.65, 1, 4347
20081, 14398, 71.70, 72, 48.65, 1, 4347
20082, 14399, 71.70, 72, 48.65, 1, 4347
20083, 14400, 71.70, 72, 48.65, 1, 4347
20084, 14401, 71.70, 72, 48.65, 1, 4347
20085, 14401, 71.70, 72, 48.65, 1, 4347
20086, 14402, 71.70, 72, 48.65, 1, 4347
20087, 14403, 71.70, 72, 48.65, 1, 4347
20088, 14404, 71.70, 72, 48.65, 1, 4347
20089, 14405, 71.71, 72, 48.65, 1, 4347
20090, 14406, 71.71, 72, 48.65, 1, 4347
20091, 14406, 71.70, 72, 48.65, 1, 4347
20092, 14407, 71.71, 72, 48.65, 1, 4347
20093, 14408, 71.71, 72, 48.65, 1, 4347
20094, 14409, 71.71, 72, 48.65, 1, 4347
20095, 14410, 71.71, 72, 48.65, 1, 4347
20096, 14410, 71.71, 72, 48.65, 1, 4348
20097, 14411, 71.71, 72, 48.65, 1, 4348
20098, 14411, 71.70, 72, 48.65, 1, 4349
20099, 14412, 71.71, 72, 48.65, 1, 4349
20100, 14413, 71.71, 72, 48.65, 1, 4349
20101, 14414, 71.71, 72, 48.65, 1, 4349
20102, 14415, 71.71, 72, 48.65, 1, 4349
20103, 14416, 71.71, 72, 48.65, 1, 4349
20104, 14417, 71.71, 72, 48.65, 1, 4349
20105, 14417, 71.71, 72, 48.65, 1, 4350
20106, 14417, 71.70, 72, 48.65, 1, 4351
20107, 14418, 71.71, 72, 48.65, 1, 4351
20108, 14419, 71.71, 72, 48.65, 1, 4351
20109, 14420, 71.71, 72, 48.65, 1, 4351
20110, 14421, 71.71, 72, 48.65, 1, 4351
20111, 14421, 71.71, 72, 48.65, 1, 4352
20112, 14422, 71.71, 72, 48.65, 1, 4352
20113, 14423, 71.71, 72, 48.65, 1, 4352
20114, 14424, 71.71, 72, 48.65, 1, 4352
20115, 14425, 71.71, 72, 48.65, 1, 4352
20116, 14426, 71.71, 72, 48.65, 1, 4352
20117, 14427, 71.72, 72, 48.65, 1, 4352
20118, 14428, 71.72, 72, 48.65, 1, 4352
20119, 14429, 71.72, 72, 48.65, 1, 4352
20120, 14430, 71.72, 72, 48.65, 1, 4352
20121, 14431, 71.72, 72, 48.65, 1, 4352
20122, 14432, 71.72, 72, 48.65, 1, 4352
20123, 14432, 71.72, 72, 48.65, 1, 4353
20124, 14432, 71.72, 72, 48.65, 1, 4354
20125, 14432, 71.71, 72, 48.65, 1, 4355
20126, 14432, 71.71, 72, 48.65, 1, 4356
20127, 14433, 71.71, 72, 48.65, 1, 4356
20128, 14433, 71.71, 72, 48.65, 1, 4357
20129, 14434, 71.71, 72, 48.65, 1, 4357
20130, 14434, 71.70, 72, 48.65, 1, 4358
20131, 14435, 71.71, 72, 48.65, 1, 4358
20132, 14435, 71.70, 72, 48.65, 1, 4359
20133, 14435, 71.70, 72, 48.65, 1, 4360
20134, 14435, 71.69, 72, 48.65, 1, 4361
20135, 14436, 71.70, 72, 48.65, 1, 4361
20136, 14436, 71.69, 72, 48.65, 1, 4362
20137, 14437, 71.69, 72, 48.65, 1, 4362
20138, 14437, 71.69, 72, 48.65, 1, 4363
20139, 14438, 71.69, 72, 48.65, 1, 4363
20140, 14439, 71.69, 72, 48.65, 1, 4363
20141, 14439, 71.69, 72, 48.65, 1, 4363
20142, 14440, 71.69, 72, 48.65, 1, 4363
20143, 14441, 71.69, 72, 48.65, 1, 4363
20144, 14442, 71.69, 72, 48.65, 1, 4363
20145, 14443, 71.70, 72, 48.65, 1, 4363
20146, 14444, 71.70, 72, 48.65, 1, 4363
20147, 14445, 71.70, 72, 48.65, 1, 4363
20148, 14446, 71.70, 72, 48.65, 1, 4363
20149, 14447, 71.70, 72, 48.65, 1, 4363
20150, 14447, 71.70, 72, 48.65, 1, 4363
20151, 14448, 71.70, 72, 48.65, 1, 4363
20152, 14448, 71.70, 72, 48.65, 1, 4364
20153, 14449, 71.70, 72, 48.65, 1, 4364
20154, 14450, 71.70, 72, 48.65, 1, 4364
20155, 14450, 71.69, 72, 48.65, 1, 4365
20156, 14450, 71.69, 72, 48.65, 1, 4365
20157, 14451, 71.69, 72, 48.65, 1, 4365
20158, 14451, 71.69, 72, 48.65, 1, 4365
20159, 14452, 71.69, 72, 48.65, 1, 4365
20160, 14453, 71.69, 72, 48.65, 1, 4365
20161, 14454, 71.69, 72, 48.65, 1, 4365
20162, 14454, 71.69, 72, 48.65, 1, 4366
20163, 14455, 71.69, 72, 48.65, 1, 4366
20164, 14455, 71.69, 72, 48.65, 1, 4367
20165, 14456, 71.69, 72, 48.65, 1, 4367
20166, 14457, 71.69, 72, 48.65, 1, 4367
20167, 14457, 71.69, 72, 48.65, 1, 4368
20168, 14458, 71.69, 72, 48.65, 1, 4368
20169, 14458, 71.68, 72, 48.65, 1, 4369
20170, 14459, 71.69, 72, 48.65, 1, 4369
20171, 14460, 71.69, 72, 48.65, 1, 4369
20172, 14461, 71.69, 72, 48.65, 1, 4369
20173, 14461, 71.68, 72, 48.65, 1, 4370
20174, 14461, 71.68, 72, 48.65, 1, 4371
20175, 14462, 71.68, 72, 48.65, 1, 4371
20176, 14462, 71.68, 72, 48.65, 1, 4371
20177, 14462, 71.68, 72, 48.65, 1, 4372
20178, 14462, 71.67, 72, 48.65, 1, 4373
20179, 14463, 71.67, 72, 48.65, 1, 4373
20180, 14464, 71.67, 72, 48.65, 1, 4373
20181, 14465, 71.68, 72, 48.65, 1, 4373
20182, 14466, 71.68, 72, 48.65, 1, 4373
20183, 14466, 71.67, 72, 48.65, 1, 4374
20184, 14467, 71.68, 72, 48.65, 1, 4374
20185, 14467, 71.67, 72, 48.65, 1, 4375
20186, 14468, 71.67, 72, 48.65, 1, 4375
20187, 14468, 71.67, 72, 48.65, 1, 4376
20188, 14469, 71.67, 72, 48.65, 1, 4376
20189, 14470, 71.67, 72, 48.65, 1, 4376
20190, 14471, 71.67, 72, 48.65, 1, 4376
20191, 14472, 71.68, 72, 48.65, 1, 4376
20192, 14472, 71.67, 72, 48.65, 1, 4377
20193, 14473, 71.67, 72, 48.65, 1, 4377
20194, 14473, 71.67, 72, 48.65, 1, 4378
20195, 14474, 71.67, 72, 48.65, 1, 4378
20196, 14475, 71.67, 72, 48.65, 1, 4378
20197, 14476, 71.67, 72, 48.65, 1, 4378
20198, 14477, 71.68, 72, 48.65, 1, 4378
20199, 14478, 71.68, 72, 48.65, 1, 4378
20200, 14478, 71.67, 72, 48.65, 1, 4379
20201, 14479, 71.67, 72, 48.65, 1, 4379
20202, 14480, 71.68, 72, 48.65, 1, 4379
20203, 14481, 71.68, 72, 48.65, 1, 4379
20204, 14482, 71.68, 72, 48.65, 1, 4379
20205, 14482, 71.68, 72, 48.65, 1, 4380
20206, 14483, 71.68, 72, 48.65, 1, 4380
20207, 14484, 71.68, 72, 48.65, 1, 4380
20208, 14485, 71.68, 72, 48.65, 1, 4380
20209, 14486, 71.68, 72, 48.65, 1, 4380
20210, 14487, 71.68, 72, 48.65, 1, 4380
20211, 14487, 71.68, 72, 48.65, 1, 4381
20212, 14487, 71.68, 72, 48.65, 1, 4382
20213, 14488, 71.68, 72, 48.65, 1, 4382
20214, 14488, 71.67, 72, 48.65, 1, 4383
20215, 14489, 71.67, 72, 48.65, 1, 4383
20216, 14490, 71.68, 72, 48.65, 1, 4383
20217, 14490, 71.67, 72, 48.65, 1, 4383
20218, 14491, 71.67, 72, 48.65, 1, 4383
20219, 14492, 71.68, 72, 48.65, 1, 4383
20220, 14493, 71.68, 72, 48.65, 1, 4383
20221, 14494, 71.68, 72, 48.65, 1, 4383
20222, 14495, 71.68, 72, 48.65, 1, 4383
20223, 14496, 71.68, 72, 48.65, 1, 4383
20224, 14497, 71.68, 72, 48.65, 1, 4383
20225, 14498, 71.68, 72, 48.65, 1, 4383
20226, 14499, 71.68, 72, 48.65, 1, 4383
20227, 14500, 71.69, 72, 48.65, 1, 4383
20228, 14501, 71.69, 72, 48.65, 1, 4383
20229, 14502, 71.69, 72, 48.65, 1, 4383
20230, 14503, 71.69, 72, 48.65, 1, 4383
20231, 14503, 71.69, 72, 48.65, 1, 4383
20232, 14504, 71.69, 72, 48.65, 1, 4383
20233, 14505, 71.69, 72, 48.65, 1, 4383
20234, 14506, 71.69, 72, 48.65, 1, 4383
20235, 14507, 71.69, 72, 48.65, 1, 4383
20236, 14508, 71.69, 72, 48.65, 1, 4383
20237, 14508, 71.69, 72, 48.65, 1, 4383
20238, 14508, 71.69, 72, 48.65, 1, 4383
20239, 14508, 71.68, 72, 48.65, 1, 4384
20240, 14508, 71.68, 72, 48.65, 1, 4385
20241, 14509, 71.68, 72, 48.65, 1, 4385
20242, 14510, 71.68, 72, 48.65, 1, 4385
20243, 14510, 71.68, 72, 48.65, 1, 4386
20244, 14510, 71.68, 72, 48.65, 1, 4386
20245, 14510, 71.67, 72, 48.65, 1, 4386
20246, 14510, 71.67, 72, 48.65, 1, 4386
20247, 14510, 71.66, 72, 48.65, 1, 4387
20248, 14511, 71.67, 72, 48.65, 1, 4387
20249, 14512, 71.67, 72, 48.65, 1, 4387
20250, 14513, 71.67, 72, 48.65, 1, 4387
20251, 14513, 71.67, 72, 48.65, 1, 4388
20252, 14513, 71.66, 72, 48.65, 1, 4388
20253, 14514, 71.66, 72, 48.65, 1, 4388
20254, 14515, 71.66, 72, 48.65, 1, 4388
20255, 14516, 71.67, 72, 48.65, 1, 4388
20256, 14517, 71.67, 72, 48.65, 1, 4388
20257, 14518, 71.67, 72, 48.65, 1, 4388
20258, 14519, 71.67, 72, 48.65, 1, 4388
20259, 14520, 71.67, 72, 48.65, 1, 4388
20260, 14520, 71.67, 72, 48.65, 1, 4389
20261, 14521, 71.67, 72, 48.65, 1, 4389
20262, 14521, 71.67, 72, 48.65, 1, 4390
20263, 14522, 71.67, 72, 48.65, 1, 4390
20264, 14523, 71.67, 72, 48.65, 1, 4390
20265, 14524, 71.67, 72, 48.65, 1, 4390
20266, 14525, 71.67, 72, 48.65, 1, 4390
20267, 14525, 71.67, 72, 48.65, 1, 4391
20268, 14526, 71.67, 72, 48.65, 1, 4391
20269, 14527, 71.67, 72, 48.65, 1, 4391
20270, 14528, 71.67, 72, 48.65, 1, 4391
20271, 14529, 71.67, 72, 48.65, 1, 4391
20272, 14530, 71.68, 72, 48.65, 1, 4391
20273, 14531, 71.68, 72, 48.65, 1, 4391
20274, 14531, 71.67, 72, 48.65, 1, 4391
20275, 14532, 71.67, 72, 48.65, 1, 4391
20276, 14533, 71.68, 72, 48.65, 1, 4391
20277, 14534, 71.68, 72, 48.65, 1, 4391
20278, 14535, 71.68, 72, 48.65, 1, 4391
20279, 14535, 71.68, 72, 48.65, 1, 4391
20280, 14536, 71.68, 72, 48.65, 1, 4391
20281, 14536, 71.67, 72, 48.65, 1, 4392
20282, 14537, 71.67, 72, 48.65, 1, 4392
20283, 14538, 71.68, 72, 48.65, 1, 4392
20284, 14539, 71.68, 72, 48.65, 1, 4392
20285, 14540, 71.68, 72, 48.65, 1, 4392
20286, 14541, 71.68, 72, 48.65, 1, 4392
20287, 14542, 71.68, 72, 48.65, 1, 4392
20288, 14543, 71.68, 72, 48.65, 1, 4392
20289, 14544, 71.68, 72, 48.65, 1, 4392
20290, 14544, 71.68, 72, 48.65, 1, 4393
20291, 14545, 71.68, 72, 48.65, 1, 4393
20292, 14546, 71.68, 72, 48.65, 1, 4393
20293, 14547, 71.68, 72, 48.65, 1, 4393
20294, 14547, 71.68, 72, 48.65, 1, 4393
20295, 14548, 71.68, 72, 48.65, 1, 4393
20296, 14549, 71.68, 72, 48.65, 1, 4393
20297, 14549, 71.68, 72, 48.65, 1, 4393
20298, 14549, 71.68, 72, 48.65, 1, 4394
20299, 14550, 71.68, 72, 48.65, 1, 4394
20300, 14551, 71.68, 72, 48.65, 1, 4394
20301, 14552, 71.68, 72, 48.65, 1, 4394
20302, 14552, 71.68, 72, 48.65, 1, 4395
20303, 14552, 71.67, 72, 48.65, 1, 4395
20304, 14552, 71.67, 72, 48.65, 1, 4395
20305, 14552, 71.67, 72, 48.65, 1, 4395
20306, 14553, 71.67, 72, 48.65, 1, 4395
20307, 14554, 71.67, 72, 48.65, 1, 4395
20308, 14554, 71.67, 72, 48.65, 1, 4395
20309, 14555, 71.67, 72, 48.65, 1, 4395
20310, 14556, 71.67, 72, 48.65, 1, 4395
20311, 14557, 71.67, 72, 48.65, 1, 4395
20312, 14558, 71.67, 72, 48.65, 1, 4395
20313, 14559, 71.67, 72, 48.65, 1, 4395
20314, 14559, 71.67, 72, 48.65, 1, 4395
20315, 14560, 71.67, 72, 48.65, 1, 4395
20316, 14561, 71.67, 72, 48.65, 1, 4395
20317, 14562, 71.67, 72, 48.65, 1, 4395
20318, 14563, 71.68, 72, 48.65, 1, 4395
20319, 14563, 71.67, 72, 48.65, 1, 4396
20320, 14564, 71.67, 72, 48.65, 1, 4396
20321, 14565, 71.67, 72, 48.65, 1, 4396
20322, 14566, 71.68, 72, 48.65, 1, 4396
20323, 14567, 71.68, 72, 48.65, 1, 4396
20324, 14568, 71.68, 72, 48.65, 1, 4396
20325, 14569, 71.68, 72, 48.65, 1, 4396
20326, 14569, 71.68, 72, 48.65, 1, 4397
20327, 14570, 71.68, 72, 48.65, 1, 4397
20328, 14571, 71.68, 72, 48.65, 1, 4397
20329, 14572, 71.68, 72, 48.65, 1, 4397
20330, 14572, 71.68, 72, 48.65, 1, 4398
20331, 14573, 71.68, 72, 48.65, 1, 4398
20332, 14574, 71.68, 72, 48.65, 1, 4398
20333, 14575, 71.68, 72, 48.65, 1, 4398
20334, 14575, 71.68, 72, 48.65, 1, 4399
20335, 14575, 71.67, 72, 48.65, 1, 4399
20336, 14576, 71.68, 72, 48.65, 1, 4399
20337, 14577, 71.68, 72, 48.65, 1, 4399
20338, 14578, 71.68, 72, 48.65, 1, 4399
20339, 14579, 71.68, 72, 48.65, 1, 4399
20340, 14580, 71.68, 72, 48.65, 1, 4399
20341, 14581, 71.68, 72, 48.65, 1, 4399
20342, 14581, 71.68, 72, 48.65, 1, 4399
20343, 14581, 71.68, 72, 48.65, 1, 4399
20344, 14582, 71.68, 72, 48.65, 1, 4399
20345, 14583, 71.68, 72, 48.65, 1, 4399
20346, 14583, 71.68, 72, 48.65, 1, 4400
20347, 14584, 71.68, 72, 48.65, 1, 4400
20348, 14585, 71.68, 72, 48.65, 1, 4400
20349, 14586, 71.68, 72, 48.65, 1, 4400
20350, 14587, 71.68, 72, 48.65, 1, 4400
20351, 14587, 71.68, 72, 48.65, 1, 4401
20352, 14587, 71.67, 72, 48.65, 1, 4402
20353, 14587, 71.67, 72, 48.65, 1, 4403
20354, 14588, 71.67, 72, 48.65, 1, 4403
20355, 14589, 71.67, 72, 48.65, 1, 4403
20356, 14589, 71.67, 72, 48.65, 1, 4404
20357, 14589, 71.67, 72, 48.65, 1, 4405
20358, 14590, 71.67, 72, 48.65, 1, 4405
20359, 14591, 71.67, 72, 48.65, 1, 4405
20360, 14591, 71.67, 72, 48.65, 1, 4406
20361, 14592, 71.67, 72, 48.65, 1, 4406
20362, 14593, 71.67, 72, 48.65, 1, 4406
20363, 14594, 71.67, 72, 48.65, 1, 4406
20364, 14595, 71.67, 72, 48.65, 1, 4406
20365, 14596, 71.67, 72, 48.65, 1, 4406
20366, 14596, 71.67, 72, 48.65, 1, 4406
20367, 14597, 71.67, 72, 48.65, 1, 4406
20368, 14597, 71.67, 72, 48.65, 1, 4407
20369, 14598, 71.67, 72, 48.65, 1, 4407
20370, 14598, 71.66, 72, 48.65, 1, 4408
20371, 14598, 71.66, 72, 48.65, 1, 4408
20372, 14599, 71.66, 72, 48.65, 1, 4408
20373, 14599, 71.66, 72, 48.65, 1, 4408
20374, 14600, 71.66, 72, 48.65, 1, 4408
20375, 14600, 71.66, 72, 48.65, 1, 4408
20376, 14601, 71.66, 72, 48.65, 1, 4408
20377, 14602, 71.66, 72, 48.65, 1, 4408
20378, 14603, 71.66, 72, 48.65, 1, 4408
20379, 14604, 71.66, 72, 48.65, 1, 4408
20380, 14604, 71.66, 72, 48.65, 1, 4409
20381, 14605, 71.66, 72, 48.65, 1, 4409
20382, 14606, 71.66, 72, 48.65, 1, 4409
20383, 14607, 71.66, 72, 48.65, 1, 4409
20384, 14607, 71.66, 72, 48.65, 1, 4410
20385, 14607, 71.66, 72, 48.65, 1, 4411
20386, 14608, 71.66, 72, 48.65, 1, 4411
20387, 14609, 71.66, 72, 48.65, 1, 4411
20388, 14609, 71.65, 72, 48.65, 1, 4412
20389, 14610, 71.66, 72, 48.65, 1, 4412
20390, 14611, 71.66, 72, 48.65, 1, 4412
20391, 14611, 71.65, 72, 48.65, 1, 4413
20392, 14612, 71.66, 72, 48.65, 1, 4413
20393, 14613, 71.66, 72, 48.65, 1, 4413
20394, 14613, 71.65, 72, 48.65, 1, 4413
20395, 14614, 71.65, 72, 48.65, 1, 4413
20396, 14615, 71.66, 72, 48.65, 1, 4413
20397, 14616, 71.66, 72, 48.65, 1, 4413
20398, 14616, 71.65, 72, 48.65, 1, 4414
20399, 14617, 71.66, 72, 48.65, 1, 4414
20400, 14618, 71.66, 72, 48.65, 1, 4414
20401, 14619, 71.66, 72, 48.65, 1, 4414
20402, 14620, 71.66, 72, 48.65, 1, 4414
20403, 14621, 71.66, 72, 48.65, 1, 4414
20404, 14621, 71.66, 72, 48.65, 1, 4415
20405, 14622, 71.66, 72, 48.65, 1, 4415
20406, 14622, 71.66, 72, 48.65, 1, 4415
20407, 14623, 71.66, 72, 48.65, 1, 4415
20408, 14623, 71.65, 72, 48.65, 1, 4416
20409, 14623, 71.65, 72, 48.65, 1, 4417
20410, 14624, 71.65, 72, 48.65, 1, 4417
20411, 14624, 71.65, 72, 48.65, 1, 4418
20412, 14624, 71.64, 72, 48.65, 1, 4419
20413, 14625, 71.65, 72, 48.65, 1, 4419
20414, 14626, 71.65, 72, 48.65, 1, 4419
20415, 14627, 71.65, 72, 48.65, 1, 4419
20416, 14627, 71.64, 72, 48.65, 1, 4420
20417, 14628, 71.65, 72, 48.65, 1, 4420
20418, 14628, 71.64, 72, 48.65, 1, 4421
20419, 14629, 71.64, 72, 48.65, 1, 4421
20420, 14630, 71.65, 72, 48.65, 1, 4421
20421, 14631, 71.65, 72, 48.65, 1, 4421
20422, 14631, 71.64, 72, 48.65, 1, 4422
20423, 14632, 71.64, 72, 48.65, 1, 4422
20424, 14633, 71.65, 72, 48.65, 1, 4422
20425, 14634, 71.65, 72, 48.65, 1, 4422
20426, 14635, 71.65, 72, 48.65, 1, 4422
20427, 14636, 71.65, 72, 48.65, 1, 4422
20428, 14637, 71.65, 72, 48.65, 1, 4422
20429, 14638, 71.65, 72, 48.65, 1, 4422
20430, 14639, 71.65, 72, 48.65, 1, 4422
20431, 14640, 71.66, 72, 48.65, 1, 4422
20432, 14641, 71.66, 72, 48.65, 1, 4422
20433, 14642, 71.66, 72, 48.65, 1, 4422
20434, 14643, 71.66, 72, 48.65, 1, 4422
20435, 14644, 71.66, 72, 48.65, 1, 4422
20436, 14644, 71.66, 72, 48.65, 1, 4423
20437, 14645, 71.66, 72, 48.65, 1, 4423
20438, 14646, 71.66, 72, 48.65, 1, 4423
20439, 14647, 71.66, 72, 48.65, 1, 4423
20440, 14648, 71.66, 72, 48.65, 1, 4423
20441, 14648, 71.66, 72, 48.65, 1, 4424
20442, 14649, 71.66, 72, 48.65, 1, 4424
20443, 14650, 71.66, 72, 48.65, 1, 4424
20444, 14650, 71.66, 72, 48.65, 1, 4425
20445, 14651, 71.66, 72, 48.65, 1, 4425
20446, 14652, 71.66, 72, 48.65, 1, 4425
20447, 14652, 71.66, 72, 48.65, 1, 4426
20448, 14653, 71.66, 72, 48.65, 1, 4426
20449, 14654, 71.66, 72, 48.65, 1, 4426
20450, 14654, 71.66, 72, 48.65, 1, 4427
20451, 14655, 71.66, 72, 48.65, 1, 4427
20452, 14656, 71.66, 72, 48.65, 1, 4427
20453, 14657, 71.66, 72, 48.65, 1, 4427
20454, 14658, 71.66, 72, 48.65, 1, 4427
20455, 14658, 71.66, 72, 48.65, 1, 4428
20456, 14658, 71.66, 72, 48.65, 1, 4429
20457, 14658, 71.65, 72, 48.65, 1, 4430
20458, 14659, 71.65, 72, 48.65, 1, 4430
20459, 14660, 71.66, 72, 48.65, 1, 4430
20460, 14661, 71.66, 72, 48.65, 1, 4430
20461, 14662, 71.66, 72, 48.65, 1, 4430
20462, 14663, 71.66, 72, 48.65, 1, 4430
20463, 14663, 71.66, 72, 48.65, 1, 4431
20464, 14664, 71.66, 72, 48.65, 1, 4431
20465, 14665, 71.66, 72, 48.65, 1, 4431
20466, 14665, 71.66, 72, 48.65, 1, 4432
20467, 14666, 71.66, 72, 48.65, 1, 4432
20468, 14667, 71.66, 72, 48.65, 1, 4432
20469, 14668, 71.66, 72, 48.65, 1, 4432
20470, 14668, 71.66, 72, 48.65, 1, 4433
20471, 14669, 71.66, 72, 48.65, 1, 4433
20472, 14670, 71.66, 72, 48.65, 1, 4433
20473, 14670, 71.66, 72, 48.65, 1, 4434
20474, 14671, 71.66, 72, 48.65, 1, 4434
20475, 14672, 71.66, 72, 48.65, 1, 4434
20476, 14673, 71.66, 72, 48.65, 1, 4434
20477, 14673, 71.66, 72, 48.65, 1, 4435
20478, 14674, 71.66, 72, 48.65, 1, 4435
20479, 14674, 71.65, 72, 48.65, 1, 4436
20480, 14674, 71.65, 72, 48.65, 1, 4437
20481, 14675, 71.65, 72, 48.65, 1, 4437
20482, 14676, 71.65, 72, 48.65, 1, 4437
20483, 14676, 71.65, 72, 48.65, 1, 4438
20484, 14676, 71.65, 72, 48.65, 1, 4439
20485, 14677, 71.65, 72, 48.65, 1, 4439
20486, 14677, 71.64, 72, 48.65, 1, 4440
20487, 14678, 71.65, 72, 48.65, 1, 4440
20488, 14678, 71.64, 72, 48.65, 1, 4441
20489, 14679, 71.64, 72, 48.65, 1, 4441
20490, 14680, 71.64, 72, 48.65, 1, 4441
20491, 14681, 71.65, 72, 48.65, 1, 4441
20492, 14681, 71.64, 72, 48.65, 1, 4442
20493, 14682, 71.64, 72, 48.65, 1, 4442
20494, 14682, 71.64, 72, 48.65, 1, 4443
20495, 14683, 71.64, 72, 48.65, 1, 4443
20496, 14683, 71.64, 72, 48.65, 1, 4444
20497, 14684, 71.64, 72, 48.65, 1, 4444
20498, 14685, 71.64, 72, 48.65, 1, 4444
20499, 14685, 71.64, 72, 48.65, 1, 4445
20500, 14685, 71.63, 72, 48.65, 1, 4446
20501, 14686, 71.64, 72, 48.65, 1, 4446
20502, 14686, 71.63, 72, 48.65, 1, 4446
20503, 14686, 71.63, 72, 48.65, 1, 4446
20504, 14686, 71.63, 72, 48.65, 1, 4446
20505, 14687, 71.63, 72, 48.65, 1, 4446
20506, 14687, 71.62, 72, 48.65, 1, 4447
20507, 14688, 71.62, 72, 48.65, 1, 4447
20508, 14689, 71.63, 72, 48.65, 1, 4447
20509, 14690, 71.63, 72, 48.65, 1, 4447
20510, 14691, 71.63, 72, 48.65, 1, 4447
20511, 14692, 71.63, 72, 48.65, 1, 4447
20512, 14692, 71.63, 72, 48.65, 1, 4448
20513, 14693, 71.63, 72, 48.65, 1, 4448
20514, 14694, 71.63, 72, 48.65, 1, 4448
20515, 14694, 71.63, 72, 48.65, 1, 4449
20516, 14695, 71.63, 72, 48.65, 1, 4449
20517, 14695, 71.62, 72, 48.65, 1, 4450
20518, 14696, 71.62, 72, 48.65, 1, 4450
20519, 14697, 71.63, 72, 48.65, 1, 4450
20520, 14698, 71.63, 72, 48.65, 1, 4450
20521, 14699, 71.63, 72, 48.65, 1, 4450
20522, 14700, 71.63, 72, 48.65, 1, 4450
20523, 14701, 71.63, 72, 48.65, 1, 4450
20524, 14702, 71.63, 72, 48.65, 1, 4450
20525, 14703, 71.63, 72, 48.65, 1, 4450
20526, 14704, 71.64, 72, 48.65, 1, 4450
20527, 14704, 71.63, 72, 48.65, 1, 4451
20528, 14705, 71.63, 72, 48.65, 1, 4451
20529, 14705, 71.63, 72, 48.65, 1, 4452
20530, 14706, 71.63, 72, 48.65, 1, 4452
20531, 14706, 71.63, 72, 48.65, 1, 4453
20532, 14706, 71.62, 72, 48.65, 1, 4454
20533, 14707, 71.63, 72, 48.65, 1, 4454
20534, 14708, 71.63, 72, 48.65, 1, 4454
20535, 14709, 71.63, 72, 48.65, 1, 4454
20536, 14710, 71.63, 72, 48.65, 1, 4454
20537, 14711, 71.63, 72, 48.65, 1, 4454
20538, 14712, 71.63, 72, 48.65, 1, 4454
20539, 14713, 71.63, 72, 48.65, 1, 4454
20540, 14714, 71.64, 72, 48.65, 1, 4454
20541, 14715, 71.64, 72, 48.65, 1, 4454
20542, 14715, 71.63, 72, 48.65, 1, 4455
20543, 14716, 71.64, 72, 48.65, 1, 4455
20544, 14717, 71.64, 72, 48.65, 1, 4455
20545, 14717, 71.63, 72, 48.65, 1, 4456
20546, 14718, 71.63, 72, 48.65, 1, 4456
20547, 14718, 71.63, 72, 48.65, 1, 4456
20548, 14719, 71.63, 72, 48.65, 1, 4456
20549, 14719, 71.63, 72, 48.65, 1, 4456
20550, 14720, 71.63, 72, 48.65, 1, 4456
20551, 14721, 71.63, 72, 48.65, 1, 4456
20552, 14721, 71.63, 72, 48.65, 1, 4457
20553, 14721, 71.62, 72, 48.65, 1, 4458
20554, 14721, 71.62, 72, 48.65, 1, 4459
20555, 14722, 71.62, 72, 48.65, 1, 4459
20556, 14723, 71.62, 72, 48.65, 1, 4459
20557, 14724, 71.63, 72, 48.65, 1, 4459
20558, 14725, 71.63, 72, 48.65, 1, 4459
20559, 14726, 71.63, 72, 48.65, 1, 4459
20560, 14727, 71.63, 72, 48.65, 1, 4459
20561, 14728, 71.63, 72, 48.65, 1, 4459
20562, 14728, 71.63, 72, 48.65, 1, 4459
20563, 14729, 71.63, 72, 48.65, 1, 4459
20564, 14730, 71.63, 72, 48.65, 1, 4459
20565, 14731, 71.63, 72, 48.65, 1, 4459
20566, 14732, 71.63, 72, 48.65, 1, 4459
20567, 14733, 71.63, 72, 48.65, 1, 4459
20568, 14734, 71.64, 72, 48.65, 1, 4459
20569, 14735, 71.64, 72, 48.65, 1, 4459
20570, 14736, 71.64, 72, 48.65, 1, 4459
20571, 14737, 71.64, 72, 48.65, 1, 4459
20572, 14737, 71.64, 72, 48.65, 1, 4459
20573, 14738, 71.64, 72, 48.65, 1, 4459
20574, 14739, 71.64, 72, 48.65, 1, 4459
20575, 14740, 71.64, 72, 48.65, 1, 4459
20576, 14741, 71.64, 72, 48.65, 1, 4459
20577, 14741, 71.64, 72, 48.65, 1, 4459
20578, 14742, 71.64, 72, 48.65, 1, 4459
20579, 14743, 71.64, 72, 48.65, 1, 4459
20580, 14744, 71.64, 72, 48.65, 1, 4459
20581, 14744, 71.64, 72, 48.65, 1, 4459
20582, 14745, 71.64, 72, 48.65, 1, 4459
20583, 14746, 71.64, 72, 48.65, 1, 4459
20584, 14747, 71.64, 72, 48.65, 1, 4459
20585, 14748, 71.64, 72, 48.65, 1, 4459
20586, 14749, 71.65, 72, 48.65, 1, 4459
20587, 14750, 71.65, 72, 48.65, 1, 4459
20588, 14751, 71.65, 72, 48.65, 1, 4459
20589, 14752, 71.65, 72, 48.65, 1, 4459
20590, 14753, 71.65, 72, 48.65, 1, 4459
20591, 14754, 71.65, 72, 48.65, 1, 4459
20592, 14755, 71.65, 72, 48.65, 1, 4459
20593, 14756, 71.66, 72, 48.65, 1, 4459
20594, 14757, 71.66, 72, 48.65, 1, 4459
20595, 14757, 71.65, 72, 48.65, 1, 4459
20596, 14758, 71.65, 72, 48.65, 1, 4459
20597, 14759, 71.66, 72, 48.65, 1, 4459
20598, 14760, 71.66, 72, 48.65, 1, 4459
20599, 14761, 71.66, 72, 48.65, 1, 4459
20600, 14762, 71.66, 72, 48.65, 1, 4459
20601, 14763, 71.66, 72, 48.65, 1, 4459
20602, 14763, 71.66, 72, 48.65, 1, 4460
20603, 14763, 71.65, 72, 48.65, 1, 4461
20604, 14763, 71.65, 72, 48.65, 1, 4462
20605, 14764, 71.65, 72, 48.65, 1, 4462
20606, 14764, 71.65, 72, 48.65, 1, 4463
20607, 14765, 71.65, 72, 48.65, 1, 4463
20608, 14766, 71.65, 72, 48.65, 1, 4463
20609, 14767, 71.65, 72, 48.65, 1, 4463
20610, 14768, 71.65, 72, 48.65, 1, 4463
20611, 14769, 71.66, 72, 48.65, 1, 4463
20612, 14770, 71.66, 72, 48.65, 1, 4463
20613, 14771, 71.66, 72, 48.65, 1, 4463
20614, 14771, 71.66, 72, 48.65, 1, 4464
20615, 14772, 71.66, 72, 48.65, 1, 4464
20616, 14773, 71.66, 72, 48.65, 1, 4464
20617, 14774, 71.66, 72, 48.65, 1, 4464
20618, 14774, 71.66, 72, 48.65, 1, 4465
20619, 14775, 71.66, 72, 48.65, 1, 4465
20620, 14776, 71.66, 72, 48.65, 1, 4465
20621, 14777, 71.66, 72, 48.65, 1, 4465
20622, 14778, 71.66, 72, 48.65, 1, 4465
20623, 14779, 71.66, 72, 48.65, 1, 4465
20624, 14779, 71.66, 72, 48.65, 1, 4465
20625, 14779, 71.66, 72, 48.65, 1, 4465
20626, 14780, 71.66, 72, 48.65, 1, 4465
20627, 14781, 71.66, 72, 48.65, 1, 4465
20628, 14781, 71.66, 72, 48.65, 1, 4466
20629, 14782, 71.66, 72, 48.65, 1, 4466
20630, 14782, 71.65, 72, 48.65, 1, 4467
20631, 14783, 71.65, 72, 48.65, 1, 4467
20632, 14784, 71.66, 72, 48.65, 1, 4467
20633, 14785, 71.66, 72, 48.65, 1, 4467
20634, 14786, 71.66, 72, 48.65, 1, 4467
20635, 14786, 71.65, 72, 48.65, 1, 4468
20636, 14786, 71.65, 72, 48.65, 1, 4469
20637, 14787, 71.65, 72, 48.65, 1, 4469
20638, 14788, 71.65, 72, 48.65, 1, 4469
20639, 14789, 71.66, 72, 48.65, 1, 4469
20640, 14790, 71.66, 72, 48.65, 1, 4469
20641, 14790, 71.65, 72, 48.65, 1, 4470
20642, 14791, 71.65, 72, 48.65, 1, 4470
20643, 14792, 71.66, 72, 48.65, 1, 4470
20644, 14793, 71.66, 72, 48.65, 1, 4470
20645, 14794, 71.66, 72, 48.65, 1, 4470
20646, 14795, 71.66, 72, 48.65, 1, 4470
20647, 14795, 71.66, 72, 48.65, 1, 4471
20648, 14796, 71.66, 72, 48.65, 1, 4471
20649, 14797, 71.66, 72, 48.65, 1, 4471
20650, 14797, 71.66, 72, 48.65, 1, 4472
20651, 14797, 71.65, 72, 48.65, 1, 4473
20652, 14798, 71.65, 72, 48.65, 1, 4473
20653, 14798, 71.65, 72, 48.65, 1, 4474
20654, 14799, 71.65, 72, 48.65, 1, 4474
20655, 14800, 71.65, 72, 48.65, 1, 4474
20656, 14801, 71.65, 72, 48.65, 1, 4474
20657, 14801, 71.65, 72, 48.65, 1, 4475
20658, 14801, 71.65, 72, 48.65, 1, 4476
20659, 14802, 71.65, 72, 48.65, 1, 4476
20660, 14803, 71.65, 72, 48.65, 1, 4476
20661, 14804, 71.65, 72, 48.65, 1, 4476
20662, 14805, 71.65, 72, 48.65, 1, 4476
20663, 14806, 71.65, 72, 48.65, 1, 4476
20664, 14807, 71.66, 72, 48.65, 1, 4476
20665, 14808, 71.66, 72, 48.65, 1, 4476
20666, 14808, 71.65, 72, 48.65, 1, 4477
20667, 14809, 71.66, 72, 48.65, 1, 4477
20668, 14810, 71.66, 72, 48.65, 1, 4477
20669, 14810, 71.65, 72, 48.65, 1, 4478
20670, 14811, 71.65, 72, 48.65, 1, 4478
20671, 14811, 71.65, 72, 48.65, 1, 4479
20672, 14812, 71.65, 72, 48.65, 1, 4479
20673, 14812, 71.65, 72, 48.65, 1, 4480
20674, 14813, 71.65, 72, 48.65, 1, 4480
20675, 14814, 71.65, 72, 48.65, 1, 4480
20676, 14814, 71.65, 72, 48.65, 1, 4481
20677, 14815, 71.65, 72, 48.65, 1, 4481
20678, 14815, 71.65, 72, 48.65, 1, 4481
20679, 14815, 71.64, 72, 48.65, 1, 4481
20680, 14816, 71.64, 72, 48.65, 1, 4481
20681, 14816, 71.64, 72, 48.65, 1, 4481
20682, 14817, 71.64, 72, 48.65, 1, 4481
20683, 14818, 71.64, 72, 48.65, 1, 4481
20684, 14819, 71.64, 72, 48.65, 1, 4481
20685, 14820, 71.65, 72, 48.65, 1, 4481
20686, 14821, 71.65, 72, 48.65, 1, 4481
20687, 14822, 71.65, 72, 48.65, 1, 4481
20688, 14823, 71.65, 72, 48.65, 1, 4481
20689, 14824, 71.65, 72, 48.65, 1, 4481
20690, 14825, 71.65, 72, 48.65, 1, 4481
20691, 14826, 71.65, 72, 48.65, 1, 4481
20692, 14827, 71.66, 72, 48.65, 1, 4481
20693, 14827, 71.65, 72, 48.65, 1, 4482
20694, 14828, 71.65, 72, 48.65, 1, 4482
20695, 14828, 71.65, 72, 48.65, 1, 4483
20696, 14829, 71.65, 72, 48.65, 1, 4483
20697, 14829, 71.65, 72, 48.65, 1, 4484
20698, 14830, 71.65, 72, 48.65, 1, 4484
20699, 14831, 71.65, 72, 48.65, 1, 4484
20700, 14831, 71.65, 72, 48.65, 1, 4485
20701, 14832, 71.65, 72, 48.65, 1, 4485
20702, 14833, 71.65, 72, 48.65, 1, 4485
20703, 14833, 71.65, 72, 48.65, 1, 4485
20704, 14834, 71.65, 72, 48.65, 1, 4485
20705, 14835, 71.65, 72, 48.65, 1, 4485
20706, 14835, 71.65, 72, 48.65, 1, 4485
20707, 14836, 71.65, 72, 48.65, 1, 4485
20708, 14836, 71.64, 72, 48.65, 1, 4485
20709, 14837, 71.65, 72, 48.65, 1, 4485
20710, 14838, 71.65, 72, 48.65, 1, 4485
20711, 14839, 71.65, 72, 48.65, 1, 4485
20712, 14839, 71.64, 72, 48.65, 1, 4486
20713, 14840, 71.65, 72, 48.65, 1, 4486
20714, 14841, 71.65, 72, 48.65, 1, 4486
20715, 14842, 71.65, 72, 48.65, 1, 4486
20716, 14843, 71.65, 72, 48.65, 1, 4486
20717, 14844, 71.65, 72, 48.65, 1, 4486
20718, 14844, 71.65, 72, 48.65, 1, 4487
20719, 14845, 71.65, 72, 48.65, 1, 4487
20720, 14846, 71.65, 72, 48.65, 1, 4487
20721, 14847, 71.65, 72, 48.65, 1, 4487
20722, 14848, 71.65, 72, 48.65, 1, 4487
20723, 14849, 71.65, 72, 48.65, 1, 4487
20724, 14850, 71.66, 72, 48.65, 1, 4487
20725, 14851, 71.66, 72, 48.65, 1, 4487
20726, 14852, 71.66, 72, 48.65, 1, 4487
20727, 14853, 71.66, 72, 48.65, 1, 4487
20728, 14854, 71.66, 72, 48.65, 1, 4487
20729, 14855, 71.66, 72, 48.65, 1, 4487
20730, 14856, 71.66, 72, 48.65, 1, 4487
20731, 14857, 71.67, 72, 48.65, 1, 4487
20732, 14858, 71.67, 72, 48.65, 1, 4487
20733, 14859, 71.67, 72, 48.65, 1, 4487
20734, 14860, 71.67, 72, 48.65, 1, 4487
20735, 14861, 71.67, 72, 48.65, 1, 4487
20736, 14861, 71.67, 72, 48.65, 1, 4487
20737, 14862, 71.67, 72, 48.65, 1, 4487
20738, 14863, 71.67, 72, 48.65, 1, 4487
20739, 14864, 71.67, 72, 48.65, 1, 4487
20740, 14865, 71.67, 72, 48.65, 1, 4487
20741, 14866, 71.67, 72, 48.65, 1, 4487
20742, 14867, 71.68, 72, 48.65, 1, 4487
20743, 14868, 71.68, 72, 48.65, 1, 4487
20744, 14869, 71.68, 72, 48.65, 1, 4487
20745, 14870, 71.68, 72, 48.65, 1, 4487
20746, 14870, 71.68, 72, 48.65, 1, 4487
20747, 14871, 71.68, 72, 48.65, 1, 4487
20748, 14872, 71.68, 72, 48.65, 1, 4487
20749, 14873, 71.68, 72, 48.65, 1, 4487
20750, 14873, 71.68, 72, 48.65, 1, 4488
20751, 14873, 71.67, 72, 48.65, 1, 4489
20752, 14874, 71.68, 72, 48.65, 1, 4489
20753, 14875, 71.68, 72, 48.65, 1, 4489
20754, 14875, 71.67, 72, 48.65, 1, 4490
20755, 14876, 71.67, 72, 48.65, 1, 4490
20756, 14877, 71.68, 72, 48.65, 1, 4490
20757, 14878, 71.68, 72, 48.65, 1, 4490
20758, 14879, 71.68, 72, 48.65, 1, 4490
20759, 14880, 71.68, 72, 48.65, 1, 4490
20760, 14880, 71.68, 72, 48.65, 1, 4491
20761, 14881, 71.68, 72, 48.65, 1, 4491
20762, 14882, 71.68, 72, 48.65, 1, 4491
20763, 14883, 71.68, 72, 48.65, 1, 4491
20764, 14884, 71.68, 72, 48.65, 1, 4491
20765, 14885, 71.68, 72, 48.65, 1, 4491
20766, 14886, 71.68, 72, 48.65, 1, 4491
20767, 14887, 71.69, 72, 48.65, 1, 4491
20768, 14888, 71.69, 72, 48.65, 1, 4491
20769, 14889, 71.69, 72, 48.65, 1, 4491
20770, 14890, 71.69, 72, 48.65, 1, 4491
20771, 14891, 71.69, 72, 48.65, 1, 4491
20772, 14891, 71.69, 72, 48.65, 1, 4492
20773, 14892, 71.69, 72, 48.65, 1, 4492
20774, 14892, 71.69, 72, 48.65, 1, 4493
20775, 14892, 71.68, 72, 48.65, 1, 4494
20776, 14893, 71.68, 72, 48.65, 1, 4494
20777, 14894, 71.69, 72, 48.65, 1, 4494
20778, 14895, 71.69, 72, 48.65, 1, 4494
20779, 14896, 71.69, 72, 48.65, 1, 4494
20780, 14897, 71.69, 72, 48.65, 1, 4494
20781, 14898, 71.69, 72, 48.65, 1, 4494
20782, 14899, 71.69, 72, 48.65, 1, 4494
20783, 14900, 71.69, 72, 48.65, 1, 4494
20784, 14901, 71.69, 72, 48.65, 1, 4494
20785, 14902, 71.70, 72, 48.65, 1, 4494
20786, 14903, 71.70, 72, 48.65, 1, 4494
20787, 14904, 71.70, 72, 48.65, 1, 4494
20788, 14904, 71.70, 72, 48.65, 1, 4494
20789, 14905, 71.70, 72, 48.65, 1, 4494
20790, 14905, 71.69, 72, 48.65, 1, 4494
20791, 14906, 71.69, 72, 48.65, 1, 4494
20792, 14907, 71.70, 72, 48.65, 1, 4494
20793, 14908, 71.70, 72, 48.65, 1, 4494
20794, 14909, 71.70, 72, 48.65, 1, 4494
20795, 14910, 71.70, 72, 48.65, 1, 4494
20796, 14911, 71.70, 72, 48.65, 1, 4494
20797, 14912, 71.70, 72, 48.65, 1, 4494
20798, 14913, 71.70, 72, 48.65, 1, 4494
20799, 14914, 71.71, 72, 48.65, 1, 4494
20800, 14915, 71.71, 72, 48.65, 1, 4494
20801, 14916, 71.71, 72, 48.65, 1, 4494
20802, 14917, 71.71, 72, 48.65, 1, 4494
20803, 14918, 71.71, 72, 48.65, 1, 4494
20804, 14919, 71.71, 72, 48.65, 1, 4494
20805, 14920, 71.71, 72, 48.65, 1, 4494
20806, 14920, 71.71, 72, 48.65, 1, 4494
20807, 14921, 71.71, 72, 48.65, 1, 4494
20808, 14922, 71.71, 72, 48.65, 1, 4494
20809, 14922, 71.71, 72, 48.65, 1, 4495
20810, 14923, 71.71, 72, 48.65, 1, 4495
20811, 14924, 71.71, 72, 48.65, 1, 4495
20812, 14925, 71.71, 72, 48.65, 1, 4495
20813, 14926, 71.71, 72, 48.65, 1, 4495
20814, 14927, 71.72, 72, 48.65, 1, 4495
20815, 14928, 71.72, 72, 48.65, 1, 4495
20816, 14929, 71.72, 72, 48.65, 1, 4495
20817, 14929, 71.72, 72, 48.65, 1, 4496
20818, 14929, 71.71, 72, 48.65, 1, 4497
20819, 14930, 71.71, 72, 48.65, 1, 4497
20820, 14931, 71.71, 72, 48.65, 1, 4497
20821, 14932, 71.72, 72, 48.65, 1, 4497
20822, 14933, 71.72, 72, 48.65, 1, 4497
20823, 14933, 71.71, 72, 48.65, 1, 4497
20824, 14933, 71.71, 72, 48.65, 1, 4498
20825, 14934, 71.71, 72, 48.65, 1, 4498
20826, 14934, 71.71, 72, 48.65, 1, 4499
20827, 14935, 71.71, 72, 48.65, 1, 4499
20828, 14936, 71.71, 72, 48.65, 1, 4499
20829, 14936, 71.71, 72, 48.65, 1, 4499
20830, 14936, 71.70, 72, 48.65, 1, 4500
20831, 14937, 71.71, 72, 48.65, 1, 4500
20832, 14938, 71.71, 72, 48.65, 1, 4500
20833, 14939, 71.71, 72, 48.65, 1, 4500
20834, 14939, 71.70, 72, 48.65, 1, 4501
20835, 14940, 71.71, 72, 48.65, 1, 4501
20836, 14941, 71.71, 72, 48.65, 1, 4501
20837, 14941, 71.70, 72, 48.65, 1, 4502
20838, 14941, 71.70, 72, 48.65, 1, 4503
20839, 14942, 71.70, 72, 48.65, 1, 4503
20840, 14943, 71.70, 72, 48.65, 1, 4503
20841, 14944, 71.70, 72, 48.65, 1, 4503
20842, 14944, 71.70, 72, 48.65, 1, 4503
20843, 14945, 71.70, 72, 48.65, 1, 4503
20844, 14945, 71.70, 72, 48.65, 1, 4504
20845, 14946, 71.70, 72, 48.65, 1, 4504
20846, 14947, 71.70, 72, 48.65, 1, 4504
20847, 14947, 71.70, 72, 48.65, 1, 4505
20848, 14948, 71.70, 72, 48.65, 1, 4505
20849, 14948, 71.70, 72, 48.65, 1, 4505
20850, 14948, 71.69, 72, 48.65, 1, 4506
20851, 14949, 71.69, 72, 48.65, 1, 4506
20852, 14950, 71.70, 72, 48.65, 1, 4506
20853, 14951, 71.70, 72, 48.65, 1, 4506
20854, 14952, 71.70, 72, 48.65, 1, 4506
20855, 14953, 71.70, 72, 48.65, 1, 4506
20856, 14954, 71.70, 72, 48.65, 1, 4506
20857, 14955, 71.70, 72, 48.65, 1, 4506
20858, 14955, 71.70, 72, 48.65, 1, 4507
20859, 14956, 71.70, 72, 48.65, 1, 4507
20860, 14957, 71.70, 72, 48.65, 1, 4507
20861, 14958, 71.70, 72, 48.65, 1, 4507
20862, 14959, 71.70, 72, 48.65, 1, 4507
20863, 14960, 71.71, 72, 48.65, 1, 4507
20864, 14960, 71.70, 72, 48.65, 1, 4507
20865, 14960, 71.70, 72, 48.65, 1, 4507
20866, 14961, 71.70, 72, 48.65, 1, 4507
20867, 14962, 71.70, 72, 48.65, 1, 4507
20868, 14963, 71.70, 72, 48.65, 1, 4507
20869, 14964, 71.70, 72, 48.65, 1, 4507
20870, 14965, 71.71, 72, 48.65, 1, 4507
20871, 14965, 71.70, 72, 48.65, 1, 4508
20872, 14965, 71.70, 72, 48.65, 1, 4509
20873, 14965, 71.70, 72, 48.65, 1, 4510
20874, 14966, 71.70, 72, 48.65, 1, 4510
20875, 14966, 71.69, 72, 48.65, 1, 4511
20876, 14967, 71.69, 72, 48.65, 1, 4511
20877, 14968, 71.70, 72, 48.65, 1, 4511
20878, 14969, 71.70, 72, 48.65, 1, 4511
20879, 14969, 71.69, 72, 48.65, 1, 4512
20880, 14970, 71.70, 72, 48.65, 1, 4512
20881, 14971, 71.70, 72, 48.65, 1, 4512
20882, 14972, 71.70, 72, 48.65, 1, 4512
20883, 14973, 71.70, 72, 48.65, 1, 4512
20884, 14974, 71.70, 72, 48.65, 1, 4512
20885, 14974, 71.70, 72, 48.65, 1, 4513
20886, 14975, 71.70, 72, 48.65, 1, 4513
20887, 14976, 71.70, 72, 48.65, 1, 4513
20888, 14977, 71.70, 72, 48.65, 1, 4513
20889, 14977, 71.70, 72, 48.65, 1, 4514
20890, 14978, 71.70, 72, 48.65, 1, 4514
20891, 14979, 71.70, 72, 48.65, 1, 4514
20892, 14980, 71.70, 72, 48.65, 1, 4514
20893, 14981, 71.70, 72, 48.65, 1, 4514
20894, 14982, 71.70, 72, 48.65, 1, 4514
20895, 14983, 71.71, 72, 48.65, 1, 4514
20896, 14983, 71.70, 72, 48.65, 1, 4515
20897, 14983, 71.70, 72, 48.65, 1, 4516
20898, 14984, 71.70, 72, 48.65, 1, 4516
20899, 14984, 71.70, 72, 48.65, 1, 4517
20900, 14984, 71.69, 72, 48.65, 1, 4518
20901, 14985, 71.70, 72, 48.65, 1, 4518
20902, 14986, 71.70, 72, 48.65, 1, 4518
20903, 14986, 71.69, 72, 48.65, 1, 4519
20904, 14987, 71.69, 72, 48.65, 1, 4519
20905, 14987, 71.69, 72, 48.65, 1, 4519
20906, 14987, 71.69, 72, 48.65, 1, 4520
20907, 14987, 71.68, 72, 48.65, 1, 4521
20908, 14987, 71.68, 72, 48.65, 1, 4521
20909, 14988, 71.68, 72, 48.65, 1, 4521
20910, 14988, 71.68, 72, 48.65, 1, 4522
20911, 14989, 71.68, 72, 48.65, 1, 4522
20912, 14989, 71.68, 72, 48.65, 1, 4523
20913, 14989, 71.67, 72, 48.65, 1, 4524
20914, 14989, 71.67, 72, 48.65, 1, 4525
20915, 14990, 71.67, 72, 48.65, 1, 4525
20916, 14991, 71.67, 72, 48.65, 1, 4525
20917, 14991, 71.67, 72, 48.65, 1, 4526
20918, 14992, 71.67, 72, 48.65, 1, 4526
20919, 14993, 71.67, 72, 48.65, 1, 4526
20920, 14994, 71.67, 72, 48.65, 1, 4526
20921, 14994, 71.67, 72, 48.65, 1, 4527
20922, 14994, 71.67, 72, 48.65, 1, 4528
20923, 14995, 71.67, 72, 48.65, 1, 4528
20924, 14996, 71.67, 72, 48.65, 1, 4528
20925, 14997, 71.67, 72, 48.65, 1, 4528
20926, 14998, 71.67, 72, 48.65, 1, 4528
20927, 14999, 71.67, 72, 48.65, 1, 4528
20928, 15000, 71.67, 72, 48.65, 1, 4528
20929, 15001, 71.68, 72, 48.65, 1, 4528
20930, 15001, 71.67, 72, 48.65, 1, 4529
20931, 15002, 71.67, 72, 48.65, 1, 4529
20932, 15003, 71.67, 72, 48.65, 1, 4529
20933, 15004, 71.68, 72, 48.65, 1, 4529
20934, 15005, 71.68, 72, 48.65, 1, 4529
20935, 15006, 71.68, 72, 48.65, 1, 4529
20936, 15006, 71.68, 72, 48.65, 1, 4530
20937, 15007, 71.68, 72, 48.65, 1, 4530
20938, 15008, 71.68, 72, 48.65, 1, 4530
20939, 15009, 71.68, 72, 48.65, 1, 4530
20940, 15009, 71.68, 72, 48.65, 1, 4531
20941, 15010, 71.68, 72, 48.65, 1, 4531
20942, 15011, 71.68, 72, 48.65, 1, 4531
20943, 15012, 71.68, 72, 48.65, 1, 4531
20944, 15013, 71.68, 72, 48.65, 1, 4531
20945, 15013, 71.68, 72, 48.65, 1, 4532
20946, 15013, 71.67, 72, 48.65, 1, 4533
20947, 15014, 71.68, 72, 48.65, 1, 4533
20948, 15015, 71.68, 72, 48.65, 1, 4533
20949, 15015, 71.67, 72, 48.65, 1, 4534
20950, 15016, 71.68, 72, 48.65, 1, 4534
20951, 15017, 71.68, 72, 48.65, 1, 4534
20952, 15017, 71.67, 72, 48.65, 1, 4534
20953, 15017, 71.67, 72, 48.65, 1, 4534
20954, 15017, 71.67, 72, 48.65, 1, 4534
20955, 15018, 71.67, 72, 48.65, 1, 4534
20956, 15018, 71.66, 72, 48.65, 1, 4535
20957, 15019, 71.67, 72, 48.65, 1, 4535
20958, 15020, 71.67, 72, 48.65, 1, 4535
20959, 15021, 71.67, 72, 48.65, 1, 4535
20960, 15022, 71.67, 72, 48.65, 1, 4535
20961, 15022, 71.67, 72, 48.65, 1, 4536
20962, 15022, 71.66, 72, 48.65, 1, 4537
20963, 15023, 71.66, 72, 48.65, 1, 4537
20964, 15023, 71.66, 72, 48.65, 1, 4538
20965, 15023, 71.66, 72, 48.65, 1, 4538
20966, 15023, 71.65, 72, 48.65, 1, 4539
20967, 15024, 71.66, 72, 48.65, 1, 4539
20968, 15025, 71.66, 72, 48.65, 1, 4539
20969, 15026, 71.66, 72, 48.65, 1, 4539
20970, 15027, 71.66, 72, 48.65, 1, 4539
20971, 15028, 71.66, 72, 48.65, 1, 4539
20972, 15028, 71.66, 72, 48.65, 1, 4540
20973, 15029, 71.66, 72, 48.65, 1, 4540
20974, 15029, 71.66, 72, 48.65, 1, 4541
20975, 15030, 71.66, 72, 48.65, 1, 4541
20976, 15030, 71.65, 72, 48.65, 1, 4542
20977, 15031, 71.65, 72, 48.65, 1, 4542
20978, 15032, 71.66, 72, 48.65, 1, 4542
20979, 15033, 71.66, 72, 48.65, 1, 4542
20980, 15033, 71.65, 72, 48.65, 1, 4543
20981, 15033, 71.65, 72, 48.65, 1, 4544
20982, 15034, 71.65, 72, 48.65, 1, 4544
20983, 15035, 71.65, 72, 48.65, 1, 4544
20984, 15035, 71.65, 72, 48.65, 1, 4544
20985, 15036, 71.65, 72, 48.65, 1, 4544
20986, 15037, 71.65, 72, 48.65, 1, 4544
20987, 15037, 71.65, 72, 48.65, 1, 4544
20988, 15038, 71.65, 72, 48.65, 1, 4544
20989, 15038, 71.65, 72, 48.65, 1, 4544
20990, 15039, 71.65, 72, 48.65, 1, 4544
20991, 15040, 71.65, 72, 48.65, 1, 4544
20992, 15041, 71.65, 72, 48.65, 1, 4544
20993, 15042, 71.65, 72, 48.65, 1, 4544
20994, 15043, 71.65, 72, 48.65, 1, 4544
20995, 15044, 71.66, 72, 48.65, 1, 4544
20996, 15044, 71.65, 72, 48.65, 1, 4545
20997, 15044, 71.65, 72, 48.65, 1, 4546
20998, 15045, 71.65, 72, 48.65, 1, 4546
20999, 15045, 71.65, 72, 48.65, 1, 4547
21000, 15045, 71.64, 72, 48.65, 1, 4548
21001, 15046, 71.64, 72, 48.65, 1, 4548
21002, 15046, 71.64, 72, 48.65, 1, 4549
21003, 15046, 71.64, 72, 48.65, 1, 4549
21004, 15047, 71.64, 72, 48.65, 1, 4549
21005, 15048, 71.64, 72, 48.65, 1, 4549
21006, 15048, 71.64, 72, 48.65, 1, 4550
21007, 15049, 71.64, 72, 48.65, 1, 4550
21008, 15049, 71.63, 72, 48.65, 1, 4551
21009, 15050, 71.64, 72, 48.65, 1, 4551
21010, 15050, 71.63, 72, 48.65, 1, 4552
21011, 15050, 71.63, 72, 48.65, 1, 4553
21012, 15051, 71.63, 72, 48.65, 1, 4553
21013, 15052, 71.63, 72, 48.65, 1, 4553
21014, 15052, 71.63, 72, 48.65, 1, 4554
21015, 15052, 71.63, 72, 48.65, 1, 4554
21016, 15053, 71.63, 72, 48.65, 1, 4554
21017, 15054, 71.63, 72, 48.65, 1, 4554
21018, 15055, 71.63, 72, 48.65, 1, 4554
21019, 15055, 71.63, 72, 48.65, 1, 4554
21020, 15055, 71.62, 72, 48.65, 1, 4554
21021, 15056, 71.62, 72, 48.65, 1, 4554
21022, 15056, 71.62, 72, 48.65, 1, 4555
21023, 15057, 71.62, 72, 48.65, 1, 4555
21024, 15057, 71.62, 72, 48.65, 1, 4556
21025, 15058, 71.62, 72, 48.65, 1, 4556
21026, 15059, 71.62, 72, 48.65, 1, 4556
21027, 15060, 71.62, 72, 48.65, 1, 4556
21028, 15061, 71.62, 72, 48.65, 1, 4556
21029, 15062, 71.62, 72, 48.65, 1, 4556
21030, 15063, 71.63, 72, 48.65, 1, 4556
21031, 15064, 71.63, 72, 48.65, 1, 4556
21032, 15065, 71.63, 72, 48.65, 1, 4556
21033, 15066, 71.63, 72, 48.65, 1, 4556
21034, 15067, 71.63, 72, 48.65, 1, 4556
21035, 15068, 71.63, 72, 48.65, 1, 4556
21036, 15069, 71.63, 72, 48.65, 1, 4556
21037, 15069, 71.63, 72, 48.65, 1, 4557
21038, 15070, 71.63, 72, 48.65, 1, 4557
21039, 15071, 71.63, 72, 48.65, 1, 4557
21040, 15071, 71.63, 72, 48.65, 1, 4558
21041, 15071, 71.63, 72, 48.65, 1, 4559
21042, 15072, 71.63, 72, 48.65, 1, 4559
21043, 15073, 71.63, 72, 48.65, 1, 4559
21044, 15074, 71.63, 72, 48.65, 1, 4559
21045, 15075, 71.63, 72, 48.65, 1, 4559
21046, 15076, 71.63, 72, 48.65, 1, 4559
21047, 15076, 71.63, 72, 48.65, 1, 4560
21048, 15077, 71.63, 72, 48.65, 1, 4560
21049, 15078, 71.63, 72, 48.65, 1, 4560
21050, 15079, 71.63, 72, 48.65, 1, 4560
21051, 15079, 71.63, 72, 48.65, 1, 4561
21052, 15080, 71.63, 72, 48.65, 1, 4561
21053, 15080, 71.63, 72, 48.65, 1, 4562
21054, 15081, 71.63, 72, 48.65, 1, 4562
21055, 15082, 71.63, 72, 48.65, 1, 4562
21056, 15083, 71.63, 72, 48.65, 1, 4562
21057, 15084, 71.63, 72, 48.65, 1, 4562
21058, 15085, 71.64, 72, 48.65, 1, 4562
21059, 15086, 71.64, 72, 48.65, 1, 4562
21060, 15087, 71.64, 72, 48.65, 1, 4562
21061, 15088, 71.64, 72, 48.65, 1, 4562
21062, 15089, 71.64, 72, 48.65, 1, 4562
21063, 15089, 71.64, 72, 48.65, 1, 4563
21064, 15089, 71.63, 72, 48.65, 1, 4564
21065, 15090, 71.64, 72, 48.65, 1, 4564
21066, 15090, 71.63, 72, 48.65, 1, 4565
21067, 15090, 71.63, 72, 48.65, 1, 4566
21068, 15090, 71.63, 72, 48.65, 1, 4567
21069, 15091, 71.63, 72, 48.65, 1, 4567
21070, 15092, 71.63, 72, 48.65, 1, 4567
21071, 15093, 71.63, 72, 48.65, 1, 4567
21072, 15093, 71.63, 72, 48.65, 1, 4567
21073, 15094, 71.63, 72, 48.65, 1, 4567
21074, 15095, 71.63, 72, 48.65, 1, 4567
21075, 15096, 71.63, 72, 48.65, 1, 4567
21076, 15096, 71.63, 72, 48.65, 1, 4567
21077, 15097, 71.63, 72, 48.65, 1, 4567
21078, 15097, 71.62, 72, 48.65, 1, 4568
21079, 15098, 71.63, 72, 48.65, 1, 4568
21080, 15099, 71.63, 72, 48.65, 1, 4568
21081, 15100, 71.63, 72, 48.65, 1, 4568
21082, 15100, 71.63, 72, 48.65, 1, 4569
21083, 15101, 71.63, 72, 48.65, 1, 4569
21084, 15102, 71.63, 72, 48.65, 1, 4569
21085, 15103, 71.63, 72, 48.65, 1, 4569
21086, 15103, 71.63, 72, 48.65, 1, 4570
21087, 15104, 71.63, 72, 48.65, 1, 4570
21088, 15105, 71.63, 72, 48.65, 1, 4570
21089, 15106, 71.63, 72, 48.65, 1, 4570
21090, 15107, 71.63, 72, 48.65, 1, 4570
21091, 15107, 71.63, 72, 48.65, 1, 4571
21092, 15108, 71.63, 72, 48.65, 1, 4571
21093, 15109, 71.63, 72, 48.65, 1, 4571
21094, 15110, 71.63, 72, 48.65, 1, 4571
21095, 15111, 71.63, 72, 48.65, 1, 4571
21096, 15112, 71.63, 72, 48.65, 1, 4571
21097, 15112, 71.63, 72, 48.65, 1, 4572
21098, 15113, 71.63, 72, 48.65, 1, 4572
21099, 15114, 71.63, 72, 48.65, 1, 4572
21100, 15115, 71.64, 72, 48.65, 1, 4572
21101, 15115, 71.63, 72, 48.65, 1, 4573
21102, 15116, 71.63, 72, 48.65, 1, 4573
21103, 15117, 71.63, 72, 48.65, 1, 4573
21104, 15117, 71.63, 72, 48.65, 1, 4574
21105, 15118, 71.63, 72, 48.65, 1, 4574
21106, 15119, 71.63, 72, 48.65, 1, 4574
21107, 15120, 71.64, 72, 48.65, 1, 4574
21108, 15121, 71.64, 72, 48.65, 1, 4574
21109, 15122, 71.64, 72, 48.65, 1, 4574
21110, 15123, 71.64, 72, 48.65, 1, 4574
21111, 15123, 71.64, 72, 48.65, 1, 4575
21112, 15124, 71.64, 72, 48.65, 1, 4575
21113, 15124, 71.63, 72, 48.65, 1, 4575
21114, 15125, 71.63, 72, 48.65, 1, 4575
21115, 15126, 71.64, 72, 48.65, 1, 4575
21116, 15127, 71.64, 72, 48.65, 1, 4575
21117, 15128, 71.64, 72, 48.65, 1, 4575
21118, 15129, 71.64, 72, 48.65, 1, 4575
21119, 15130, 71.64, 72, 48.65, 1, 4575
21120, 15131, 71.64, 72, 48.65, 1, 4575
21121, 15132, 71.64, 72, 48.65, 1, 4575
21122, 15132, 71.64, 72, 48.65, 1, 4575
21123, 15133, 71.64, 72, 48.65, 1, 4575
21124, 15134, 71.64, 72, 48.65, 1, 4575
21125, 15135, 71.64, 72, 48.65, 1, 4575
21126, 15136, 71.65, 72, 48.65, 1, 4575
21127, 15137, 71.65, 72, 48.65, 1, 4575
21128, 15138, 71.65, 72, 48.65, 1, 4575
21129, 15138, 71.65, 72, 48.65, 1, 4575
21130, 15139, 71.65, 72, 48.65, 1, 4575
21131, 15140, 71.65, 72, 48.65, 1, 4575
21132, 15141, 71.65, 72, 48.65, 1, 4575
21133, 15142, 71.65, 72, 48.65, 1, 4575
21134, 15142, 71.65, 72, 48.65, 1, 4575
21135, 15143, 71.65, 72, 48.65, 1, 4575
21136, 15144, 71.65, 72, 48.65, 1, 4575
21137, 15144, 71.65, 72, 48.65, 1, 4575
21138, 15145, 71.65, 72, 48.65, 1, 4575
21139, 15146, 71.65, 72, 48.65, 1, 4575
21140, 15147, 71.65, 72, 48.65, 1, 4575
21141, 15147, 71.65, 72, 48.65, 1, 4576
21142, 15147, 71.64, 72, 48.65, 1, 4577
21143, 15148, 71.65, 72, 48.65, 1, 4577
21144, 15149, 71.65, 72, 48.65, 1, 4577
21145, 15149, 71.64, 72, 48.65, 1, 4578
21146, 15150, 71.64, 72, 48.65, 1, 4578
21147, 15151, 71.65, 72, 48.65, 1, 4578
21148, 15152, 71.65, 72, 48.65, 1, 4578
21149, 15153, 71.65, 72, 48.65, 1, 4578
21150, 15154, 71.65, 72, 48.65, 1, 4578
21151, 15155, 71.65, 72, 48.65, 1, 4578
21152, 15155, 71.65, 72, 48.65, 1, 4579
21153, 15155, 71.64, 72, 48.65, 1, 4580
21154, 15156, 71.65, 72, 48.65, 1, 4580
21155, 15157, 71.65, 72, 48.65, 1, 4580
21156, 15158, 71.65, 72, 48.65, 1, 4580
21157, 15159, 71.65, 72, 48.65, 1, 4580
21158, 15160, 71.65, 72, 48.65, 1, 4580
21159, 15160, 71.65, 72, 48.65, 1, 4581
21160, 15160, 71.64, 72, 48.65, 1, 4582
21161, 15160, 71.64, 72, 48.65, 1, 4583
21162, 15160, 71.64, 72, 48.65, 1, 4584
21163, 15161, 71.64, 72, 48.65, 1, 4584
21164, 15162, 71.64, 72, 48.65, 1, 4584
21165, 15163, 71.64, 72, 48.65, 1, 4584
21166, 15164, 71.64, 72, 48.65, 1, 4584
21167, 15165, 71.64, 72, 48.65, 1, 4584
21168, 15165, 71.64, 72, 48.65, 1, 4585
21169, 15165, 71.64, 72, 48.65, 1, 4586
21170, 15166, 71.64, 72, 48.65, 1, 4586
21171, 15167, 71.64, 72, 48.65, 1, 4586
21172, 15168, 71.64, 72, 48.65, 1, 4586
21173, 15169, 71.64, 72, 48.65, 1, 4586
21174, 15170, 71.64, 72, 48.65, 1, 4586
21175, 15171, 71.65, 72, 48.65, 1, 4586
21176, 15172, 71.65, 72, 48.65, 1, 4586
21177, 15173, 71.65, 72, 48.65, 1, 4586
21178, 15174, 71.65, 72, 48.65, 1, 4586
21179, 15175, 71.65, 72, 48.65, 1, 4586
21180, 15176, 71.65, 72, 48.65, 1, 4586
21181, 15177, 71.65, 72, 48.65, 1, 4586
21182, 15178, 71.66, 72, 48.65, 1, 4586
21183, 15179, 71.66, 72, 48.65, 1, 4586
21184, 15180, 71.66, 72, 48.65, 1, 4586
21185, 15181, 71.66, 72, 48.65, 1, 4586
21186, 15182, 71.66, 72, 48.65, 1, 4586
21187, 15183, 71.66, 72, 48.65, 1, 4586
21188, 15184, 71.66, 72, 48.65, 1, 4586
21189, 15185, 71.66, 72, 48.65, 1, 4586
21190, 15186, 71.67, 72, 48.65, 1, 4586
21191, 15187, 71.67, 72, 48.65, 1, 4586
21192, 15188, 71.67, 72, 48.65, 1, 4586
21193, 15189, 71.67, 72, 48.65, 1, 4586
21194, 15189, 71.67, 72, 48.65, 1, 4587
21195, 15190, 71.67, 72, 48.65, 1, 4587
21196, 15191, 71.67, 72, 48.65, 1, 4587
21197, 15191, 71.67, 72, 48.65, 1, 4587
21198, 15192, 71.67, 72, 48.65, 1, 4587
21199, 15193, 71.67, 72, 48.65, 1, 4587
21200, 15194, 71.67, 72, 48.65, 1, 4587
21201, 15194, 71.67, 72, 48.65, 1, 4587
21202, 15194, 71.66, 72, 48.65, 1, 4587
21203, 15195, 71.66, 72, 48.65, 1, 4587
21204, 15196, 71.67, 72, 48.65, 1, 4587
21205, 15196, 71.66, 72, 48.65, 1, 4588
21206, 15196, 71.66, 72, 48.65, 1, 4589
21207, 15197, 71.66, 72, 48.65, 1, 4589
21208, 15198, 71.66, 72, 48.65, 1, 4589
21209, 15198, 71.66, 72, 48.65, 1, 4590
21210, 15198, 71.65, 72, 48.65, 1, 4591
21211, 15199, 71.66, 72, 48.65, 1, 4591
21212, 15200, 71.66, 72, 48.65, 1, 4591
21213, 15201, 71.66, 72, 48.65, 1, 4591
21214, 15201, 71.66, 72, 48.65, 1, 4592
21215, 15202, 71.66, 72, 48.65, 1, 4592
21216, 15203, 71.66, 72, 48.65, 1, 4592
21217, 15204, 71.66, 72, 48.65, 1, 4592
21218, 15205, 71.66, 72, 48.65, 1, 4592
21219, 15206, 71.66, 72, 48.65, 1, 4592
21220, 15206, 71.66, 72, 48.65, 1, 4592
21221, 15207, 71.66, 72, 48.65, 1, 4592
21222, 15208, 71.66, 72, 48.65, 1, 4592
21223, 15209, 71.66, 72, 48.65, 1, 4592
21224, 15210, 71.66, 72, 48.65, 1, 4592
21225, 15211, 71.67, 72, 48.65, 1, 4592
21226, 15212, 71.67, 72, 48.65, 1, 4592
21227, 15213, 71.67, 72, 48.65, 1, 4592
21228, 15214, 71.67, 72, 48.65, 1, 4592
21229, 15215, 71.67, 72, 48.65, 1, 4592
21230, 15216, 71.67, 72, 48.65, 1, 4592
21231, 15217, 71.67, 72, 48.65, 1, 4592
21232, 15217, 71.67, 72, 48.65, 1, 4592
21233, 15217, 71.67, 72, 48.65, 1, 4592
21234, 15218, 71.67, 72, 48.65, 1, 4592
21235, 15218, 71.66, 72, 48.65, 1, 4592
21236, 15219, 71.67, 72, 48.65, 1, 4592
21237, 15220, 71.67, 72, 48.65, 1, 4592
21238, 15221, 71.67, 72, 48.65, 1, 4592
21239, 15222, 71.67, 72, 48.65, 1, 4592
21240, 15223, 71.67, 72, 48.65, 1, 4592
21241, 15224, 71.67, 72, 48.65, 1, 4592
21242, 15224, 71.67, 72, 48.65, 1, 4593
21243, 15225, 71.67, 72, 48.65, 1, 4593
21244, 15226, 71.67, 72, 48.65, 1, 4593
21245, 15226, 71.67, 72, 48.65, 1, 4594
21246, 15227, 71.67, 72, 48.65, 1, 4594
21247, 15228, 71.67, 72, 48.65, 1, 4594
21248, 15228, 71.67, 72, 48.65, 1, 4595
21249, 15228, 71.66, 72, 48.65, 1, 4595
21250, 15228, 71.66, 72, 48.65, 1, 4595
21251, 15229, 71.66, 72, 48.65, 1, 4595
21252, 15230, 71.66, 72, 48.65, 1, 4595
21253, 15231, 71.67, 72, 48.65, 1, 4595
21254, 15232, 71.67, 72, 48.65, 1, 4595
21255, 15233, 71.67, 72, 48.65, 1, 4595
21256, 15234, 71.67, 72, 48.65, 1, 4595
21257, 15235, 71.67, 72, 48.65, 1, 4595
21258, 15236, 71.67, 72, 48.65, 1, 4595
21259, 15237, 71.67, 72, 48.65, 1, 4595
21260, 15237, 71.67, 72, 48.65, 1, 4595
21261, 15238, 71.67, 72, 48.65, 1, 4595
21262, 15239, 71.67, 72, 48.65, 1, 4595
21263, 15240, 71.67, 72, 48.65, 1, 4595
21264, 15241, 71.68, 72, 48.65, 1, 4595
21265, 15242, 71.68, 72, 48.65, 1, 4595
21266, 15243, 71.68, 72, 48.65, 1, 4595
21267, 15244, 71.68, 72, 48.65, 1, 4595
21268, 15244, 71.68, 72, 48.65, 1, 4596
21269, 15244, 71.67, 72, 48.65, 1, 4597
21270, 15245, 71.67, 72, 48.65, 1, 4597
21271, 15246, 71.68, 72, 48.65, 1, 4597
21272, 15247, 71.68, 72, 48.65, 1, 4597
21273, 15248, 71.68, 72, 48.65, 1, 4597
21274, 15248, 71.67, 72, 48.65, 1, 4598
21275, 15248, 71.67, 72, 48.65, 1, 4598
21276, 15248, 71.67, 72, 48.65, 1, 4598
21277, 15249, 71.67, 72, 48.65, 1, 4598
21278, 15250, 71.67, 72, 48.65, 1, 4598
21279, 15251, 71.67, 72, 48.65, 1, 4598
21280, 15251, 71.67, 72, 48.65, 1, 4598
21281, 15252, 71.67, 72, 48.65, 1, 4598
21282, 15252, 71.67, 72, 48.65, 1, 4599
21283, 15253, 71.67, 72, 48.65, 1, 4599
21284, 15254, 71.67, 72, 48.65, 1, 4599
21285, 15255, 71.67, 72, 48.65, 1, 4599
21286, 15255, 71.67, 72, 48.65, 1, 4600
21287, 15256, 71.67, 72, 48.65, 1, 4600
21288, 15257, 71.67, 72, 48.65, 1, 4600
21289, 15258, 71.67, 72, 48.65, 1, 4600
21290, 15259, 71.67, 72, 48.65, 1, 4600
21291, 15260, 71.67, 72, 48.65, 1, 4600
21292, 15260, 71.67, 72, 48.65, 1, 4601
21293, 15260, 71.67, 72, 48.65, 1, 4601
21294, 15261, 71.67, 72, 48.65, 1, 4601
21295, 15261, 71.66, 72, 48.65, 1, 4601
21296, 15261, 71.66, 72, 48.65, 1, 4602
21297, 15262, 71.66, 72, 48.65, 1, 4602
21298, 15263, 71.66, 72, 48.65, 1, 4602
21299, 15264, 71.67, 72, 48.65, 1, 4602
21300, 15264, 71.66, 72, 48.65, 1, 4603
21301, 15265, 71.66, 72, 48.65, 1, 4603
21302, 15265, 71.66, 72, 48.65, 1, 4603
21303, 15265, 71.66, 72, 48.65, 1, 4603
21304, 15265, 71.65, 72, 48.65, 1, 4604
21305, 15265, 71.65, 72, 48.65, 1, 4605
21306, 15265, 71.65, 72, 48.65, 1, 4606
21307, 15266, 71.65, 72, 48.65, 1, 4606
21308, 15267, 71.65, 72, 48.65, 1, 4606
21309, 15267, 71.65, 72, 48.65, 1, 4607
21310, 15268, 71.65, 72, 48.65, 1, 4607
21311, 15269, 71.65, 72, 48.65, 1, 4607
21312, 15270, 71.65, 72, 48.65, 1, 4607
21313, 15271, 71.65, 72, 48.65, 1, 4607
21314, 15272, 71.65, 72, 48.65, 1, 4607
21315, 15273, 71.65, 72, 48.65, 1, 4607
21316, 15273, 71.65, 72, 48.65, 1, 4607
21317, 15274, 71.65, 72, 48.65, 1, 4607
21318, 15275, 71.65, 72, 48.65, 1, 4607
21319, 15276, 71.65, 72, 48.65, 1, 4607
21320, 15277, 71.66, 72, 48.65, 1, 4607
21321, 15278, 71.66, 72, 48.65, 1, 4607
21322, 15279, 71.66, 72, 48.65, 1, 4607
21323, 15280, 71.66, 72, 48.65, 1, 4607
21324, 15281, 71.66, 72, 48.65, 1, 4607
21325, 15282, 71.66, 72, 48.65, 1, 4607
21326, 15283, 71.66, 72, 48.65, 1, 4607
21327, 15284, 71.67, 72, 48.65, 1, 4607
21328, 15285, 71.67, 72, 48.65, 1, 4607
21329, 15286, 71.67, 72, 48.65, 1, 4607
21330, 15287, 71.67, 72, 48.65, 1, 4607
21331, 15288, 71.67, 72, 48.65, 1, 4607
21332, 15289, 71.67, 72, 48.65, 1, 4607
21333, 15290, 71.67, 72, 48.65, 1, 4607
21334, 15290, 71.67, 72, 48.65, 1, 4608
21335, 15291, 71.67, 72, 48.65, 1, 4608
21336, 15292, 71.67, 72, 48.65, 1, 4608
21337, 15293, 71.67, 72, 48.65, 1, 4608
21338, 15294, 71.67, 72, 48.65, 1, 4608
21339, 15295, 71.68, 72, 48.65, 1, 4608
21340, 15296, 71.68, 72, 48.65, 1, 4608
21341, 15297, 71.68, 72, 48.65, 1, 4608
21342, 15298, 71.68, 72, 48.65, 1, 4608
21343, 15298, 71.68, 72, 48.65, 1, 4609
21344, 15299, 71.68, 72, 48.65, 1, 4609
21345, 15300, 71.68, 72, 48.65, 1, 4609
21346, 15300, 71.68, 72, 48.65, 1, 4610
21347, 15301, 71.68, 72, 48.65, 1, 4610
21348, 15301, 71.67, 72, 48.65, 1, 4611
21349, 15301, 71.67, 72, 48.65, 1, 4612
21350, 15302, 71.67, 72, 48.65, 1, 4612
21351, 15303, 71.67, 72, 48.65, 1, 4612
21352, 15303, 71.67, 72, 48.65, 1, 4613
21353, 15303, 71.67, 72, 48.65, 1, 4614
21354, 15303, 71.66, 72, 48.65, 1, 4615
21355, 15304, 71.66, 72, 48.65, 1, 4615
21356, 15305, 71.67, 72, 48.65, 1, 4615
21357, 15306, 71.67, 72, 48.65, 1, 4615
21358, 15307, 71.67, 72, 48.65, 1, 4615
21359, 15308, 71.67, 72, 48.65, 1, 4615
21360, 15309, 71.67, 72, 48.65, 1, 4615
21361, 15309, 71.67, 72, 48.65, 1, 4615
21362, 15310, 71.67, 72, 48.65, 1, 4615
21363, 15311, 71.67, 72, 48.65, 1, 4615
21364, 15312, 71.67, 72, 48.65, 1, 4615
21365, 15313, 71.67, 72, 48.65, 1, 4615
21366, 15313, 71.67, 72, 48.65, 1, 4615
21367, 15314, 71.67, 72, 48.65, 1, 4615
21368, 15315, 71.67, 72, 48.65, 1, 4615
21369, 15315, 71.67, 72, 48.65, 1, 4615
21370, 15315, 71.67, 72, 48.65, 1, 4616
21371, 15315, 71.66, 72, 48.65, 1, 4617
21372, 15316, 71.66, 72, 48.65, 1, 4617
21373, 15317, 71.67, 72, 48.65, 1, 4617
21374, 15317, 71.66, 72, 48.65, 1, 4618
21375, 15317, 71.66, 72, 48.65, 1, 4619
21376, 15318, 71.66, 72, 48.65, 1, 4619
21377, 15319, 71.66, 72, 48.65, 1, 4619
21378, 15320, 71.66, 72, 48.65, 1, 4619
21379, 15321, 71.66, 72, 48.65, 1, 4619
21380, 15322, 71.67, 72, 48.65, 1, 4619
21381, 15323, 71.67, 72, 48.65, 1, 4619
21382, 15324, 71.67, 72, 48.65, 1, 4619
21383, 15324, 71.66, 72, 48.65, 1, 4620
21384, 15325, 71.67, 72, 48.65, 1, 4620
21385, 15326, 71.67, 72, 48.65, 1, 4620
21386, 15326, 71.66, 72, 48.65, 1, 4621
21387, 15327, 71.67, 72, 48.65, 1, 4621
21388, 15328, 71.67, 72, 48.65, 1, 4621
21389, 15329, 71.67, 72, 48.65, 1, 4621
21390, 15329, 71.66, 72, 48.65, 1, 4622
21391, 15330, 71.67, 72, 48.65, 1, 4622
21392, 15330, 71.66, 72, 48.65, 1, 4623
21393, 15330, 71.66, 72, 48.65, 1, 4624
21394, 15330, 71.66, 72, 48.65, 1, 4625
21395, 15331, 71.66, 72, 48.65, 1, 4625
21396, 15332, 71.66, 72, 48.65, 1, 4625
21397, 15332, 71.65, 72, 48.65, 1, 4626
21398, 15333, 71.66, 72, 48.65, 1, 4626
21399, 15334, 71.66, 72, 48.65, 1, 4626
21400, 15335, 71.66, 72, 48.65, 1, 4626
21401, 15336, 71.66, 72, 48.65, 1, 4626
21402, 15336, 71.66, 72, 48.65, 1, 4627
21403, 15337, 71.66, 72, 48.65, 1, 4627
21404, 15338, 71.66, 72, 48.65, 1, 4627
21405, 15339, 71.66, 72, 48.65, 1, 4627
21406, 15340, 71.66, 72, 48.65, 1, 4627
21407, 15341, 71.66, 72, 48.65, 1, 4627
21408, 15342, 71.66, 72, 48.65, 1, 4627
21409, 15343, 71.67, 72, 48.65, 1, 4627
21410, 15344, 71.67, 72, 48.65, 1, 4627
21411, 15344, 71.66, 72, 48.65, 1, 4628
21412, 15344, 71.66, 72, 48.65, 1, 4629
21413, 15345, 71.66, 72, 48.65, 1, 4629
21414, 15346, 71.66, 72, 48.65, 1, 4629
21415, 15347, 71.66, 72, 48.65, 1, 4629
21416, 15348, 71.67, 72, 48.65, 1, 4629
21417, 15349, 71.67, 72, 48.65, 1, 4629
21418, 15350, 71.67, 72, 48.65, 1, 4629
21419, 15351, 71.67, 72, 48.65, 1, 4629
21420, 15352, 71.67, 72, 48.65, 1, 4629
21421, 15353, 71.67, 72, 48.65, 1, 4629
21422, 15354, 71.67, 72, 48.65, 1, 4629
21423, 15355, 71.68, 72, 48.65, 1, 4629
21424, 15356, 71.68, 72, 48.65, 1, 4629
21425, 15356, 71.67, 72, 48.65, 1, 4630
21426, 15356, 71.67, 72, 48.65, 1, 4631
21427, 15357, 71.67, 72, 48.65, 1, 4631
21428, 15357, 71.67, 72, 48.65, 1, 4631
21429, 15357, 71.66, 72, 48.65, 1, 4632
21430, 15357, 71.66, 72, 48.65, 1, 4633
21431, 15357, 71.66, 72, 48.65, 1, 4633
21432, 15358, 71.66, 72, 48.65, 1, 4633
21433, 15359, 71.66, 72, 48.65, 1, 4633
21434, 15360, 71.66, 72, 48.65, 1, 4633
21435, 15361, 71.66, 72, 48.65, 1, 4633
21436, 15362, 71.66, 72, 48.65, 1, 4633
21437, 15362, 71.66, 72, 48.65, 1, 4633
21438, 15363, 71.66, 72, 48.65, 1, 4633
21439, 15363, 71.66, 72, 48.65, 1, 4634
21440, 15364, 71.66, 72, 48.65, 1, 4634
21441, 15365, 71.66, 72, 48.65, 1, 4634
21442, 15366, 71.66, 72, 48.65, 1, 4634
21443, 15366, 71.66, 72, 48.65, 1, 4635
21444, 15367, 71.66, 72, 48.65, 1, 4635
21445, 15367, 71.66, 72, 48.65, 1, 4636
21446, 15368, 71.66, 72, 48.65, 1, 4636
21447, 15369, 71.66, 72, 48.65, 1, 4636
21448, 15370, 71.66, 72, 48.65, 1, 4636
21449, 15371, 71.66, 72, 48.65, 1, 4636
21450, 15372, 71.66, 72, 48.65, 1, 4636
21451, 15373, 71.67, 72, 48.65, 1, 4636
21452, 15374, 71.67, 72, 48.65, 1, 4636
21453, 15375, 71.67, 72, 48.65, 1, 4636
21454, 15375, 71.66, 72, 48.65, 1, 4637
21455, 15376, 71.67, 72, 48.65, 1, 4637
21456, 15377, 71.67, 72, 48.65, 1, 4637
21457, 15377, 71.66, 72, 48.65, 1, 4638
21458, 15377, 71.66, 72, 48.65, 1, 4639
21459, 15377, 71.66, 72, 48.65, 1, 4640
21460, 15378, 71.66, 72, 48.65, 1, 4640
21461, 15379, 71.66, 72, 48.65, 1, 4640
21462, 15380, 71.66, 72, 48.65, 1, 4640
21463, 15380, 71.66, 72, 48.65, 1, 4641
21464, 15381, 71.66, 72, 48.65, 1, 4641
21465, 15381, 71.66, 72, 48.65, 1, 4642
21466, 15381, 71.65, 72, 48.65, 1, 4643
21467, 15382, 71.65, 72, 48.65, 1, 4643
21468, 15383, 71.66, 72, 48.65, 1, 4643
21469, 15384, 71.66, 72, 48.65, 1, 4643
21470, 15385, 71.66, 72, 48.65, 1, 4643
21471, 15386, 71.66, 72, 48.65, 1, 4643
21472, 15387, 71.66, 72, 48.65, 1, 4643
21473, 15388, 71.66, 72, 48.65, 1, 4643
21474, 15389, 71.66, 72, 48.65, 1, 4643
21475, 15390, 71.66, 72, 48.65, 1, 4643
21476, 15391, 71.67, 72, 48.65, 1, 4643
21477, 15391, 71.66, 72, 48.65, 1, 4644
21478, 15392, 71.66, 72, 48.65, 1, 4644
21479, 15393, 71.67, 72, 48.65, 1, 4644
21480, 15394, 71.67, 72, 48.65, 1, 4644
21481, 15395, 71.67, 72, 48.65, 1, 4644
21482, 15395, 71.66, 72, 48.65, 1, 4644
21483, 15395, 71.66, 72, 48.65, 1, 4645
21484, 15395, 71.66, 72, 48.65, 1, 4646
21485, 15396, 71.66, 72, 48.65, 1, 4646
21486, 15397, 71.66, 72, 48.65, 1, 4646
21487, 15398, 71.66, 72, 48.65, 1, 4646
21488, 15399, 71.66, 72, 48.65, 1, 4646
21489, 15400, 71.66, 72, 48.65, 1, 4646
21490, 15401, 71.67, 72, 48.65, 1, 4646
21491, 15401, 71.66, 72, 48.65, 1, 4647
21492, 15402, 71.66, 72, 48.65, 1, 4647
21493, 15402, 71.66, 72, 48.65, 1, 4648
21494, 15402, 71.66, 72, 48.65, 1, 4648
21495, 15403, 71.66, 72, 48.65, 1, 4648
21496, 15404, 71.66, 72, 48.65, 1, 4648
21497, 15405, 71.66, 72, 48.65, 1, 4648
21498, 15406, 71.66, 72, 48.65, 1, 4648
21499, 15406, 71.66, 72, 48.65, 1, 4648
21500, 15406, 71.66, 72, 48.65, 1, 4649
21501, 15406, 71.65, 72, 48.65, 1, 4650
21502, 15407, 71.65, 72, 48.65, 1, 4650
21503, 15407, 71.65, 72, 48.65, 1, 4651
21504, 15407, 71.65, 72, 48.65, 1, 4652
21505, 15408, 71.65, 72, 48.65, 1, 4652
21506, 15408, 71.65, 72, 48.65, 1, 4652
21507, 15409, 71.65, 72, 48.65, 1, 4652
21508, 15410, 71.65, 72, 48.65, 1, 4652
21509, 15410, 71.64, 72, 48.65, 1, 4653
21510, 15411, 71.65, 72, 48.65, 1, 4653
21511, 15412, 71.65, 72, 48.65, 1, 4653
21512, 15413, 71.65, 72, 48.65, 1, 4653
21513, 15413, 71.65, 72, 48.65, 1, 4654
21514, 15413, 71.64, 72, 48.65, 1, 4655
21515, 15414, 71.64, 72, 48.65, 1, 4655
21516, 15415, 71.64, 72, 48.65, 1, 4655
21517, 15416, 71.65, 72, 48.65, 1, 4655
21518, 15417, 71.65, 72, 48.65, 1, 4655
21519, 15418, 71.65, 72, 48.65, 1, 4655
21520, 15418, 71.64, 72, 48.65, 1, 4656
21521, 15419, 71.65, 72, 48.65, 1, 4656
21522, 15420, 71.65, 72, 48.65, 1, 4656
21523, 15420, 71.64, 72, 48.65, 1, 4657
21524, 15421, 71.65, 72, 48.65, 1, 4657
21525, 15422, 71.65, 72, 48.65, 1, 4657
21526, 15423, 71.65, 72, 48.65, 1, 4657
21527, 15423, 71.64, 72, 48.65, 1, 4658
21528, 15424, 71.65, 72, 48.65, 1, 4658
21529, 15425, 71.65, 72, 48.65, 1, 4658
21530, 15426, 71.65, 72, 48.65, 1, 4658
21531, 15427, 71.65, 72, 48.65, 1, 4658
21532, 15428, 71.65, 72, 48.65, 1, 4658
21533, 15429, 71.65, 72, 48.65, 1, 4658
21534, 15430, 71.65, 72, 48.65, 1, 4658
21535, 15431, 71.66, 72, 48.65, 1, 4658
21536, 15431, 71.65, 72, 48.65, 1, 4659
21537, 15432, 71.65, 72, 48.65, 1, 4659
21538, 15432, 71.65, 72, 48.65, 1, 4660
21539, 15432, 71.65, 72, 48.65, 1, 4661
21540, 15433, 71.65, 72, 48.65, 1, 4661
21541, 15434, 71.65, 72, 48.65, 1, 4661
21542, 15435, 71.65, 72, 48.65, 1, 4661
21543, 15435, 71.65, 72, 48.65, 1, 4662
21544, 15436, 71.65, 72, 48.65, 1, 4662
21545, 15436, 71.65, 72, 48.65, 1, 4663
21546, 15436, 71.64, 72, 48.65, 1, 4663
21547, 15437, 71.64, 72, 48.65, 1, 4663
21548, 15437, 71.64, 72, 48.65, 1, 4663
21549, 15437, 71.64, 72, 48.65, 1, 4664
21550, 15438, 71.64, 72, 48.65, 1, 4664
21551, 15439, 71.64, 72, 48.65, 1, 4664
21552, 15440, 71.64, 72, 48.65, 1, 4664
21553, 15441, 71.64, 72, 48.65, 1, 4664
21554, 15442, 71.64, 72, 48.65, 1, 4664
21555, 15443, 71.64, 72, 48.65, 1, 4664
21556, 15444, 71.65, 72, 48.65, 1, 4664
21557, 15445, 71.65, 72, 48.65, 1, 4664
21558, 15445, 71.64, 72, 48.65, 1, 4665
21559, 15446, 71.65, 72, 48.65, 1, 4665
21560, 15447, 71.65, 72, 48.65, 1, 4665
21561, 15447, 71.64, 72, 48.65, 1, 4665
21562, 15448, 71.64, 72, 48.65, 1, 4665
21563, 15449, 71.65, 72, 48.65, 1, 4665
21564, 15450, 71.65, 72, 48.65, 1, 4665
21565, 15451, 71.65, 72, 48.65, 1, 4665
21566, 15452, 71.65, 72, 48.65, 1, 4665
21567, 15453, 71.65, 72, 48.65, 1, 4665
21568, 15454, 71.65, 72, 48.65, 1, 4665
21569, 15454, 71.65, 72, 48.65, 1, 4666
21570, 15454, 71.65, 72, 48.65, 1, 4667
21571, 15454, 71.64, 72, 48.65, 1, 4668
21572, 15455, 71.64, 72, 48.65, 1, 4668
21573, 15456, 71.65, 72, 48.65, 1, 4668
21574, 15457, 71.65, 72, 48.65, 1, 4668
21575, 15458, 71.65, 72, 48.65, 1, 4668
21576, 15458, 71.64, 72, 48.65, 1, 4669
21577, 15459, 71.65, 72, 48.65, 1, 4669
21578, 15460, 71.65, 72, 48.65, 1, 4669
21579, 15461, 71.65, 72, 48.65, 1, 4669
21580, 15462, 71.65, 72, 48.65, 1, 4669
21581, 15463, 71.65, 72, 48.65, 1, 4669
21582, 15464, 71.65, 72, 48.65, 1, 4669
21583, 15465, 71.65, 72, 48.65, 1, 4669
21584, 15466, 71.65, 72, 48.65, 1, 4669
21585, 15467, 71.66, 72, 48.65, 1, 4669
21586, 15467, 71.65, 72, 48.65, 1, 4670
21587, 15468, 71.65, 72, 48.65, 1, 4670
21588, 15469, 71.66, 72, 48.65, 1, 4670
21589, 15470, 71.66, 72, 48.65, 1, 4670
21590, 15471, 71.66, 72, 48.65, 1, 4670
21591, 15471, 71.65, 72, 48.65, 1, 4671
21592, 15472, 71.66, 72, 48.65, 1, 4671
21593, 15472, 71.65, 72, 48.65, 1, 4672
21594, 15473, 71.65, 72, 48.65, 1, 4672
21595, 15474, 71.66, 72, 48.65, 1, 4672
21596, 15474, 71.65, 72, 48.65, 1, 4672
21597, 15475, 71.65, 72, 48.65, 1, 4672
21598, 15475, 71.65, 72, 48.65, 1, 4672
21599, 15476, 71.65, 72, 48.65, 1, 4672
21600, 15476, 71.65, 72, 48.65, 1, 4673
21601, 15477, 71.65, 72, 48.65, 1, 4673
21602, 15478, 71.65, 72, 48.65, 1, 4673
21603, 15478, 71.65, 72, 48.65, 1, 4674
21604, 15479, 71.65, 72, 48.65, 1, 4674
21605, 15480, 71.65, 72, 48.65, 1, 4674
21606, 15481, 71.65, 72, 48.65, 1, 4674
21607, 15482, 71.65, 72, 48.65, 1, 4674
21608, 15483, 71.65, 72, 48.65, 1, 4674
21609, 15483, 71.65, 72, 48.65, 1, 4675
21610, 15483, 71.65, 72, 48.65, 1, 4676
21611, 15484, 71.65, 72, 48.65, 1, 4676
21612, 15484, 71.65, 72, 48.65, 1, 4677
21613, 15485, 71.65, 72, 48.65, 1, 4677
21614, 15486, 71.65, 72, 48.65, 1, 4677
21615, 15487, 71.65, 72, 48.65, 1, 4677
21616, 15488, 71.65, 72, 48.65, 1, 4677
21617, 15489, 71.65, 72, 48.65, 1, 4677
21618, 15489, 71.65, 72, 48.65, 1, 4678
21619, 15490, 71.65, 72, 48.65, 1, 4678
21620, 15491, 71.65, 72, 48.65, 1, 4678
21621, 15492, 71.65, 72, 48.65, 1, 4678
21622, 15493, 71.65, 72, 48.65, 1, 4678
21623, 15494, 71.66, 72, 48.65, 1, 4678
21624, 15494, 71.65, 72, 48.65, 1, 4679
21625, 15495, 71.65, 72, 48.65, 1, 4679
21626, 15496, 71.65, 72, 48.65, 1, 4679
21627, 15497, 71.66, 72, 48.65, 1, 4679
21628, 15498, 71.66, 72, 48.65, 1, 4679
21629, 15499, 71.66, 72, 48.65, 1, 4679
21630, 15500, 71.66, 72, 48.65, 1, 4679
21631, 15500, 71.66, 72, 48.65, 1, 4679
21632, 15500, 71.65, 72, 48.65, 1, 4679
21633, 15501, 71.65, 72, 48.65, 1, 4679
21634, 15501, 71.65, 72, 48.65, 1, 4680
21635, 15501, 71.65, 72, 48.65, 1, 4681
21636, 15501, 71.64, 72, 48.65, 1, 4681
21637, 15502, 71.65, 72, 48.65, 1, 4681
21638, 15502, 71.64, 72, 48.65, 1, 4682
21639, 15502, 71.64, 72, 48.65, 1, 4683
21640, 15503, 71.64, 72, 48.65, 1, 4683
21641, 15504, 71.64, 72, 48.65, 1, 4683
21642, 15505, 71.64, 72, 48.65, 1, 4683
21643, 15506, 71.64, 72, 48.65, 1, 4683
21644, 15507, 71.65, 72, 48.65, 1, 4683
21645, 15507, 71.64, 72, 48.65, 1, 4684
21646, 15507, 71.64, 72, 48.65, 1, 4685
21647, 15507, 71.64, 72, 48.65, 1, 4686
21648, 15508, 71.64, 72, 48.65, 1, 4686
21649, 15509, 71.64, 72, 48.65, 1, 4686
21650, 15509, 71.64, 72, 48.65, 1, 4686
21651, 15509, 71.63, 72, 48.65, 1, 4687
21652, 15510, 71.63, 72, 48.65, 1, 4687
21653, 15511, 71.63, 72, 48.65, 1, 4687
21654, 15512, 71.64, 72, 48.65, 1, 4687
21655, 15513, 71.64, 72, 48.65, 1, 4687
21656, 15513, 71.63, 72, 48.65, 1, 4688
21657, 15514, 71.64, 72, 48.65, 1, 4688
21658, 15515, 71.64, 72, 48.65, 1, 4688
21659, 15515, 71.63, 72, 48.65, 1, 4689
21660, 15516, 71.63, 72, 48.65, 1, 4689
21661, 15517, 71.64, 72, 48.65, 1, 4689
21662, 15518, 71.64, 72, 48.65, 1, 4689
21663, 15519, 71.64, 72, 48.65, 1, 4689
21664, 15520, 71.64, 72, 48.65, 1, 4689
21665, 15521, 71.64, 72, 48.65, 1, 4689
21666, 15522, 71.64, 72, 48.65, 1, 4689
21667, 15523, 71.64, 72, 48.65, 1, 4689
21668, 15524, 71.64, 72, 48.65, 1, 4689
21669, 15525, 71.65, 72, 48.65, 1, 4689
21670, 15525, 71.64, 72, 48.65, 1, 4690
21671, 15526, 71.64, 72, 48.65, 1, 4690
21672, 15526, 71.64, 72, 48.65, 1, 4691
21673, 15527, 71.64, 72, 48.65, 1, 4691
21674, 15528, 71.64, 72, 48.65, 1, 4691
21675, 15529, 71.64, 72, 48.65, 1, 4691
21676, 15530, 71.65, 72, 48.65, 1, 4691
21677, 15531, 71.65, 72, 48.65, 1, 4691
21678, 15531, 71.64, 72, 48.65, 1, 4692
21679, 15532, 71.65, 72, 48.65, 1, 4692
21680, 15533, 71.65, 72, 48.65, 1, 4692
21681, 15534, 71.65, 72, 48.65, 1, 4692
21682, 15534, 71.64, 72, 48.65, 1, 4692
21683, 15534, 71.64, 72, 48.65, 1, 4693
21684, 15535, 71.64, 72, 48.65, 1, 4693
21685, 15536, 71.64, 72, 48.65, 1, 4693
21686, 15537, 71.65, 72, 48.65, 1, 4693
21687, 15538, 71.65, 72, 48.65, 1, 4693
21688, 15538, 71.64, 72, 48.65, 1, 4694
21689, 15538, 71.64, 72, 48.65, 1, 4695
21690, 15539, 71.64, 72, 48.65, 1, 4695
21691, 15540, 71.64, 72, 48.65, 1, 4695
21692, 15541, 71.64, 72, 48.65, 1, 4695
21693, 15542, 71.65, 72, 48.65, 1, 4695
21694, 15543, 71.65, 72, 48.65, 1, 4695
21695, 15544, 71.65, 72, 48.65, 1, 4695
21696, 15545, 71.65, 72, 48.65, 1, 4695
21697, 15546, 71.65, 72, 48.65, 1, 4695
21698, 15546, 71.65, 72, 48.65, 1, 4696
21699, 15546, 71.64, 72, 48.65, 1, 4697
21700, 15547, 71.65, 72, 48.65, 1, 4697
21701, 15548, 71.65, 72, 48.65, 1, 4697
21702, 15549, 71.65, 72, 48.65, 1, 4697
21703, 15549, 71.64, 72, 48.65, 1, 4698
21704, 15550, 71.65, 72, 48.65, 1, 4698
21705, 15551, 71.65, 72, 48.65, 1, 4698
21706, 15551, 71.64, 72, 48.65, 1, 4698
21707, 15552, 71.65, 72, 48.65, 1, 4698
21708, 15552, 71.64, 72, 48.65, 1, 4699
21709, 15553, 71.64, 72, 48.65, 1, 4699
21710, 15554, 71.64, 72, 48.65, 1, 4699
21711, 15555, 71.65, 72, 48.65, 1, 4699
21712, 15556, 71.65, 72, 48.65, 1, 4699
21713, 15557, 71.65, 72, 48.65, 1, 4699
21714, 15558, 71.65, 72, 48.65, 1, 4699
21715, 15559, 71.65, 72, 48.65, 1, 4699
21716, 15560, 71.65, 72, 48.65, 1, 4699
21717, 15560, 71.65, 72, 48.65, 1, 4700
21718, 15560, 71.65, 72, 48.65, 1, 4701
21719, 15561, 71.65, 72, 48.65, 1, 4701
21720, 15561, 71.64, 72, 48.65, 1, 4702
21721, 15562, 71.64, 72, 48.65, 1, 4702
21722, 15563, 71.65, 72, 48.65, 1, 4702
21723, 15564, 71.65, 72, 48.65, 1, 4702
21724, 15565, 71.65, 72, 48.65, 1, 4702
21725, 15566, 71.65, 72, 48.65, 1, 4702
21726, 15567, 71.65, 72, 48.65, 1, 4702
21727, 15568, 71.65, 72, 48.65, 1, 4702
21728, 15569, 71.65, 72, 48.65, 1, 4702
21729, 15570, 71.66, 72, 48.65, 1, 4702
21730, 15571, 71.66, 72, 48.65, 1, 4702
21731, 15571, 71.65, 72, 48.65, 1, 4702
21732, 15572, 71.65, 72, 48.65, 1, 4702
21733, 15573, 71.66, 72, 48.65, 1, 4702
21734, 15574, 71.66, 72, 48.65, 1, 4702
21735, 15575, 71.66, 72, 48.65, 1, 4702
21736, 15576, 71.66, 72, 48.65, 1, 4702
21737, 15577, 71.66, 72, 48.65, 1, 4702
21738, 15578, 71.66, 72, 48.65, 1, 4702
21739, 15579, 71.66, 72, 48.65, 1, 4702
21740, 15580, 71.67, 72, 48.65, 1, 4702
21741, 15581, 71.67, 72, 48.65, 1, 4702
21742, 15582, 71.67, 72, 48.65, 1, 4702
21743, 15583, 71.67, 72, 48.65, 1, 4702
21744, 15583, 71.67, 72, 48.65, 1, 4703
21745, 15584, 71.67, 72, 48.65, 1, 4703
21746, 15585, 71.67, 72, 48.65, 1, 4703
21747, 15585, 71.67, 72, 48.65, 1, 4704
21748, 15585, 71.66, 72, 48.65, 1, 4705
21749, 15586, 71.66, 72, 48.65, 1, 4705
21750, 15586, 71.66, 72, 48.65, 1, 4705
21751, 15586, 71.66, 72, 48.65, 1, 4706
21752, 15587, 71.66, 72, 48.65, 1, 4706
21753, 15588, 71.66, 72, 48.65, 1, 4706
21754, 15589, 71.66, 72, 48.65, 1, 4706
21755, 15590, 71.66, 72, 48.65, 1, 4706
21756, 15591, 71.66, 72, 48.65, 1, 4706
21757, 15592, 71.66, 72, 48.65, 1, 4706
21758, 15593, 71.67, 72, 48.65, 1, 4706
21759, 15594, 71.67, 72, 48.65, 1, 4706
21760, 15595, 71.67, 72, 48.65, 1, 4706
21761, 15595, 71.66, 72, 48.65, 1, 4707
21762, 15595, 71.66, 72, 48.65, 1, 4707
21763, 15596, 71.66, 72, 48.65, 1, 4707
21764, 15597, 71.66, 72, 48.65, 1, 4707
21765, 15597, 71.66, 72, 48.65, 1, 4707
21766, 15598, 71.66, 72, 48.65, 1, 4707
21767, 15599, 71.66, 72, 48.65, 1, 4707
21768, 15599, 71.66, 72, 48.65, 1, 4708
21769, 15599, 71.66, 72, 48.65, 1, 4709
21770, 15600, 71.66, 72, 48.65, 1, 4709
21771, 15600, 71.65, 72, 48.65, 1, 4710
21772, 15601, 71.66, 72, 48.65, 1, 4710
21773, 15601, 71.65, 72, 48.65, 1, 4710
21774, 15602, 71.65, 72, 48.65, 1, 4710
21775, 15603, 71.66, 72, 48.65, 1, 4710
21776, 15604, 71.66, 72, 48.65, 1, 4710
21777, 15605, 71.66, 72, 48.65, 1, 4710
21778, 15605, 71.65, 72, 48.65, 1, 4710
21779, 15606, 71.66, 72, 48.65, 1, 4710
21780, 15607, 71.66, 72, 48.65, 1, 4710
21781, 15607, 71.65, 72, 48.65, 1, 4711
21782, 15608, 71.66, 72, 48.65, 1, 4711
21783, 15609, 71.66, 72, 48.65, 1, 4711
21784, 15610, 71.66, 72, 48.65, 1, 4711
21785, 15611, 71.66, 72, 48.65, 1, 4711
21786, 15612, 71.66, 72, 48.65, 1, 4711
21787, 15613, 71.66, 72, 48.65, 1, 4711
21788, 15614, 71.66, 72, 48.65, 1, 4711
21789, 15614, 71.66, 72, 48.65, 1, 4712
21790, 15615, 71.66, 72, 48.65, 1, 4712
21791, 15615, 71.66, 72, 48.65, 1, 4712
21792, 15616, 71.66, 72, 48.65, 1, 4712
21793, 15617, 71.66, 72, 48.65, 1, 4712
21794, 15617, 71.66, 72, 48.65, 1, 4712
21795, 15617, 71.65, 72, 48.65, 1, 4712
21796, 15617, 71.65, 72, 48.65, 1, 4712
21797, 15618, 71.65, 72, 48.65, 1, 4712
21798, 15619, 71.65, 72, 48.65, 1, 4712
21799, 15619, 71.65, 72, 48.65, 1, 4712
21800, 15620, 71.65, 72, 48.65, 1, 4712
21801, 15620, 71.65, 72, 48.65, 1, 4712
21802, 15621, 71.65, 72, 48.65, 1, 4712
21803, 15621, 71.65, 72, 48.65, 1, 4712
21804, 15622, 71.65, 72, 48.65, 1, 4712
21805, 15623, 71.65, 72, 48.65, 1, 4712
21806, 15624, 71.65, 72, 48.65, 1, 4712
21807, 15625, 71.65, 72, 48.65, 1, 4712
21808, 15626, 71.65, 72, 48.65, 1, 4712
21809, 15627, 71.65, 72, 48.65, 1, 4712
21810, 15628, 71.66, 72, 48.65, 1, 4712
21811, 15629, 71.66, 72, 48.65, 1, 4712
21812, 15630, 71.66, 72, 48.65, 1, 4712
21813, 15631, 71.66, 72, 48.65, 1, 4712
21814, 15632, 71.66, 72, 48.65, 1, 4712
21815, 15632, 71.66, 72, 48.65, 1, 4713
21816, 15633, 71.66, 72, 48.65, 1, 4713
21817, 15633, 71.66, 72, 48.65, 1, 4714
21818, 15634, 71.66, 72, 48.65, 1, 4714
21819, 15635, 71.66, 72, 48.65, 1, 4714
21820, 15636, 71.66, 72, 48.65, 1, 4714
21821, 15637, 71.66, 72, 48.65, 1, 4714
21822, 15638, 71.66, 72, 48.65, 1, 4714
21823, 15639, 71.66, 72, 48.65, 1, 4714
21824, 15640, 71.66, 72, 48.65, 1, 4714
21825, 15641, 71.67, 72, 48.65, 1, 4714
21826, 15642, 71.67, 72, 48.65, 1, 4714
21827, 15642, 71.66, 72, 48.65, 1, 4715
21828, 15643, 71.66, 72, 48.65, 1, 4715
21829, 15643, 71.66, 72, 48.65, 1, 4716
21830, 15644, 71.66, 72, 48.65, 1, 4716
21831, 15645, 71.66, 72, 48.65, 1, 4716
21832, 15646, 71.67, 72, 48.65, 1, 4716
21833, 15647, 71.67, 72, 48.65, 1, 4716
21834, 15648, 71.67, 72, 48.65, 1, 4716
21835, 15648, 71.66, 72, 48.65, 1, 4717
21836, 15649, 71.67, 72, 48.65, 1, 4717
21837, 15650, 71.67, 72, 48.65, 1, 4717
21838, 15651, 71.67, 72, 48.65, 1, 4717
21839, 15651, 71.67, 72, 48.65, 1, 4718
21840, 15652, 71.67, 72, 48.65, 1, 4718
21841, 15652, 71.66, 72, 48.65, 1, 4718
21842, 15653, 71.66, 72, 48.65, 1, 4718
21843, 15654, 71.67, 72, 48.65, 1, 4718
21844, 15655, 71.67, 72, 48.65, 1, 4718
21845, 15655, 71.66, 72, 48.65, 1, 4719
21846, 15656, 71.67, 72, 48.65, 1, 4719
21847, 15657, 71.67, 72, 48.65, 1, 4719
21848, 15658, 71.67, 72, 48.65, 1, 4719
21849, 15659, 71.67, 72, 48.65, 1, 4719
21850, 15659, 71.67, 72, 48.65, 1, 4720
21851, 15660, 71.67, 72, 48.65, 1, 4720
21852, 15661, 71.67, 72, 48.65, 1, 4720
21853, 15662, 71.67, 72, 48.65, 1, 4720
21854, 15663, 71.67, 72, 48.65, 1, 4720
21855, 15663, 71.67, 72, 48.65, 1, 4721
21856, 15664, 71.67, 72, 48.65, 1, 4721
21857, 15664, 71.67, 72, 48.65, 1, 4722
21858, 15664, 71.66, 72, 48.65, 1, 4723
21859, 15664, 71.66, 72, 48.65, 1, 4724
21860, 15665, 71.66, 72, 48.65, 1, 4724
21861, 15666, 71.66, 72, 48.65, 1, 4724
21862, 15667, 71.66, 72, 48.65, 1, 4724
21863, 15668, 71.66, 72, 48.65, 1, 4724
21864, 15668, 71.66, 72, 48.65, 1, 4725
21865, 15668, 71.66, 72, 48.65, 1, 4726
21866, 15668, 71.65, 72, 48.65, 1, 4727
21867, 15669, 71.66, 72, 48.65, 1, 4727
21868, 15669, 71.65, 72, 48.65, 1, 4728
21869, 15670, 71.65, 72, 48.65, 1, 4728
21870, 15670, 71.65, 72, 48.65, 1, 4728
21871, 15671, 71.65, 72, 48.65, 1, 4728
21872, 15672, 71.65, 72, 48.65, 1, 4728
21873, 15672, 71.65, 72, 48.65, 1, 4728
21874, 15673, 71.65, 72, 48.65, 1, 4728
21875, 15674, 71.65, 72, 48.65, 1, 4728
21876, 15675, 71.65, 72, 48.65, 1, 4728
21877, 15676, 71.66, 72, 48.65, 1, 4728
21878, 15677, 71.66, 72, 48.65, 1, 4728
21879, 15678, 71.66, 72, 48.65, 1, 4728
21880, 15678, 71.65, 72, 48.65, 1, 4729
21881, 15678, 71.65, 72, 48.65, 1, 4730
21882, 15678, 71.65, 72, 48.65, 1, 4731
21883, 15678, 71.64, 72, 48.65, 1, 4732
21884, 15678, 71.64, 72, 48.65, 1, 4733
21885, 15679, 71.64, 72, 48.65, 1, 4733
21886, 15680, 71.64, 72, 48.65, 1, 4733
21887, 15681, 71.65, 72, 48.65, 1, 4733
21888, 15681, 71.64, 72, 48.65, 1, 4734
21889, 15682, 71.64, 72, 48.65, 1, 4734
21890, 15683, 71.64, 72, 48.65, 1, 4734
21891, 15684, 71.65, 72, 48.65, 1, 4734
21892, 15684, 71.64, 72, 48.65, 1, 4735
21893, 15684, 71.64, 72, 48.65, 1, 4736
21894, 15685, 71.64, 72, 48.65, 1, 4736
21895, 15685, 71.64, 72, 48.65, 1, 4737
21896, 15686, 71.64, 72, 48.65, 1, 4737
21897, 15687, 71.64, 72, 48.65, 1, 4737
21898, 15687, 71.64, 72, 48.65, 1, 4738
21899, 15688, 71.64, 72, 48.65, 1, 4738
21900, 15688, 71.63, 72, 48.65, 1, 4739
21901, 15689, 71.64, 72, 48.65, 1, 4739
21902, 15690, 71.64, 72, 48.65, 1, 4739
21903, 15690, 71.63, 72, 48.65, 1, 4740
21904, 15691, 71.64, 72, 48.65, 1, 4740
21905, 15692, 71.64, 72, 48.65, 1, 4740
21906, 15693, 71.64, 72, 48.65, 1, 4740
21907, 15694, 71.64, 72, 48.65, 1, 4740
21908, 15694, 71.64, 72, 48.65, 1, 4741
21909, 15694, 71.63, 72, 48.65, 1, 4742
21910, 15694, 71.63, 72, 48.65, 1, 4743
21911, 15695, 71.63, 72, 48.65, 1, 4743
21912, 15696, 71.63, 72, 48.65, 1, 4743
21913, 15696, 71.63, 72, 48.65, 1, 4744
21914, 15696, 71.63, 72, 48.65, 1, 4745
21915, 15696, 71.62, 72, 48.65, 1, 4746
21916, 15697, 71.62, 72, 48.65, 1, 4746
21917, 15698, 71.62, 72, 48.65, 1, 4746
21918, 15699, 71.63, 72, 48.65, 1, 4746
21919, 15700, 71.63, 72, 48.65, 1, 4746
21920, 15700, 71.62, 72, 48.65, 1, 4746
21921, 15701, 71.63, 72, 48.65, 1, 4746
21922, 15702, 71.63, 72, 48.65, 1, 4746
21923, 15702, 71.62, 72, 48.65, 1, 4746
21924, 15703, 71.62, 72, 48.65, 1, 4746
21925, 15704, 71.63, 72, 48.65, 1, 4746
21926, 15704, 71.62, 72, 48.65, 1, 4746
21927, 15704, 71.62, 72, 48.65, 1, 4746
21928, 15704, 71.62, 72, 48.65, 1, 4747
21929, 15705, 71.62, 72, 48.65, 1, 4747
21930, 15706, 71.62, 72, 48.65, 1, 4747
21931, 15707, 71.62, 72, 48.65, 1, 4747
21932, 15708, 71.62, 72, 48.65, 1, 4747
21933, 15709, 71.62, 72, 48.65, 1, 4747
21934, 15710, 71.62, 72, 48.65, 1, 4747
21935, 15710, 71.62, 72, 48.65, 1, 4748
21936, 15711, 71.62, 72, 48.65, 1, 4748
21937, 15712, 71.62, 72, 48.65, 1, 4748
21938, 15713, 71.62, 72, 48.65, 1, 4748
21939, 15713, 71.62, 72, 48.65, 1, 4749
21940, 15714, 71.62, 72, 48.65, 1, 4749
21941, 15715, 71.62, 72, 48.65, 1, 4749
21942, 15716, 71.63, 72, 48.65, 1, 4749
21943, 15717, 71.63, 72, 48.65, 1, 4749
21944, 15717, 71.62, 72, 48.65, 1, 4750
21945, 15718, 71.62, 72, 48.65, 1, 4750
21946, 15719, 71.63, 72, 48.65, 1, 4750
21947, 15720, 71.63, 72, 48.65, 1, 4750
21948, 15721, 71.63, 72, 48.65, 1, 4750
21949, 15722, 71.63, 72, 48.65, 1, 4750
21950, 15723, 71.63, 72, 48.65, 1, 4750
21951, 15724, 71.63, 72, 48.65, 1, 4750
21952, 15725, 71.63, 72, 48.65, 1, 4750
21953, 15726, 71.63, 72, 48.65, 1, 4750
21954, 15727, 71.64, 72, 48.65, 1, 4750
21955, 15728, 71.64, 72, 48.65, 1, 4750
21956, 15729, 71.64, 72, 48.65, 1, 4750
21957, 15730, 71.64, 72, 48.65, 1, 4750
21958, 15730, 71.64, 72, 48.65, 1, 4751
21959, 15731, 71.64, 72, 48.65, 1, 4751
21960, 15731, 71.63, 72, 48.65, 1, 4752
21961, 15732, 71.64, 72, 48.65, 1, 4752
21962, 15733, 71.64, 72, 48.65, 1, 4752
21963, 15733, 71.63, 72, 48.65, 1, 4753
21964, 15734, 71.64, 72, 48.65, 1, 4753
21965, 15735, 71.64, 72, 48.65, 1, 4753
21966, 15736, 71.64, 72, 48.65, 1, 4753
21967, 15737, 71.64, 72, 48.65, 1, 4753
21968, 15738, 71.64, 72, 48.65, 1, 4753
21969, 15739, 71.64, 72, 48.65, 1, 4753
21970, 15740, 71.64, 72, 48.65, 1, 4753
21971, 15741, 71.64, 72, 48.65, 1, 4753
21972, 15741, 71.64, 72, 48.65, 1, 4754
21973, 15742, 71.64, 72, 48.65, 1, 4754
21974, 15743, 71.64, 72, 48.65, 1, 4754
21975, 15744, 71.65, 72, 48.65, 1, 4754
21976, 15745, 71.65, 72, 48.65, 1, 4754
21977, 15746, 71.65, 72, 48.65, 1, 4754
21978, 15747, 71.65, 72, 48.65, 1, 4754
21979, 15747, 71.65, 72, 48.65, 1, 4754
21980, 15748, 71.65, 72, 48.65, 1, 4754
21981, 15749, 71.65, 72, 48.65, 1, 4754
21982, 15750, 71.65, 72, 48.65, 1, 4754
21983, 15751, 71.65, 72, 48.65, 1, 4754
21984, 15751, 71.65, 72, 48.65, 1, 4755
21985, 15751, 71.64, 72, 48.65, 1, 4756
21986, 15751, 71.64, 72, 48.65, 1, 4757
21987, 15752, 71.64, 72, 48.65, 1, 4757
21988, 15753, 71.64, 72, 48.65, 1, 4757
21989, 15754, 71.64, 72, 48.65, 1, 4757
21990, 15755, 71.65, 72, 48.65, 1, 4757
21991, 15755, 71.64, 72, 48.65, 1, 4758
21992, 15755, 71.64, 72, 48.65, 1, 4758
21993, 15756, 71.64, 72, 48.65, 1, 4758
21994, 15757, 71.64, 72, 48.65, 1, 4758
21995, 15758, 71.64, 72, 48.65, 1, 4758
21996, 15759, 71.64, 72, 48.65, 1, 4758
21997, 15759, 71.64, 72, 48.65, 1, 4759
21998, 15760, 71.64, 72, 48.65, 1, 4759
21999, 15761, 71.64, 72, 48.65, 1, 4759
22000, 15762, 71.65, 72, 48.65, 1, 4759
22001, 15762, 71.64, 72, 48.65, 1, 4760
22002, 15763, 71.64, 72, 48.65, 1, 4760
22003, 15763, 71.64, 72, 48.65, 1, 4760
22004, 15763, 71.64, 72, 48.65, 1, 4760
22005, 15764, 71.64, 72, 48.65, 1, 4760
22006, 15765, 71.64, 72, 48.65, 1, 4760
22007, 15766, 71.64, 72, 48.65, 1, 4760
22008, 15766, 71.64, 72, 48.65, 1, 4761
22009, 15767, 71.64, 72, 48.65, 1, 4761
22010, 15767, 71.64, 72, 48.65, 1, 4762
22011, 15768, 71.64, 72, 48.65, 1, 4762
22012, 15769, 71.64, 72, 48.65, 1, 4762
22013, 15769, 71.63, 72, 48.65, 1, 4763
22014, 15770, 71.64, 72, 48.65, 1, 4763
22015, 15771, 71.64, 72, 48.65, 1, 4763
22016, 15772, 71.64, 72, 48.65, 1, 4763
22017, 15773, 71.64, 72, 48.65, 1, 4763
22018, 15773, 71.64, 72, 48.65, 1, 4764
22019, 15774, 71.64, 72, 48.65, 1, 4764
22020, 15775, 71.64, 72, 48.65, 1, 4764
22021, 15775, 71.64, 72, 48.65, 1, 4765
22022, 15776, 71.64, 72, 48.65, 1, 4765
22023, 15777, 71.64, 72, 48.65, 1, 4765
22024, 15777, 71.64, 72, 48.65, 1, 4765
22025, 15777, 71.63, 72, 48.65, 1, 4765
22026, 15778, 71.63, 72, 48.65, 1, 4765
22027, 15779, 71.63, 72, 48.65, 1, 4765
22028, 15780, 71.64, 72, 48.65, 1, 4765
22029, 15781, 71.64, 72, 48.65, 1, 4765
22030, 15781, 71.63, 72, 48.65, 1, 4766
22031, 15782, 71.64, 72, 48.65, 1, 4766
22032, 15782, 71.63, 72, 48.65, 1, 4767
22033, 15782, 71.63, 72, 48.65, 1, 4768
22034, 15783, 71.63, 72, 48.65, 1, 4768
22035, 15784, 71.63, 72, 48.65, 1, 4768
22036, 15785, 71.63, 72, 48.65, 1, 4768
22037, 15786, 71.63, 72, 48.65, 1, 4768
22038, 15787, 71.64, 72, 48.65, 1, 4768
22039, 15788, 71.64, 72, 48.65, 1, 4768
22040, 15788, 71.63, 72, 48.65, 1, 4769
22041, 15788, 71.63, 72, 48.65, 1, 4770
22042, 15789, 71.63, 72, 48.65, 1, 4770
22043, 15790, 71.63, 72, 48.65, 1, 4770
22044, 15791, 71.63, 72, 48.65, 1, 4770
22045, 15791, 71.63, 72, 48.65, 1, 4771
22046, 15792, 71.63, 72, 48.65, 1, 4771
22047, 15793, 71.63, 72, 48.65, 1, 4771
22048, 15793, 71.63, 72, 48.65, 1, 4772
22049, 15794, 71.63, 72, 48.65, 1, 4772
22050, 15795, 71.63, 72, 48.65, 1, 4772
22051, 15796, 71.63, 72, 48.65, 1, 4772
22052, 15797, 71.64, 72, 48.65, 1, 4772
22053, 15798, 71.64, 72, 48.65, 1, 4772
22054, 15798, 71.63, 72, 48.65, 1, 4773
22055, 15799, 71.63, 72, 48.65, 1, 4773
22056, 15800, 71.64, 72, 48.65, 1, 4773
22057, 15801, 71.64, 72, 48.65, 1, 4773
22058, 15802, 71.64, 72, 48.65, 1, 4773
22059, 15803, 71.64, 72, 48.65, 1, 4773
22060, 15804, 71.64, 72, 48.65, 1, 4773
22061, 15805, 71.64, 72, 48.65, 1, 4773
22062, 15806, 71.64, 72, 48.65, 1, 4773
22063, 15807, 71.64, 72, 48.65, 1, 4773
22064, 15808, 71.65, 72, 48.65, 1, 4773
22065, 15808, 71.64, 72, 48.65, 1, 4774
22066, 15809, 71.64, 72, 48.65, 1, 4774
22067, 15810, 71.65, 72, 48.65, 1, 4774
22068, 15811, 71.65, 72, 48.65, 1, 4774
22069, 15812, 71.65, 72, 48.65, 1, 4774
22070, 15813, 71.65, 72, 48.65, 1, 4774
22071, 15814, 71.65, 72, 48.65, 1, 4774
22072, 15815, 71.65, 72, 48.65, 1, 4774
22073, 15816, 71.65, 72, 48.65, 1, 4774
22074, 15817, 71.65, 72, 48.65, 1, 4774
22075, 15817, 71.65, 72, 48.65, 1, 4775
22076, 15818, 71.65, 72, 48.65, 1, 4775
22077, 15819, 71.65, 72, 48.65, 1, 4775
22078, 15820, 71.66, 72, 48.65, 1, 4775
22079, 15820, 71.65, 72, 48.65, 1, 4776
22080, 15820, 71.65, 72, 48.65, 1, 4777
22081, 15821, 71.65, 72, 48.65, 1, 4777
22082, 15821, 71.65, 72, 48.65, 1, 4778
22083, 15822, 71.65, 72, 48.65, 1, 4778
22084, 15823, 71.65, 72, 48.65, 1, 4778
22085, 15824, 71.65, 72, 48.65, 1, 4778
22086, 15825, 71.65, 72, 48.65, 1, 4778
22087, 15825, 71.65, 72, 48.65, 1, 4779
22088, 15826, 71.65, 72, 48.65, 1, 4779
22089, 15827, 71.65, 72, 48.65, 1, 4779
22090, 15828, 71.65, 72, 48.65, 1, 4779
22091, 15828, 71.65, 72, 48.65, 1, 4779
22092, 15829, 71.65, 72, 48.65, 1, 4779
22093, 15829, 71.65, 72, 48.65, 1, 4780
22094, 15830, 71.65, 72, 48.65, 1, 4780
22095, 15831, 71.65, 72, 48.65, 1, 4780
22096, 15832, 71.65, 72, 48.65, 1, 4780
22097, 15833, 71.65, 72, 48.65, 1, 4780
22098, 15833, 71.65, 72, 48.65, 1, 4781
22099, 15833, 71.65, 72, 48.65, 1, 4781
22100, 15834, 71.65, 72, 48.65, 1, 4781
22101, 15835, 71.65, 72, 48.65, 1, 4781
22102, 15836, 71.65, 72, 48.65, 1, 4781
22103, 15837, 71.65, 72, 48.65, 1, 4781
22104, 15838, 71.65, 72, 48.65, 1, 4781
22105, 15838, 71.65, 72, 48.65, 1, 4781
22106, 15838, 71.65, 72, 48.65, 1, 4781
22107, 15839, 71.65, 72, 48.65, 1, 4781
22108, 15840, 71.65, 72, 48.65, 1, 4781
22109, 15841, 71.65, 72, 48.65, 1, 4781
22110, 15842, 71.65, 72, 48.65, 1, 4781
22111, 15843, 71.65, 72, 48.65, 1, 4781
22112, 15844, 71.65, 72, 48.65, 1, 4781
22113, 15844, 71.65, 72, 48.65, 1, 4782
22114, 15845, 71.65, 72, 48.65, 1, 4782
22115, 15845, 71.65, 72, 48.65, 1, 4783
22116, 15846, 71.65, 72, 48.65, 1, 4783
22117, 15847, 71.65, 72, 48.65, 1, 4783
22118, 15848, 71.65, 72, 48.65, 1, 4783
22119, 15849, 71.65, 72, 48.65, 1, 4783
22120, 15849, 71.65, 72, 48.65, 1, 4784
22121, 15849, 71.65, 72, 48.65, 1, 4785
22122, 15850, 71.65, 72, 48.65, 1, 4785
22123, 15850, 71.64, 72, 48.65, 1, 4786
22124, 15851, 71.65, 72, 48.65, 1, 4786
22125, 15852, 71.65, 72, 48.65, 1, 4786
22126, 15853, 71.65, 72, 48.65, 1, 4786
22127, 15854, 71.65, 72, 48.65, 1, 4786
22128, 15855, 71.65, 72, 48.65, 1, 4786
22129, 15856, 71.65, 72, 48.65, 1, 4786
22130, 15857, 71.65, 72, 48.65, 1, 4786
22131, 15857, 71.65, 72, 48.65, 1, 4786
22132, 15857, 71.65, 72, 48.65, 1, 4786
22133, 15858, 71.65, 72, 48.65, 1, 4786
22134, 15858, 71.65, 72, 48.65, 1, 4787
22135, 15859, 71.65, 72, 48.65, 1, 4787
22136, 15859, 71.64, 72, 48.65, 1, 4788
22137, 15860, 71.64, 72, 48.65, 1, 4788
22138, 15861, 71.65, 72, 48.65, 1, 4788
22139, 15862, 71.65, 72, 48.65, 1, 4788
22140, 15863, 71.65, 72, 48.65, 1, 4788
22141, 15864, 71.65, 72, 48.65, 1, 4788
22142, 15865, 71.65, 72, 48.65, 1, 4788
22143, 15865, 71.65, 72, 48.65, 1, 4789
22144, 15865, 71.64, 72, 48.65, 1, 4790
22145, 15865, 71.64, 72, 48.65, 1, 4791
22146, 15866, 71.64, 72, 48.65, 1, 4791
22147, 15867, 71.64, 72, 48.65, 1, 4791
22148, 15868, 71.65, 72, 48.65, 1, 4791
22149, 15869, 71.65, 72, 48.65, 1, 4791
22150, 15870, 71.65, 72, 48.65, 1, 4791
22151, 15871, 71.65, 72, 48.65, 1, 4791
22152, 15872, 71.65, 72, 48.65, 1, 4791
22153, 15873, 71.65, 72, 48.65, 1, 4791
22154, 15874, 71.65, 72, 48.65, 1, 4791
22155, 15875, 71.65, 72, 48.65, 1, 4791
22156, 15875, 71.65, 72, 48.65, 1, 4792
22157, 15876, 71.65, 72, 48.65, 1, 4792
22158, 15876, 71.65, 72, 48.65, 1, 4792
22159, 15877, 71.65, 72, 48.65, 1, 4792
22160, 15877, 71.65, 72, 48.65, 1, 4793
22161, 15878, 71.65, 72, 48.65, 1, 4793
22162, 15879, 71.65, 72, 48.65, 1, 4793
22163, 15880, 71.65, 72, 48.65, 1, 4793
22164, 15881, 71.65, 72, 48.65, 1, 4793
22165, 15882, 71.65, 72, 48.65, 1, 4793
22166, 15883, 71.65, 72, 48.65, 1, 4793
22167, 15883, 71.65, 72, 48.65, 1, 4794
22168, 15883, 71.65, 72, 48.65, 1, 4795
22169, 15884, 71.65, 72, 48.65, 1, 4795
22170, 15885, 71.65, 72, 48.65, 1, 4795
22171, 15885, 71.65, 72, 48.65, 1, 4796
22172, 15886, 71.65, 72, 48.65, 1, 4796
22173, 15887, 71.65, 72, 48.65, 1, 4796
22174, 15887, 71.65, 72, 48.65, 1, 4797
22175, 15888, 71.65, 72, 48.65, 1, 4797
22176, 15889, 71.65, 72, 48.65, 1, 4797
22177, 15890, 71.65, 72, 48.65, 1, 4797
22178, 15890, 71.65, 72, 48.65, 1, 4797
22179, 15890, 71.64, 72, 48.65, 1, 4798
22180, 15891, 71.65, 72, 48.65, 1, 4798
22181, 15891, 71.64, 72, 48.65, 1, 4799
22182, 15892, 71.64, 72, 48.65, 1, 4799
22183, 15892, 71.64, 72, 48.65, 1, 4800
22184, 15893, 71.64, 72, 48.65, 1, 4800
22185, 15894, 71.64, 72, 48.65, 1, 4800
22186, 15895, 71.64, 72, 48.65, 1, 4800
22187, 15895, 71.64, 72, 48.65, 1, 4801
22188, 15896, 71.64, 72, 48.65, 1, 4801
22189, 15897, 71.64, 72, 48.65, 1, 4801
22190, 15897, 71.64, 72, 48.65, 1, 4802
22191, 15898, 71.64, 72, 48.65, 1, 4802
22192, 15898, 71.64, 72, 48.65, 1, 4803
22193, 15899, 71.64, 72, 48.65, 1, 4803
22194, 15900, 71.64, 72, 48.65, 1, 4803
22195, 15901, 71.64, 72, 48.65, 1, 4803
22196, 15902, 71.64, 72, 48.65, 1, 4803
22197, 15902, 71.64, 72, 48.65, 1, 4803
22198, 15902, 71.64, 72, 48.65, 1, 4803
22199, 15903, 71.64, 72, 48.65, 1, 4803
22200, 15903, 71.64, 72, 48.65, 1, 4803
22201, 15904, 71.64, 72, 48.65, 1, 4803
22202, 15905, 71.64, 72, 48.65, 1, 4803
22203, 15906, 71.64, 72, 48.65, 1, 4803
22204, 15907, 71.64, 72, 48.65, 1, 4803
22205, 15908, 71.64, 72, 48.65, 1, 4803
22206, 15909, 71.64, 72, 48.65, 1, 4803
22207, 15909, 71.64, 72, 48.65, 1, 4803
22208, 15910, 71.64, 72, 48.65, 1, 4803
22209, 15910, 71.64, 72, 48.65, 1, 4804
22210, 15911, 71.64, 72, 48.65, 1, 4804
22211, 15912, 71.64, 72, 48.65, 1, 4804
22212, 15913, 71.64, 72, 48.65, 1, 4804
22213, 15914, 71.64, 72, 48.65, 1, 4804
22214, 15915, 71.64, 72, 48.65, 1, 4804
22215, 15915, 71.64, 72, 48.65, 1, 4805
22216, 15916, 71.64, 72, 48.65, 1, 4805
22217, 15917, 71.64, 72, 48.65, 1, 4805
22218, 15918, 71.64, 72, 48.65, 1, 4805
22219, 15919, 71.65, 72, 48.65, 1, 4805
22220, 15919, 71.64, 72, 48.65, 1, 4806
22221, 15920, 71.64, 72, 48.65, 1, 4806
22222, 15921, 71.65, 72, 48.65, 1, 4806
22223, 15922, 71.65, 72, 48.65, 1, 4806
22224, 15922, 71.64, 72, 48.65, 1, 4807
22225, 15923, 71.64, 72, 48.65, 1, 4807
22226, 15924, 71.65, 72, 48.65, 1, 4807
22227, 15925, 71.65, 72, 48.65, 1, 4807
22228, 15926, 71.65, 72, 48.65, 1, 4807
22229, 15926, 71.65, 72, 48.65, 1, 4808
22230, 15927, 71.65, 72, 48.65, 1, 4808
22231, 15928, 71.65, 72, 48.65, 1, 4808
22232, 15929, 71.65, 72, 48.65, 1, 4808
22233, 15930, 71.65, 72, 48.65, 1, 4808
22234, 15931, 71.65, 72, 48.65, 1, 4808
22235, 15932, 71.65, 72, 48.65, 1, 4808
22236, 15932, 71.65, 72, 48.65, 1, 4809
22237, 15933, 71.65, 72, 48.65, 1, 4809
22238, 15934, 71.65, 72, 48.65, 1, 4809
22239, 15935, 71.65, 72, 48.65, 1, 4809
22240, 15936, 71.65, 72, 48.65, 1, 4809
22241, 15936, 71.65, 72, 48.65, 1, 4810
22242, 15937, 71.65, 72, 48.65, 1, 4810
22243, 15938, 71.65, 72, 48.65, 1, 4810
22244, 15939, 71.66, 72, 48.65, 1, 4810
22245, 15940, 71.66, 72, 48.65, 1, 4810
22246, 15941, 71.66, 72, 48.65, 1, 4810
22247, 15941, 71.65, 72, 48.65, 1, 4811
22248, 15942, 71.66, 72, 48.65, 1, 4811
22249, 15943, 71.66, 72, 48.65, 1, 4811
22250, 15944, 71.66, 72, 48.65, 1, 4811
22251, 15945, 71.66, 72, 48.65, 1, 4811
22252, 15945, 71.66, 72, 48.65, 1, 4812
22253, 15945, 71.65, 72, 48.65, 1, 4813
22254, 15946, 71.65, 72, 48.65, 1, 4813
22255, 15946, 71.65, 72, 48.65, 1, 4813
22256, 15947, 71.65, 72, 48.65, 1, 4813
22257, 15948, 71.65, 72, 48.65, 1, 4813
22258, 15948, 71.65, 72, 48.65, 1, 4814
22259, 15949, 71.65, 72, 48.65, 1, 4814
22260, 15950, 71.65, 72, 48.65, 1, 4814
22261, 15950, 71.65, 72, 48.65, 1, 4815
22262, 15951, 71.65, 72, 48.65, 1, 4815
22263, 15952, 71.65, 72, 48.65, 1, 4815
22264, 15953, 71.65, 72, 48.65, 1, 4815
22265, 15954, 71.66, 72, 48.65, 1, 4815
22266, 15954, 71.65, 72, 48.65, 1, 4816
22267, 15954, 71.65, 72, 48.65, 1, 4817
22268, 15954, 71.65, 72, 48.65, 1, 4818
22269, 15955, 71.65, 72, 48.65, 1, 4818
22270, 15956, 71.65, 72, 48.65, 1, 4818
22271, 15957, 71.65, 72, 48.65, 1, 4818
22272, 15958, 71.65, 72, 48.65, 1, 4818
22273, 15959, 71.65, 72, 48.65, 1, 4818
22274, 15960, 71.65, 72, 48.65, 1, 4818
22275, 15960, 71.65, 72, 48.65, 1, 4819
22276, 15961, 71.65, 72, 48.65, 1, 4819
22277, 15962, 71.65, 72, 48.65, 1, 4819
22278, 15963, 71.65, 72, 48.65, 1, 4819
22279, 15964, 71.65, 72, 48.65, 1, 4819
22280, 15965, 71.66, 72, 48.65, 1, 4819
22281, 15965, 71.65, 72, 48.65, 1, 4819
22282, 15966, 71.65, 72, 48.65, 1, 4819
22283, 15967, 71.66, 72, 48.65, 1, 4819
22284, 15967, 71.65, 72, 48.65, 1, 4820
22285, 15968, 71.65, 72, 48.65, 1, 4820
22286, 15968, 71.65, 72, 48.65, 1, 4821
22287, 15969, 71.65, 72, 48.65, 1, 4821
22288, 15970, 71.65, 72, 48.65, 1, 4821
22289, 15971, 71.65, 72, 48.65, 1, 4821
22290, 15972, 71.66, 72, 48.65, 1, 4821
22291, 15972, 71.65, 72, 48.65, 1, 4822
22292, 15973, 71.65, 72, 48.65, 1, 4822
22293, 15974, 71.65, 72, 48.65, 1, 4822
22294, 15975, 71.66, 72, 48.65, 1, 4822
22295, 15976, 71.66, 72, 48.65, 1, 4822
22296, 15977, 71.66, 72, 48.65, 1, 4822
22297, 15978, 71.66, 72, 48.65, 1, 4822
22298, 15978, 71.66, 72, 48.65, 1, 4823
22299, 15979, 71.66, 72, 48.65, 1, 4823
22300, 15980, 71.66, 72, 48.65, 1, 4823
22301, 15981, 71.66, 72, 48.65, 1, 4823
22302, 15982, 71.66, 72, 48.65, 1, 4823
22303, 15983, 71.66, 72, 48.65, 1, 4823
22304, 15984, 71.66, 72, 48.65, 1, 4823
22305, 15985, 71.67, 72, 48.65, 1, 4823
22306, 15986, 71.67, 72, 48.65, 1, 4823
22307, 15987, 71.67, 72, 48.65, 1, 4823
22308, 15988, 71.67, 72, 48.65, 1, 4823
22309, 15989, 71.67, 72, 48.65, 1, 4823
22310, 15989, 71.67, 72, 48.65, 1, 4823
22311, 15990, 71.67, 72, 48.65, 1, 4823
22312, 15991, 71.67, 72, 48.65, 1, 4823
22313, 15992, 71.67, 72, 48.65, 1, 4823
22314, 15993, 71.67, 72, 48.65, 1, 4823
22315, 15994, 71.67, 72, 48.65, 1, 4823
22316, 15994, 71.67, 72, 48.65, 1, 4824
22317, 15994, 71.67, 72, 48.65, 1, 4825
22318, 15995, 71.67, 72, 48.65, 1, 4825
22319, 15996, 71.67, 72, 48.65, 1, 4825
22320, 15997, 71.67, 72, 48.65, 1, 4825
22321, 15998, 71.67, 72, 48.65, 1, 4825
22322, 15999, 71.67, 72, 48.65, 1, 4825
22323, 15999, 71.67, 72, 48.65, 1, 4826
22324, 16000, 71.67, 72, 48.65, 1, 4826
22325, 16000, 71.67, 72, 48.65, 1, 4826
22326, 16001, 71.67, 72, 48.65, 1, 4826
22327, 16002, 71.67, 72, 48.65, 1, 4826
22328, 16003, 71.67, 72, 48.65, 1, 4826
22329, 16004, 71.67, 72, 48.65, 1, 4826
22330, 16005, 71.67, 72, 48.65, 1, 4826
22331, 16005, 71.67, 72, 48.65, 1, 4826
22332, 16006, 71.67, 72, 48.65, 1, 4826
22333, 16007, 71.67, 72, 48.65, 1, 4826
22334, 16008, 71.68, 72, 48.65, 1, 4826
22335, 16009, 71.68, 72, 48.65, 1, 4826
22336, 16009, 71.67, 72, 48.65, 1, 4827
22337, 16010, 71.67, 72, 48.65, 1, 4827
22338, 16010, 71.67, 72, 48.65, 1, 4828
22339, 16011, 71.67, 72, 48.65, 1, 4828
22340, 16012, 71.67, 72, 48.65, 1, 4828
22341, 16012, 71.67, 72, 48.65, 1, 4828
22342, 16012, 71.67, 72, 48.65, 1, 4829
22343, 16013, 71.67, 72, 48.65, 1, 4829
22344, 16013, 71.67, 72, 48.65, 1, 4830
22345, 16014, 71.67, 72, 48.65, 1, 4830
22346, 16014, 71.66, 72, 48.65, 1, 4831
22347, 16015, 71.67, 72, 48.65, 1, 4831
22348, 16015, 71.66, 72, 48.65, 1, 4832
22349, 16016, 71.66, 72, 48.65, 1, 4832
22350, 16017, 71.66, 72, 48.65, 1, 4832
22351, 16017, 71.66, 72, 48.65, 1, 4833
22352, 16017, 71.66, 72, 48.65, 1, 4834
22353, 16017, 71.65, 72, 48.65, 1, 4834
22354, 16017, 71.65, 72, 48.65, 1, 4835
22355, 16018, 71.65, 72, 48.65, 1, 4835
22356, 16018, 71.65, 72, 48.65, 1, 4836
22357, 16019, 71.65, 72, 48.65, 1, 4836
22358, 16020, 71.65, 72, 48.65, 1, 4836
22359, 16020, 71.65, 72, 48.65, 1, 4837
22360, 16021, 71.65, 72, 48.65, 1, 4837
22361, 16022, 71.65, 72, 48.65, 1, 4837
22362, 16022, 71.65, 72, 48.65, 1, 4838
22363, 16023, 71.65, 72, 48.65, 1, 4838
22364, 16023, 71.65, 72, 48.65, 1, 4839
22365, 16023, 71.64, 72, 48.65, 1, 4839
22366, 16024, 71.64, 72, 48.65, 1, 4839
22367, 16025, 71.65, 72, 48.65, 1, 4839
22368, 16026, 71.65, 72, 48.65, 1, 4839
22369, 16027, 71.65, 72, 48.65, 1, 4839
22370, 16028, 71.65, 72, 48.65, 1, 4839
22371, 16029, 71.65, 72, 48.65, 1, 4839
22372, 16030, 71.65, 72, 48.65, 1, 4839
22373, 16030, 71.65, 72, 48.65, 1, 4839
22374, 16031, 71.65, 72, 48.65, 1, 4839
22375, 16032, 71.65, 72, 48.65, 1, 4839
22376, 16033, 71.65, 72, 48.65, 1, 4839
22377, 16034, 71.65, 72, 48.65, 1, 4839
22378, 16035, 71.66, 72, 48.65, 1, 4839
22379, 16035, 71.65, 72, 48.65, 1, 4839
22380, 16036, 71.65, 72, 48.65, 1, 4839
22381, 16036, 71.65, 72, 48.65, 1, 4839
22382, 16036, 71.65, 72, 48.65, 1, 4839
22383, 16037, 71.65, 72, 48.65, 1, 4839
22384, 16038, 71.65, 72, 48.65, 1, 4839
22385, 16039, 71.65, 72, 48.65, 1, 4839
22386, 16040, 71.65, 72, 48.65, 1, 4839
22387, 16041, 71.65, 72, 48.65, 1, 4839
22388, 16041, 71.65, 72, 48.65, 1, 4839
22389, 16041, 71.65, 72, 48.65, 1, 4840
22390, 16042, 71.65, 72, 48.65, 1, 4840
22391, 16043, 71.65, 72, 48.65, 1, 4840
22392, 16044, 71.65, 72, 48.65, 1, 4840
22393, 16045, 71.65, 72, 48.65, 1, 4840
22394, 16045, 71.65, 72, 48.65, 1, 4841
22395, 16046, 71.65, 72, 48.65, 1, 4841
22396, 16047, 71.65, 72, 48.65, 1, 4841
22397, 16047, 71.65, 72, 48.65, 1, 4842
22398, 16048, 71.65, 72, 48.65, 1, 4842
22399, 16049, 71.65, 72, 48.65, 1, 4842
22400, 16050, 71.65, 72, 48.65, 1, 4842
22401, 16051, 71.65, 72, 48.65, 1, 4842
22402, 16052, 71.65, 72, 48.65, 1, 4842
22403, 16052, 71.65, 72, 48.65, 1, 4843
22404, 16053, 71.65, 72, 48.65, 1, 4843
22405, 16054, 71.65, 72, 48.65, 1, 4843
22406, 16055, 71.65, 72, 48.65, 1, 4843
22407, 16055, 71.65, 72, 48.65, 1, 4843
22408, 16056, 71.65, 72, 48.65, 1, 4843
22409, 16056, 71.65, 72, 48.65, 1, 4843
22410, 16057, 71.65, 72, 48.65, 1, 4843
22411, 16058, 71.65, 72, 48.65, 1, 4843
22412, 16059, 71.65, 72, 48.65, 1, 4843
22413, 16060, 71.65, 72, 48.65, 1, 4843
22414, 16061, 71.66, 72, 48.65, 1, 4843
22415, 16062, 71.66, 72, 48.65, 1, 4843
22416, 16063, 71.66, 72, 48.65, 1, 4843
22417, 16063, 71.66, 72, 48.65, 1, 4844
22418, 16064, 71.66, 72, 48.65, 1, 4844
22419, 16065, 71.66, 72, 48.65, 1, 4844
22420, 16065, 71.65, 72, 48.65, 1, 4845
22421, 16065, 71.65, 72, 48.65, 1, 4846
22422, 16066, 71.65, 72, 48.65, 1, 4846
22423, 16067, 71.65, 72, 48.65, 1, 4846
22424, 16067, 71.65, 72, 48.65, 1, 4847
22425, 16068, 71.65, 72, 48.65, 1, 4847
22426, 16069, 71.65, 72, 48.65, 1, 4847
22427, 16070, 71.65, 72, 48.65, 1, 4847
22428, 16070, 71.65, 72, 48.65, 1, 4848
22429, 16071, 71.65, 72, 48.65, 1, 4848
22430, 16072, 71.65, 72, 48.65, 1, 4848
22431, 16073, 71.66, 72, 48.65, 1, 4848
22432, 16073, 71.65, 72, 48.65, 1, 4849
22433, 16074, 71.65, 72, 48.65, 1, 4849
22434, 16075, 71.65, 72, 48.65, 1, 4849
22435, 16075, 71.65, 72, 48.65, 1, 4850
22436, 16076, 71.65, 72, 48.65, 1, 4850
22437, 16077, 71.65, 72, 48.65, 1, 4850
22438, 16077, 71.65, 72, 48.65, 1, 4851
22439, 16078, 71.65, 72, 48.65, 1, 4851
22440, 16079, 71.65, 72, 48.65, 1, 4851
22441, 16079, 71.65, 72, 48.65, 1, 4851
22442, 16080, 71.65, 72, 48.65, 1, 4851
22443, 16080, 71.65, 72, 48.65, 1, 4851
22444, 16080, 71.64, 72, 48.65, 1, 4852
22445, 16081, 71.65, 72, 48.65, 1, 4852
22446, 16082, 71.65, 72, 48.65, 1, 4852
22447, 16082, 71.64, 72, 48.65, 1, 4853
22448, 16082, 71.64, 72, 48.65, 1, 4854
22449, 16083, 71.64, 72, 48.65, 1, 4854
22450, 16084, 71.64, 72, 48.65, 1, 4854
22451, 16085, 71.64, 72, 48.65, 1, 4854
22452, 16085, 71.64, 72, 48.65, 1, 4855
22453, 16086, 71.64, 72, 48.65, 1, 4855
22454, 16086, 71.64, 72, 48.65, 1, 4856
22455, 16086, 71.64, 72, 48.65, 1, 4857
22456, 16087, 71.64, 72, 48.65, 1, 4857
22457, 16088, 71.64, 72, 48.65, 1, 4857
22458, 16088, 71.64, 72, 48.65, 1, 4858
22459, 16089, 71.64, 72, 48.65, 1, 4858
22460, 16090, 71.64, 72, 48.65, 1, 4858
22461, 16090, 71.64, 72, 48.65, 1, 4859
22462, 16090, 71.63, 72, 48.65, 1, 4859
22463, 16091, 71.63, 72, 48.65, 1, 4859
22464, 16092, 71.63, 72, 48.65, 1, 4859
22465, 16093, 71.64, 72, 48.65, 1, 4859
22466, 16093, 71.63, 72, 48.65, 1, 4859
22467, 16093, 71.63, 72, 48.65, 1, 4859
22468, 16093, 71.63, 72, 48.65, 1, 4860
22469, 16093, 71.62, 72, 48.65, 1, 4861
22470, 16094, 71.62, 72, 48.65, 1, 4861
22471, 16095, 71.63, 72, 48.65, 1, 4861
22472, 16096, 71.63, 72, 48.65, 1, 4861
22473, 16097, 71.63, 72, 48.65, 1, 4861
22474, 16097, 71.62, 72, 48.65, 1, 4862
22475, 16098, 71.63, 72, 48.65, 1, 4862
22476, 16098, 71.62, 72, 48.65, 1, 4863
22477, 16099, 71.62, 72, 48.65, 1, 4863
22478, 16100, 71.63, 72, 48.65, 1, 4863
22479, 16100, 71.62, 72, 48.65, 1, 4864
22480, 16101, 71.62, 72, 48.65, 1, 4864
22481, 16102, 71.62, 72, 48.65, 1, 4864
22482, 16103, 71.63, 72, 48.65, 1, 4864
22483, 16104, 71.63, 72, 48.65, 1, 4864
22484, 16105, 71.63, 72, 48.65, 1, 4864
22485, 16105, 71.63, 72, 48.65, 1, 4865
22486, 16106, 71.63, 72, 48.65, 1, 4865
22487, 16106, 71.62, 72, 48.65, 1, 4866
22488, 16107, 71.62, 72, 48.65, 1, 4866
22489, 16108, 71.63, 72, 48.65, 1, 4866
22490, 16108, 71.62, 72, 48.65, 1, 4867
22491, 16109, 71.62, 72, 48.65, 1, 4867
22492, 16110, 71.63, 72, 48.65, 1, 4867
22493, 16111, 71.63, 72, 48.65, 1, 4867
22494, 16112, 71.63, 72, 48.65, 1, 4867
22495, 16113, 71.63, 72, 48.65, 1, 4867
22496, 16114, 71.63, 72, 48.65, 1, 4867
22497, 16114, 71.63, 72, 48.65, 1, 4868
22498, 16115, 71.63, 72, 48.65, 1, 4868
22499, 16116, 71.63, 72, 48.65, 1, 4868
22500, 16116, 71.63, 72, 48.65, 1, 4869
22501, 16117, 71.63, 72, 48.65, 1, 4869
22502, 16118, 71.63, 72, 48.65, 1, 4869
22503, 16119, 71.63, 72, 48.65, 1, 4869
22504, 16120, 71.63, 72, 48.65, 1, 4869
22505, 16121, 71.63, 72, 48.65, 1, 4869
22506, 16122, 71.63, 72, 48.65, 1, 4869
22507, 16123, 71.64, 72, 48.65, 1, 4869
22508, 16124, 71.64, 72, 48.65, 1, 4869
22509, 16125, 71.64, 72, 48.65, 1, 4869
22510, 16126, 71.64, 72, 48.65, 1, 4869
22511, 16127, 71.64, 72, 48.65, 1, 4869
22512, 16128, 71.64, 72, 48.65, 1, 4869
22513, 16129, 71.64, 72, 48.65, 1, 4869
22514, 16129, 71.64, 72, 48.65, 1, 4870
22515, 16129, 71.64, 72, 48.65, 1, 4870
22516, 16130, 71.64, 72, 48.65, 1, 4870
22517, 16131, 71.64, 72, 48.65, 1, 4870
22518, 16132, 71.64, 72, 48.65, 1, 4870
22519, 16132, 71.64, 72, 48.65, 1, 4871
22520, 16133, 71.64, 72, 48.65, 1, 4871
22521, 16134, 71.64, 72, 48.65, 1, 4871
22522, 16135, 71.64, 72, 48.65, 1, 4871
22523, 16136, 71.64, 72, 48.65, 1, 4871
22524, 16137, 71.64, 72, 48.65, 1, 4871
22525, 16137, 71.64, 72, 48.65, 1, 4872
22526, 16138, 71.64, 72, 48.65, 1, 4872
22527, 16139, 71.64, 72, 48.65, 1, 4872
22528, 16140, 71.64, 72, 48.65, 1, 4872
22529, 16141, 71.65, 72, 48.65, 1, 4872
22530, 16141, 71.64, 72, 48.65, 1, 4873
22531, 16142, 71.64, 72, 48.65, 1, 4873
22532, 16143, 71.64, 72, 48.65, 1, 4873
22533, 16144, 71.65, 72, 48.65, 1, 4873
22534, 16145, 71.65, 72, 48.65, 1, 4873
22535, 16146, 71.65, 72, 48.65, 1, 4873
22536, 16147, 71.65, 72, 48.65, 1, 4873
22537, 16147, 71.65, 72, 48.65, 1, 4874
22538, 16148, 71.65, 72, 48.65, 1, 4874
22539, 16149, 71.65, 72, 48.65, 1, 4874
22540, 16150, 71.65, 72, 48.65, 1, 4874
22541, 16151, 71.65, 72, 48.65, 1, 4874
22542, 16152, 71.65, 72, 48.65, 1, 4874
22543, 16153, 71.65, 72, 48.65, 1, 4874
22544, 16154, 71.66, 72, 48.65, 1, 4874
22545, 16154, 71.65, 72, 48.65, 1, 4875
22546, 16154, 71.65, 72, 48.65, 1, 4876
22547, 16155, 71.65, 72, 48.65, 1, 4876
22548, 16156, 71.65, 72, 48.65, 1, 4876
22549, 16157, 71.65, 72, 48.65, 1, 4876
22550, 16157, 71.65, 72, 48.65, 1, 4877
22551, 16158, 71.65, 72, 48.65, 1, 4877
22552, 16159, 71.65, 72, 48.65, 1, 4877
22553, 16160, 71.65, 72, 48.65, 1, 4877
22554, 16161, 71.65, 72, 48.65, 1, 4877
22555, 16161, 71.65, 72, 48.65, 1, 4878
22556, 16162, 71.65, 72, 48.65, 1, 4878
22557, 16163, 71.65, 72, 48.65, 1, 4878
22558, 16164, 71.66, 72, 48.65, 1, 4878
22559, 16164, 71.65, 72, 48.65, 1, 4879
22560, 16165, 71.65, 72, 48.65, 1, 4879
22561, 16166, 71.65, 72, 48.65, 1, 4879
22562, 16166, 71.65, 72, 48.65, 1, 4880
22563, 16167, 71.65, 72, 48.65, 1, 4880
22564, 16168, 71.65, 72, 48.65, 1, 4880
22565, 16168, 71.65, 72, 48.65, 1, 4881
22566, 16168, 71.65, 72, 48.65, 1, 4882
22567, 16169, 71.65, 72, 48.65, 1, 4882
22568, 16170, 71.65, 72, 48.65, 1, 4882
22569, 16171, 71.65, 72, 48.65, 1, 4882
22570, 16171, 71.65, 72, 48.65, 1, 4883
22571, 16172, 71.65, 72, 48.65, 1, 4883
22572, 16173, 71.65, 72, 48.65, 1, 4883
22573, 16174, 71.65, 72, 48.65, 1, 4883
22574, 16175, 71.65, 72, 48.65, 1, 4883
22575, 16175, 71.65, 72, 48.65, 1, 4884
22576, 16176, 71.65, 72, 48.65, 1, 4884
22577, 16177, 71.65, 72, 48.65, 1, 4884
22578, 16178, 71.65, 72, 48.65, 1, 4884
22579, 16179, 71.66, 72, 48.65, 1, 4884
22580, 16179, 71.65, 72, 48.65, 1, 4885
22581, 16180, 71.65, 72, 48.65, 1, 4885
22582, 16180, 71.65, 72, 48.65, 1, 4886
22583, 16181, 71.65, 72, 48.65, 1, 4886
22584, 16182, 71.65, 72, 48.65, 1, 4886
22585, 16183, 71.65, 72, 48.65, 1, 4886
22586, 16184, 71.66, 72, 48.65, 1, 4886
22587, 16185, 71.66, 72, 48.65, 1, 4886
22588, 16185, 71.65, 72, 48.65, 1, 4887
22589, 16185, 71.65, 72, 48.65, 1, 4888
22590, 16185, 71.65, 72, 48.65, 1, 4889
22591, 16186, 71.65, 72, 48.65, 1, 4889
22592, 16187, 71.65, 72, 48.65, 1, 4889
22593, 16188, 71.65, 72, 48.65, 1, 4889
22594, 16189, 71.65, 72, 48.65, 1, 4889
22595, 16190, 71.65, 72, 48.65, 1, 4889
22596, 16191, 71.65, 72, 48.65, 1, 4889
22597, 16191, 71.65, 72, 48.65, 1, 4890
22598, 16192, 71.65, 72, 48.65, 1, 4890
22599, 16192, 71.65, 72, 48.65, 1, 4891
22600, 16193, 71.65, 72, 48.65, 1, 4891
22601, 16194, 71.65, 72, 48.65, 1, 4891
22602, 16194, 71.65, 72, 48.65, 1, 4892
22603, 16195, 71.65, 72, 48.65, 1, 4892
22604, 16195, 71.65, 72, 48.65, 1, 4893
22605, 16196, 71.65, 72, 48.65, 1, 4893
22606, 16197, 71.65, 72, 48.65, 1, 4893
22607, 16198, 71.65, 72, 48.65, 1, 4893
22608, 16199, 71.65, 72, 48.65, 1, 4893
22609, 16199, 71.65, 72, 48.65, 1, 4893
22610, 16200, 71.65, 72, 48.65, 1, 4893
22611, 16201, 71.65, 72, 48.65, 1, 4893
22612, 16202, 71.65, 72, 48.65, 1, 4893
22613, 16203, 71.65, 72, 48.65, 1, 4893
22614, 16203, 71.65, 72, 48.65, 1, 4893
22615, 16203, 71.65, 72, 48.65, 1, 4894
22616, 16204, 71.65, 72, 48.65, 1, 4894
22617, 16204, 71.65, 72, 48.65, 1, 4895
22618, 16205, 71.65, 72, 48.65, 1, 4895
22619, 16206, 71.65, 72, 48.65, 1, 4895
22620, 16206, 71.64, 72, 48.65, 1, 4896
22621, 16207, 71.65, 72, 48.65, 1, 4896
22622, 16207, 71.64, 72, 48.65, 1, 4897
22623, 16208, 71.64, 72, 48.65, 1, 4897
22624, 16208, 71.64, 72, 48.65, 1, 4897
22625, 16209, 71.64, 72, 48.65, 1, 4897
22626, 16210, 71.64, 72, 48.65, 1, 4897
22627, 16211, 71.64, 72, 48.65, 1, 4897
22628, 16212, 71.65, 72, 48.65, 1, 4897
22629, 16213, 71.65, 72, 48.65, 1, 4897
22630, 16214, 71.65, 72, 48.65, 1, 4897
22631, 16214, 71.65, 72, 48.65, 1, 4898
22632, 16215, 71.65, 72, 48.65, 1, 4898
22633, 16216, 71.65, 72, 48.65, 1, 4898
22634, 16217, 71.65, 72, 48.65, 1, 4898
22635, 16217, 71.65, 72, 48.65, 1, 4899
22636, 16218, 71.65, 72, 48.65, 1, 4899
22637, 16219, 71.65, 72, 48.65, 1, 4899
22638, 16220, 71.65, 72, 48.65, 1, 4899
22639, 16220, 71.65, 72, 48.65, 1, 4900
22640, 16221, 71.65, 72, 48.65, 1, 4900
22641, 16221, 71.64, 72, 48.65, 1, 4901
22642, 16221, 71.64, 72, 48.65, 1, 4902
22643, 16222, 71.64, 72, 48.65, 1, 4902
22644, 16223, 71.64, 72, 48.65, 1, 4902
22645, 16224, 71.64, 72, 48.65, 1, 4902
22646, 16225, 71.65, 72, 48.65, 1, 4902
22647, 16226, 71.65, 72, 48.65, 1, 4902
22648, 16226, 71.64, 72, 48.65, 1, 4902
22649, 16227, 71.65, 72, 48.65, 1, 4902
22650, 16228, 71.65, 72, 48.65, 1, 4902
22651, 16228, 71.64, 72, 48.65, 1, 4903
22652, 16228, 71.64, 72, 48.65, 1, 4904
22653, 16229, 71.64, 72, 48.65, 1, 4904
22654, 16230, 71.64, 72, 48.65, 1, 4904
22655, 16231, 71.64, 72, 48.65, 1, 4904
22656, 16231, 71.64, 72, 48.65, 1, 4905
22657, 16232, 71.64, 72, 48.65, 1, 4905
22658, 16232, 71.64, 72, 48.65, 1, 4905
22659, 16233, 71.64, 72, 48.65, 1, 4905
22660, 16234, 71.64, 72, 48.65, 1, 4905
22661, 16234, 71.64, 72, 48.65, 1, 4906
22662, 16235, 71.64, 72, 48.65, 1, 4906
22663, 16236, 71.64, 72, 48.65, 1, 4906
22664, 16237, 71.64, 72, 48.65, 1, 4906
22665, 16238, 71.64, 72, 48.65, 1, 4906
22666, 16239, 71.64, 72, 48.65, 1, 4906
22667, 16239, 71.64, 72, 48.65, 1, 4907
22668, 16239, 71.64, 72, 48.65, 1, 4908
22669, 16240, 71.64, 72, 48.65, 1, 4908
22670, 16241, 71.64, 72, 48.65, 1, 4908
22671, 16242, 71.64, 72, 48.65, 1, 4908
22672, 16243, 71.64, 72, 48.65, 1, 4908
22673, 16244, 71.64, 72, 48.65, 1, 4908
22674, 16244, 71.64, 72, 48.65, 1, 4909
22675, 16245, 71.64, 72, 48.65, 1, 4909
22676, 16246, 71.64, 72, 48.65, 1, 4909
22677, 16247, 71.65, 72, 48.65, 1, 4909
22678, 16247, 71.64, 72, 48.65, 1, 4910
22679, 16248, 71.64, 72, 48.65, 1, 4910
22680, 16249, 71.64, 72, 48.65, 1, 4910
22681, 16250, 71.65, 72, 48.65, 1, 4910
22682, 16251, 71.65, 72, 48.65, 1, 4910
22683, 16252, 71.65, 72, 48.65, 1, 4910
22684, 16253, 71.65, 72, 48.65, 1, 4910
22685, 16254, 71.65, 72, 48.65, 1, 4910
22686, 16255, 71.65, 72, 48.65, 1, 4910
22687, 16256, 71.65, 72, 48.65, 1, 4910
22688, 16256, 71.65, 72, 48.65, 1, 4911
22689, 16256, 71.65, 72, 48.65, 1, 4912
22690, 16257, 71.65, 72, 48.65, 1, 4912
22691, 16258, 71.65, 72, 48.65, 1, 4912
22692, 16258, 71.65, 72, 48.65, 1, 4913
22693, 16259, 71.65, 72, 48.65, 1, 4913
22694, 16260, 71.65, 72, 48.65, 1, 4913
22695, 16261, 71.65, 72, 48.65, 1, 4913
22696, 16262, 71.65, 72, 48.65, 1, 4913
22697, 16263, 71.65, 72, 48.65, 1, 4913
22698, 16263, 71.65, 72, 48.65, 1, 4913
22699, 16263, 71.65, 72, 48.65, 1, 4913
22700, 16264, 71.65, 72, 48.65, 1, 4913
22701, 16265, 71.65, 72, 48.65, 1, 4913
22702, 16266, 71.65, 72, 48.65, 1, 4913
22703, 16267, 71.65, 72, 48.65, 1, 4913
22704, 16268, 71.65, 72, 48.65, 1, 4913
22705, 16269, 71.65, 72, 48.65, 1, 4913
22706, 16270, 71.66, 72, 48.65, 1, 4913
22707, 16271, 71.66, 72, 48.65, 1, 4913
22708, 16271, 71.65, 72, 48.65, 1, 4913
22709, 16272, 71.65, 72, 48.65, 1, 4913
22710, 16273, 71.66, 72, 48.65, 1, 4913
22711, 16273, 71.65, 72, 48.65, 1, 4913
22712, 16274, 71.65, 72, 48.65, 1, 4913
22713, 16275, 71.65, 72, 48.65, 1, 4913
22714, 16276, 71.66, 72, 48.65, 1, 4913
22715, 16276, 71.65, 72, 48.65, 1, 4914
22716, 16276, 71.65, 72, 48.65, 1, 4915
22717, 16277, 71.65, 72, 48.65, 1, 4915
22718, 16278, 71.65, 72, 48.65, 1, 4915
22719, 16278, 71.65, 72, 48.65, 1, 4915
22720, 16279, 71.65, 72, 48.65, 1, 4915
22721, 16280, 71.65, 72, 48.65, 1, 4915
22722, 16281, 71.65, 72, 48.65, 1, 4915
22723, 16281, 71.65, 72, 48.65, 1, 4916
22724, 16282, 71.65, 72, 48.65, 1, 4916
22725, 16282, 71.65, 72, 48.65, 1, 4917
22726, 16283, 71.65, 72, 48.65, 1, 4917
22727, 16284, 71.65, 72, 48.65, 1, 4917
22728, 16285, 71.65, 72, 48.65, 1, 4917
22729, 16286, 71.65, 72, 48.65, 1, 4917
22730, 16287, 71.65, 72, 48.65, 1, 4917
22731, 16287, 71.65, 72, 48.65, 1, 4918
22732, 16287, 71.65, 72, 48.65, 1, 4919
22733, 16288, 71.65, 72, 48.65, 1, 4919
22734, 16289, 71.65, 72, 48.65, 1, 4919
22735, 16290, 71.65, 72, 48.65, 1, 4919
22736, 16290, 71.65, 72, 48.65, 1, 4920
22737, 16290, 71.65, 72, 48.65, 1, 4921
22738, 16291, 71.65, 72, 48.65, 1, 4921
22739, 16292, 71.65, 72, 48.65, 1, 4921
22740, 16293, 71.65, 72, 48.65, 1, 4921
22741, 16294, 71.65, 72, 48.65, 1, 4921
22742, 16295, 71.65, 72, 48.65, 1, 4921
22743, 16296, 71.65, 72, 48.65, 1, 4921
22744, 16297, 71.65, 72, 48.65, 1, 4921
22745, 16298, 71.66, 72, 48.65, 1, 4921
22746, 16298, 71.65, 72, 48.65, 1, 4922
22747, 16299, 71.65, 72, 48.65, 1, 4922
22748, 16300, 71.65, 72, 48.65, 1, 4922
22749, 16300, 71.65, 72, 48.65, 1, 4923
22750, 16301, 71.65, 72, 48.65, 1, 4923
22751, 16302, 71.65, 72, 48.65, 1, 4923
22752, 16303, 71.66, 72, 48.65, 1, 4923
22753, 16303, 71.65, 72, 48.65, 1, 4923
22754, 16303, 71.65, 72, 48.65, 1, 4923
22755, 16303, 71.65, 72, 48.65, 1, 4924
22756, 16304, 71.65, 72, 48.65, 1, 4924
22757, 16305, 71.65, 72, 48.65, 1, 4924
22758, 16306, 71.65, 72, 48.65, 1, 4924
22759, 16307, 71.65, 72, 48.65, 1, 4924
22760, 16308, 71.65, 72, 48.65, 1, 4924
22761, 16308, 71.65, 72, 48.65, 1, 4925
22762, 16309, 71.65, 72, 48.65, 1, 4925
22763, 16310, 71.65, 72, 48.65, 1, 4925
22764, 16311, 71.65, 72, 48.65, 1, 4925
22765, 16312, 71.65, 72, 48.65, 1, 4925
22766, 16312, 71.65, 72, 48.65, 1, 4926
22767, 16312, 71.65, 72, 48.65, 1, 4927
22768, 16313, 71.65, 72, 48.65, 1, 4927
22769, 16313, 71.65, 72, 48.65, 1, 4928
22770, 16314, 71.65, 72, 48.65, 1, 4928
22771, 16315, 71.65, 72, 48.65, 1, 4928
22772, 16316, 71.65, 72, 48.65, 1, 4928
22773, 16317, 71.65, 72, 48.65, 1, 4928
22774, 16318, 71.65, 72, 48.65, 1, 4928
22775, 16319, 71.65, 72, 48.65, 1, 4928
22776, 16320, 71.65, 72, 48.65, 1, 4928
22777, 16321, 71.66, 72, 48.65, 1, 4928
22778, 16322, 71.66, 72, 48.65, 1, 4928
22779, 16323, 71.66, 72, 48.65, 1, 4928
22780, 16324, 71.66, 72, 48.65, 1, 4928
22781, 16325, 71.66, 72, 48.65, 1, 4928
22782, 16326, 71.66, 72, 48.65, 1, 4928
22783, 16327, 71.66, 72, 48.65, 1, 4928
22784, 16328, 71.66, 72, 48.65, 1, 4928
22785, 16329, 71.67, 72, 48.65, 1, 4928
22786, 16329, 71.66, 72, 48.65, 1, 4929
22787, 16330, 71.66, 72, 48.65, 1, 4929
22788, 16331, 71.66, 72, 48.65, 1, 4929
22789, 16332, 71.67, 72, 48.65, 1, 4929
22790, 16333, 71.67, 72, 48.65, 1, 4929
22791, 16334, 71.67, 72, 48.65, 1, 4929
22792, 16335, 71.67, 72, 48.65, 1, 4929
22793, 16336, 71.67, 72, 48.65, 1, 4929
22794, 16336, 71.67, 72, 48.65, 1, 4930
22795, 16336, 71.66, 72, 48.65, 1, 4931
22796, 16336, 71.66, 72, 48.65, 1, 4932
22797, 16337, 71.66, 72, 48.65, 1, 4932
22798, 16338, 71.66, 72, 48.65, 1, 4932
22799, 16338, 71.66, 72, 48.65, 1, 4933
22800, 16339, 71.66, 72, 48.65, 1, 4933
22801, 16340, 71.66, 72, 48.65, 1, 4933
22802, 16341, 71.66, 72, 48.65, 1, 4933
22803, 16341, 71.66, 72, 48.65, 1, 4934
22804, 16342, 71.66, 72, 48.65, 1, 4934
22805, 16343, 71.66, 72, 48.65, 1, 4934
22806, 16343, 71.66, 72, 48.65, 1, 4935
22807, 16344, 71.66, 72, 48.65, 1, 4935
22808, 16345, 71.66, 72, 48.65, 1, 4935
22809, 16346, 71.66, 72, 48.65, 1, 4935
22810, 16346, 71.66, 72, 48.65, 1, 4936
22811, 16347, 71.66, 72, 48.65, 1, 4936
22812, 16348, 71.66, 72, 48.65, 1, 4936
22813, 16348, 71.66, 72, 48.65, 1, 4937
22814, 16349, 71.66, 72, 48.65, 1, 4937
22815, 16349, 71.66, 72, 48.65, 1, 4937
22816, 16350, 71.66, 72, 48.65, 1, 4937
22817, 16351, 71.66, 72, 48.65, 1, 4937
22818, 16352, 71.66, 72, 48.65, 1, 4937
22819, 16352, 71.66, 72, 48.65, 1, 4938
22820, 16352, 71.66, 72, 48.65, 1, 4939
22821, 16352, 71.65, 72, 48.65, 1, 4940
22822, 16353, 71.65, 72, 48.65, 1, 4940
22823, 16354, 71.66, 72, 48.65, 1, 4940
22824, 16355, 71.66, 72, 48.65, 1, 4940
22825, 16356, 71.66, 72, 48.65, 1, 4940
22826, 16357, 71.66, 72, 48.65, 1, 4940
22827, 16357, 71.66, 72, 48.65, 1, 4940
22828, 16358, 71.66, 72, 48.65, 1, 4940
22829, 16358, 71.65, 72, 48.65, 1, 4941
22830, 16359, 71.66, 72, 48.65, 1, 4941
22831, 16360, 71.66, 72, 48.65, 1, 4941
22832, 16361, 71.66, 72, 48.65, 1, 4941
22833, 16361, 71.66, 72, 48.65, 1, 4942
22834, 16362, 71.66, 72, 48.65, 1, 4942
22835, 16363, 71.66, 72, 48.65, 1, 4942
22836, 16364, 71.66, 72, 48.65, 1, 4942
22837, 16364, 71.66, 72, 48.65, 1, 4943
22838, 16364, 71.65, 72, 48.65, 1, 4943
22839, 16364, 71.65, 72, 48.65, 1, 4944
22840, 16365, 71.65, 72, 48.65, 1, 4944
22841, 16365, 71.65, 72, 48.65, 1, 4945
22842, 16365, 71.64, 72, 48.65, 1, 4946
22843, 16366, 71.65, 72, 48.65, 1, 4946
22844, 16366, 71.64, 72, 48.65, 1, 4947
22845, 16367, 71.64, 72, 48.65, 1, 4947
22846, 16368, 71.64, 72, 48.65, 1, 4947
22847, 16369, 71.65, 72, 48.65, 1, 4947
22848, 16370, 71.65, 72, 48.65, 1, 4947
22849, 16370, 71.64, 72, 48.65, 1, 4947
22850, 16370, 71.64, 72, 48.65, 1, 4947
22851, 16371, 71.64, 72, 48.65, 1, 4947
22852, 16372, 71.64, 72, 48.65, 1, 4947
22853, 16372, 71.64, 72, 48.65, 1, 4948
22854, 16373, 71.64, 72, 48.65, 1, 4948
22855, 16373, 71.64, 72, 48.65, 1, 4949
22856, 16374, 71.64, 72, 48.65, 1, 4949
22857, 16375, 71.64, 72, 48.65, 1, 4949
22858, 16376, 71.64, 72, 48.65, 1, 4949
22859, 16377, 71.64, 72, 48.65, 1, 4949
22860, 16378, 71.64, 72, 48.65, 1, 4949
22861, 16378, 71.64, 72, 48.65, 1, 4950
22862, 16379, 71.64, 72, 48.65, 1, 4950
22863, 16379, 71.64, 72, 48.65, 1, 4951
22864, 16380, 71.64, 72, 48.65, 1, 4951
22865, 16381, 71.64, 72, 48.65, 1, 4951
22866, 16381, 71.64, 72, 48.65, 1, 4952
22867, 16382, 71.64, 72, 48.65, 1, 4952
22868, 16383, 71.64, 72, 48.65, 1, 4952
22869, 16383, 71.64, 72, 48.65, 1, 4953
22870, 16384, 71.64, 72, 48.65, 1, 4953
22871, 16385, 71.64, 72, 48.65, 1, 4953
22872, 16386, 71.64, 72, 48.65, 1, 4953
22873, 16386, 71.64, 72, 48.65, 1, 4954
22874, 16387, 71.64, 72, 48.65, 1, 4954
22875, 16388, 71.64, 72, 48.65, 1, 4954
22876, 16389, 71.64, 72, 48.65, 1, 4954
22877, 16390, 71.64, 72, 48.65, 1, 4954
22878, 16390, 71.64, 72, 48.65, 1, 4954
22879, 16391, 71.64, 72, 48.65, 1, 4954
22880, 16392, 71.64, 72, 48.65, 1, 4954
22881, 16393, 71.64, 72, 48.65, 1, 4954
22882, 16394, 71.65, 72, 48.65, 1, 4954
22883, 16394, 71.64, 72, 48.65, 1, 4955
22884, 16395, 71.64, 72, 48.65, 1, 4955
22885, 16395, 71.64, 72, 48.65, 1, 4955
22886, 16396, 71.64, 72, 48.65, 1, 4955
22887, 16397, 71.64, 72, 48.65, 1, 4955
22888, 16398, 71.64, 72, 48.65, 1, 4955
22889, 16399, 71.65, 72, 48.65, 1, 4955
22890, 16399, 71.64, 72, 48.65, 1, 4956
22891, 16400, 71.64, 72, 48.65, 1, 4956
22892, 16401, 71.65, 72, 48.65, 1, 4956
22893, 16402, 71.65, 72, 48.65, 1, 4956
22894, 16403, 71.65, 72, 48.65, 1, 4956
22895, 16404, 71.65, 72, 48.65, 1, 4956
22896, 16405, 71.65, 72, 48.65, 1, 4956
22897, 16406, 71.65, 72, 48.65, 1, 4956
22898, 16406, 71.65, 72, 48.65, 1, 4957
22899, 16406, 71.65, 72, 48.65, 1, 4958
22900, 16407, 71.65, 72, 48.65, 1, 4958
22901, 16408, 71.65, 72, 48.65, 1, 4958
22902, 16409, 71.65, 72, 48.65, 1, 4958
22903, 16409, 71.65, 72, 48.65, 1, 4959
22904, 16409, 71.64, 72, 48.65, 1, 4960
22905, 16409, 71.64, 72, 48.65, 1, 4961
22906, 16410, 71.64, 72, 48.65, 1, 4961
22907, 16411, 71.64, 72, 48.65, 1, 4961
22908, 16412, 71.64, 72, 48.65, 1, 4961
22909, 16413, 71.64, 72, 48.65, 1, 4961
22910, 16413, 71.64, 72, 48.65, 1, 4962
22911, 16413, 71.64, 72, 48.65, 1, 4963
22912, 16413, 71.63, 72, 48.65, 1, 4964
22913, 16414, 71.64, 72, 48.65, 1, 4964
22914, 16415, 71.64, 72, 48.65, 1, 4964
22915, 16416, 71.64, 72, 48.65, 1, 4964
22916, 16417, 71.64, 72, 48.65, 1, 4964
22917, 16418, 71.64, 72, 48.65, 1, 4964
22918, 16418, 71.64, 72, 48.65, 1, 4965
22919, 16419, 71.64, 72, 48.65, 1, 4965
22920, 16420, 71.64, 72, 48.65, 1, 4965
22921, 16421, 71.64, 72, 48.65, 1, 4965
22922, 16422, 71.64, 72, 48.65, 1, 4965
22923, 16423, 71.64, 72, 48.65, 1, 4965
22924, 16424, 71.65, 72, 48.65, 1, 4965
22925, 16425, 71.65, 72, 48.65, 1, 4965
22926, 16426, 71.65, 72, 48.65, 1, 4965
22927, 16427, 71.65, 72, 48.65, 1, 4965
22928, 16427, 71.65, 72, 48.65, 1, 4965
22929, 16428, 71.65, 72, 48.65, 1, 4965
22930, 16428, 71.64, 72, 48.65, 1, 4965
22931, 16428, 71.64, 72, 48.65, 1, 4965
22932, 16429, 71.64, 72, 48.65, 1, 4965
22933, 16430, 71.64, 72, 48.65, 1, 4965
22934, 16431, 71.64, 72, 48.65, 1, 4965
22935, 16432, 71.65, 72, 48.65, 1, 4965
22936, 16433, 71.65, 72, 48.65, 1, 4965
22937, 16434, 71.65, 72, 48.65, 1, 4965
22938, 16435, 71.65, 72, 48.65, 1, 4965
22939, 16436, 71.65, 72, 48.65, 1, 4965
22940, 16437, 71.65, 72, 48.65, 1, 4965
22941, 16438, 71.65, 72, 48.65, 1, 4965
22942, 16439, 71.65, 72, 48.65, 1, 4965
22943, 16440, 71.66, 72, 48.65, 1, 4965
22944, 16441, 71.66, 72, 48.65, 1, 4965
22945, 16442, 71.66, 72, 48.65, 1, 4965
22946, 16442, 71.66, 72, 48.65, 1, 4965
22947, 16443, 71.66, 72, 48.65, 1, 4965
22948, 16443, 71.65, 72, 48.65, 1, 4965
22949, 16444, 71.65, 72, 48.65, 1, 4965
22950, 16444, 71.65, 72, 48.65, 1, 4966
22951, 16445, 71.65, 72, 48.65, 1, 4966
22952, 16446, 71.65, 72, 48.65, 1, 4966
22953, 16447, 71.66, 72, 48.65, 1, 4966
22954, 16448, 71.66, 72, 48.65, 1, 4966
22955, 16448, 71.65, 72, 48.65, 1, 4967
22956, 16449, 71.65, 72, 48.65, 1, 4967
22957, 16450, 71.66, 72, 48.65, 1, 4967
22958, 16451, 71.66, 72, 48.65, 1, 4967
22959, 16452, 71.66, 72, 48.65, 1, 4967
22960, 16453, 71.66, 72, 48.65, 1, 4967
22961, 16453, 71.66, 72, 48.65, 1, 4968
22962, 16454, 71.66, 72, 48.65, 1, 4968
22963, 16455, 71.66, 72, 48.65, 1, 4968
22964, 16456, 71.66, 72, 48.65, 1, 4968
22965, 16457, 71.66, 72, 48.65, 1, 4968
22966, 16458, 71.66, 72, 48.65, 1, 4968
22967, 16458, 71.66, 72, 48.65, 1, 4969
22968, 16458, 71.66, 72, 48.65, 1, 4970
22969, 16459, 71.66, 72, 48.65, 1, 4970
22970, 16460, 71.66, 72, 48.65, 1, 4970
22971, 16460, 71.66, 72, 48.65, 1, 4971
22972, 16461, 71.66, 72, 48.65, 1, 4971
22973, 16462, 71.66, 72, 48.65, 1, 4971
22974, 16463, 71.66, 72, 48.65, 1, 4971
22975, 16464, 71.66, 72, 48.65, 1, 4971
22976, 16465, 71.66, 72, 48.65, 1, 4971
22977, 16466, 71.66, 72, 48.65, 1, 4971
22978, 16467, 71.66, 72, 48.65, 1, 4971
22979, 16467, 71.66, 72, 48.65, 1, 4972
22980, 16468, 71.66, 72, 48.65, 1, 4972
22981, 16468, 71.66, 72, 48.65, 1, 4973
22982, 16469, 71.66, 72, 48.65, 1, 4973
22983, 16469, 71.66, 72, 48.65, 1, 4974
22984, 16470, 71.66, 72, 48.65, 1, 4974
22985, 16471, 71.66, 72, 48.65, 1, 4974
22986, 16472, 71.66, 72, 48.65, 1, 4974
22987, 16473, 71.66, 72, 48.65, 1, 4974
22988, 16473, 71.66, 72, 48.65, 1, 4975
22989, 16474, 71.66, 72, 48.65, 1, 4975
22990, 16475, 71.66, 72, 48.65, 1, 4975
22991, 16476, 71.66, 72, 48.65, 1, 4975
22992, 16476, 71.66, 72, 48.65, 1, 4975
22993, 16477, 71.66, 72, 48.65, 1, 4975
22994, 16478, 71.66, 72, 48.65, 1, 4975
22995, 16478, 71.66, 72, 48.65, 1, 4975
22996, 16479, 71.66, 72, 48.65, 1, 4975
22997, 16479, 71.66, 72, 48.65, 1, 4975
22998, 16479, 71.65, 72, 48.65, 1, 4976
22999, 16480, 71.66, 72, 48.65, 1, 4976
23000, 16480, 71.65, 72, 48.65, 1, 4977
23001, 16481, 71.65, 72, 48.65, 1, 4977
23002, 16482, 71.65, 72, 48.65, 1, 4977
23003, 16483, 71.66, 72, 48.65, 1, 4977
23004, 16484, 71.66, 72, 48.65, 1, 4977
23005, 16484, 71.65, 72, 48.65, 1, 4978
23006, 16485, 71.66, 72, 48.65, 1, 4978
23007, 16486, 71.66, 72, 48.65, 1, 4978
23008, 16487, 71.66, 72, 48.65, 1, 4978
23009, 16487, 71.65, 72, 48.65, 1, 4978
23010, 16488, 71.66, 72, 48.65, 1, 4978
23011, 16489, 71.66, 72, 48.65, 1, 4978
23012, 16490, 71.66, 72, 48.65, 1, 4978
23013, 16491, 71.66, 72, 48.65, 1, 4978
23014, 16492, 71.66, 72, 48.65, 1, 4978
23015, 16493, 71.66, 72, 48.65, 1, 4978
23016, 16494, 71.66, 72, 48.65, 1, 4978
23017, 16494, 71.66, 72, 48.65, 1, 4979
23018, 16495, 71.66, 72, 48.65, 1, 4979
23019, 16496, 71.66, 72, 48.65, 1, 4979
23020, 16497, 71.66, 72, 48.65, 1, 4979
23021, 16498, 71.67, 72, 48.65, 1, 4979
23022, 16499, 71.67, 72, 48.65, 1, 4979
23023, 16500, 71.67, 72, 48.65, 1, 4979
23024, 16501, 71.67, 72, 48.65, 1, 4979
23025, 16502, 71.67, 72, 48.65, 1, 4979
23026, 16502, 71.67, 72, 48.65, 1, 4980
23027, 16503, 71.67, 72, 48.65, 1, 4980
23028, 16504, 71.67, 72, 48.65, 1, 4980
23029, 16505, 71.67, 72, 48.65, 1, 4980
23030, 16506, 71.67, 72, 48.65, 1, 4980
23031, 16507, 71.67, 72, 48.65, 1, 4980
23032, 16508, 71.67, 72, 48.65, 1, 4980
23033, 16509, 71.68, 72, 48.65, 1, 4980
23034, 16510, 71.68, 72, 48.65, 1, 4980
23035, 16511, 71.68, 72, 48.65, 1, 4980
23036, 16512, 71.68, 72, 48.65, 1, 4980
23037, 16513, 71.68, 72, 48.65, 1, 4980
23038, 16514, 71.68, 72, 48.65, 1, 4980
23039, 16515, 71.68, 72, 48.65, 1, 4980
23040, 16516, 71.68, 72, 48.65, 1, 4980
23041, 16517, 71.69, 72, 48.65, 1, 4980
23042, 16518, 71.69, 72, 48.65, 1, 4980
23043, 16519, 71.69, 72, 48.65, 1, 4980
23044, 16519, 71.68, 72, 48.65, 1, 4981
23045, 16520, 71.69, 72, 48.65, 1, 4981
23046, 16521, 71.69, 72, 48.65, 1, 4981
23047, 16522, 71.69, 72, 48.65, 1, 4981
23048, 16523, 71.69, 72, 48.65, 1, 4981
23049, 16524, 71.69, 72, 48.65, 1, 4981
23050, 16525, 71.69, 72, 48.65, 1, 4981
23051, 16526, 71.69, 72, 48.65, 1, 4981
23052, 16527, 71.69, 72, 48.65, 1, 4981
23053, 16528, 71.70, 72, 48.65, 1, 4981
23054, 16529, 71.70, 72, 48.65, 1, 4981
23055, 16530, 71.70, 72, 48.65, 1, 4981
23056, 16531, 71.70, 72, 48.65, 1, 4981
23057, 16531, 71.70, 72, 48.65, 1, 4982
23058, 16531, 71.69, 72, 48.65, 1, 4983
23059, 16532, 71.69, 72, 48.65, 1, 4983
23060, 16532, 71.69, 72, 48.65, 1, 4983
23061, 16532, 71.69, 72, 48.65, 1, 4983
23062, 16533, 71.69, 72, 48.65, 1, 4983
23063, 16534, 71.69, 72, 48.65, 1, 4983
23064, 16535, 71.69, 72, 48.65, 1, 4983
23065, 16536, 71.69, 72, 48.65, 1, 4983
23066, 16536, 71.69, 72, 48.65, 1, 4984
23067, 16537, 71.69, 72, 48.65, 1, 4984
23068, 16538, 71.69, 72, 48.65, 1, 4984
23069, 16539, 71.69, 72, 48.65, 1, 4984
23070, 16540, 71.69, 72, 48.65, 1, 4984
23071, 16541, 71.70, 72, 48.65, 1, 4984
23072, 16541, 71.69, 72, 48.65, 1, 4985
23073, 16541, 71.69, 72, 48.65, 1, 4985
23074, 16542, 71.69, 72, 48.65, 1, 4985
23075, 16543, 71.69, 72, 48.65, 1, 4985
23076, 16543, 71.69, 72, 48.65, 1, 4985
23077, 16544, 71.69, 72, 48.65, 1, 4985
23078, 16545, 71.69, 72, 48.65, 1, 4985
23079, 16546, 71.69, 72, 48.65, 1, 4985
23080, 16547, 71.69, 72, 48.65, 1, 4985
23081, 16548, 71.70, 72, 48.65, 1, 4985
23082, 16549, 71.70, 72, 48.65, 1, 4985
23083, 16550, 71.70, 72, 48.65, 1, 4985
23084, 16550, 71.69, 72, 48.65, 1, 4986
23085, 16551, 71.70, 72, 48.65, 1, 4986
23086, 16552, 71.70, 72, 48.65, 1, 4986
23087, 16553, 71.70, 72, 48.65, 1, 4986
23088, 16554, 71.70, 72, 48.65, 1, 4986
23089, 16555, 71.70, 72, 48.65, 1, 4986
23090, 16556, 71.70, 72, 48.65, 1, 4986
23091, 16557, 71.70, 72, 48.65, 1, 4986
23092, 16558, 71.70, 72, 48.65, 1, 4986
23093, 16558, 71.70, 72, 48.65, 1, 4987
23094, 16559, 71.70, 72, 48.65, 1, 4987
23095, 16560, 71.70, 72, 48.65, 1, 4987
23096, 16561, 71.71, 72, 48.65, 1, 4987
23097, 16562, 71.71, 72, 48.65, 1, 4987
23098, 16562, 71.70, 72, 48.65, 1, 4988
23099, 16563, 71.70, 72, 48.65, 1, 4988
23100, 16563, 71.70, 72, 48.65, 1, 4989
23101, 16564, 71.70, 72, 48.65, 1, 4989
23102, 16565, 71.70, 72, 48.65, 1, 4989
23103, 16565, 71.70, 72, 48.65, 1, 4989
23104, 16565, 71.70, 72, 48.65, 1, 4990
23105, 16566, 71.70, 72, 48.65, 1, 4990
23106, 16567, 71.70, 72, 48.65, 1, 4990
23107, 16568, 71.70, 72, 48.65, 1, 4990
23108, 16568, 71.70, 72, 48.65, 1, 4991
23109, 16569, 71.70, 72, 48.65, 1, 4991
23110, 16569, 71.70, 72, 48.65, 1, 4991
23111, 16569, 71.69, 72, 48.65, 1, 4991
23112, 16570, 71.69, 72, 48.65, 1, 4991
23113, 16571, 71.70, 72, 48.65, 1, 4991
23114, 16571, 71.69, 72, 48.65, 1, 4992
23115, 16572, 71.69, 72, 48.65, 1, 4992
23116, 16573, 71.69, 72, 48.65, 1, 4992
23117, 16574, 71.70, 72, 48.65, 1, 4992
23118, 16574, 71.69, 72, 48.65, 1, 4993
23119, 16574, 71.69, 72, 48.65, 1, 4993
23120, 16575, 71.69, 72, 48.65, 1, 4993
23121, 16575, 71.69, 72, 48.65, 1, 4993
23122, 16576, 71.69, 72, 48.65, 1, 4993
23123, 16577, 71.69, 72, 48.65, 1, 4993
23124, 16577, 71.69, 72, 48.65, 1, 4993
23125, 16577, 71.68, 72, 48.65, 1, 4994
23126, 16578, 71.69, 72, 48.65, 1, 4994
23127, 16578, 71.68, 72, 48.65, 1, 4995
23128, 16579, 71.68, 72, 48.65, 1, 4995
23129, 16579, 71.68, 72, 48.65, 1, 4996
23130, 16580, 71.68, 72, 48.65, 1, 4996
23131, 16581, 71.68, 72, 48.65, 1, 4996
23132, 16582, 71.68, 72, 48.65, 1, 4996
23133, 16583, 71.69, 72, 48.65, 1, 4996
23134, 16584, 71.69, 72, 48.65, 1, 4996
23135, 16585, 71.69, 72, 48.65, 1, 4996
23136, 16586, 71.69, 72, 48.65, 1, 4996
23137, 16586, 71.69, 72, 48.65, 1, 4997
23138, 16586, 71.68, 72, 48.65, 1, 4997
23139, 16587, 71.68, 72, 48.65, 1, 4997
23140, 16587, 71.68, 72, 48.65, 1, 4998
23141, 16588, 71.68, 72, 48.65, 1, 4998
23142, 16589, 71.68, 72, 48.65, 1, 4998
23143, 16590, 71.68, 72, 48.65, 1, 4998
23144, 16591, 71.69, 72, 48.65, 1, 4998
23145, 16591, 71.68, 72, 48.65, 1, 4999
23146, 16592, 71.68, 72, 48.65, 1, 4999
23147, 16593, 71.69, 72, 48.65, 1, 4999
23148, 16593, 71.68, 72, 48.65, 1, 5000
23149, 16593, 71.68, 72, 48.65, 1, 5001
23150, 16594, 71.68, 72, 48.65, 1, 5001
23151, 16595, 71.68, 72, 48.65, 1, 5001
23152, 16595, 71.68, 72, 48.65, 1, 5002
23153, 16596, 71.68, 72, 48.65, 1, 5002
23154, 16596, 71.68, 72, 48.65, 1, 5003
23155, 16597, 71.68, 72, 48.65, 1, 5003
23156, 16598, 71.68, 72, 48.65, 1, 5003
23157, 16599, 71.68, 72, 48.65, 1, 5003
23158, 16600, 71.68, 72, 48.65, 1, 5003
23159, 16601, 71.68, 72, 48.65, 1, 5003
23160, 16602, 71.68, 72, 48.65, 1, 5003
23161, 16603, 71.69, 72, 48.65, 1, 5003
23162, 16603, 71.68, 72, 48.65, 1, 5004
23163, 16603, 71.68, 72, 48.65, 1, 5005
23164, 16604, 71.68, 72, 48.65, 1, 5005
23165, 16605, 71.68, 72, 48.65, 1, 5005
23166, 16606, 71.68, 72, 48.65, 1, 5005
23167, 16607, 71.68, 72, 48.65, 1, 5005
23168, 16608, 71.69, 72, 48.65, 1, 5005
23169, 16608, 71.68, 72, 48.65, 1, 5006
23170, 16608, 71.68, 72, 48.65, 1, 5007
23171, 16609, 71.68, 72, 48.65, 1, 5007
23172, 16610, 71.68, 72, 48.65, 1, 5007
23173, 16610, 71.68, 72, 48.65, 1, 5008
23174, 16611, 71.68, 72, 48.65, 1, 5008
23175, 16612, 71.68, 72, 48.65, 1, 5008
23176, 16612, 71.68, 72, 48.65, 1, 5009
23177, 16612, 71.67, 72, 48.65, 1, 5010
23178, 16613, 71.68, 72, 48.65, 1, 5010
23179, 16614, 71.68, 72, 48.65, 1, 5010
23180, 16614, 71.67, 72, 48.65, 1, 5011
23181, 16615, 71.68, 72, 48.65, 1, 5011
23182, 16616, 71.68, 72, 48.65, 1, 5011
23183, 16617, 71.68, 72, 48.65, 1, 5011
23184, 16618, 71.68, 72, 48.65, 1, 5011
23185, 16619, 71.68, 72, 48.65, 1, 5011
23186, 16620, 71.68, 72, 48.65, 1, 5011
23187, 16621, 71.68, 72, 48.65, 1, 5011
23188, 16622, 71.68, 72, 48.65, 1, 5011
23189, 16623, 71.68, 72, 48.65, 1, 5011
23190, 16624, 71.69, 72, 48.65, 1, 5011
23191, 16624, 71.68, 72, 48.65, 1, 5012
23192, 16625, 71.68, 72, 48.65, 1, 5012
23193, 16626, 71.69, 72, 48.65, 1, 5012
23194, 16626, 71.68, 72, 48.65, 1, 5013
23195, 16626, 71.68, 72, 48.65, 1, 5014
23196, 16627, 71.68, 72, 48.65, 1, 5014
23197, 16628, 71.68, 72, 48.65, 1, 5014
23198, 16629, 71.68, 72, 48.65, 1, 5014
23199, 16630, 71.68, 72, 48.65, 1, 5014
23200, 16631, 71.69, 72, 48.65, 1, 5014
23201, 16632, 71.69, 72, 48.65, 1, 5014
23202, 16633, 71.69, 72, 48.65, 1, 5014
23203, 16634, 71.69, 72, 48.65, 1, 5014
23204, 16634, 71.69, 72, 48.65, 1, 5015
23205, 16635, 71.69, 72, 48.65, 1, 5015
23206, 16635, 71.68, 72, 48.65, 1, 5015
23207, 16636, 71.69, 72, 48.65, 1, 5015
23208, 16636, 71.68, 72, 48.65, 1, 5016
23209, 16637, 71.68, 72, 48.65, 1, 5016
23210, 16638, 71.68, 72, 48.65, 1, 5016
23211, 16639, 71.69, 72, 48.65, 1, 5016
23212, 16640, 71.69, 72, 48.65, 1, 5016
23213, 16641, 71.69, 72, 48.65, 1, 5016
23214, 16642, 71.69, 72, 48.65, 1, 5016
23215, 16643, 71.69, 72, 48.65, 1, 5016
23216, 16644, 71.69, 72, 48.65, 1, 5016
23217, 16644, 71.69, 72, 48.65, 1, 5017
23218, 16645, 71.69, 72, 48.65, 1, 5017
23219, 16645, 71.69, 72, 48.65, 1, 5018
23220, 16646, 71.69, 72, 48.65, 1, 5018
23221, 16646, 71.69, 72, 48.65, 1, 5018
23222, 16647, 71.69, 72, 48.65, 1, 5018
23223, 16648, 71.69, 72, 48.65, 1, 5018
23224, 16649, 71.69, 72, 48.65, 1, 5018
23225, 16650, 71.69, 72, 48.65, 1, 5018
23226, 16650, 71.69, 72, 48.65, 1, 5019
23227, 16651, 71.69, 72, 48.65, 1, 5019
23228, 16652, 71.69, 72, 48.65, 1, 5019
23229, 16653, 71.69, 72, 48.65, 1, 5019
23230, 16654, 71.69, 72, 48.65, 1, 5019
23231, 16655, 71.69, 72, 48.65, 1, 5019
23232, 16656, 71.69, 72, 48.65, 1, 5019
23233, 16657, 71.70, 72, 48.65, 1, 5019
23234, 16658, 71.70, 72, 48.65, 1, 5019
23235, 16659, 71.70, 72, 48.65, 1, 5019
23236, 16660, 71.70, 72, 48.65, 1, 5019
23237, 16661, 71.70, 72, 48.65, 1, 5019
23238, 16662, 71.70, 72, 48.65, 1, 5019
23239, 16662, 71.70, 72, 48.65, 1, 5020
23240, 16663, 71.70, 72, 48.65, 1, 5020
23241, 16663, 71.70, 72, 48.65, 1, 5021
23242, 16663, 71.69, 72, 48.65, 1, 5022
23243, 16664, 71.69, 72, 48.65, 1, 5022
23244, 16665, 71.70, 72, 48.65, 1, 5022
23245, 16665, 71.69, 72, 48.65, 1, 5023
23246, 16665, 71.69, 72, 48.65, 1, 5024
23247, 16665, 71.69, 72, 48.65, 1, 5025
23248, 16666, 71.69, 72, 48.65, 1, 5025
23249, 16667, 71.69, 72, 48.65, 1, 5025
23250, 16668, 71.69, 72, 48.65, 1, 5025
23251, 16668, 71.69, 72, 48.65, 1, 5026
23252, 16669, 71.69, 72, 48.65, 1, 5026
23253, 16670, 71.69, 72, 48.65, 1, 5026
23254, 16671, 71.69, 72, 48.65, 1, 5026
23255, 16672, 71.69, 72, 48.65, 1, 5026
23256, 16672, 71.69, 72, 48.65, 1, 5027
23257, 16673, 71.69, 72, 48.65, 1, 5027
23258, 16674, 71.69, 72, 48.65, 1, 5027
23259, 16675, 71.69, 72, 48.65, 1, 5027
23260, 16676, 71.69, 72, 48.65, 1, 5027
23261, 16677, 71.70, 72, 48.65, 1, 5027
23262, 16678, 71.70, 72, 48.65, 1, 5027
23263, 16678, 71.69, 72, 48.65, 1, 5028
23264, 16679, 71.69, 72, 48.65, 1, 5028
23265, 16679, 71.69, 72, 48.65, 1, 5028
23266, 16679, 71.69, 72, 48.65, 1, 5028
23267, 16680, 71.69, 72, 48.65, 1, 5028
23268, 16681, 71.69, 72, 48.65, 1, 5028
23269, 16681, 71.69, 72, 48.65, 1, 5029
23270, 16682, 71.69, 72, 48.65, 1, 5029
23271, 16682, 71.69, 72, 48.65, 1, 5030
23272, 16682, 71.68, 72, 48.65, 1, 5030
23273, 16682, 71.68, 72, 48.65, 1, 5031
23274, 16683, 71.68, 72, 48.65, 1, 5031
23275, 16684, 71.68, 72, 48.65, 1, 5031
23276, 16684, 71.68, 72, 48.65, 1, 5032
23277, 16685, 71.68, 72, 48.65, 1, 5032
23278, 16686, 71.68, 72, 48.65, 1, 5032
23279, 16687, 71.68, 72, 48.65, 1, 5032
23280, 16688, 71.68, 72, 48.65, 1, 5032
23281, 16688, 71.68, 72, 48.65, 1, 5033
23282, 16688, 71.68, 72, 48.65, 1, 5033
23283, 16689, 71.68, 72, 48.65, 1, 5033
23284, 16690, 71.68, 72, 48.65, 1, 5033
23285, 16691, 71.68, 72, 48.65, 1, 5033
23286, 16691, 71.68, 72, 48.65, 1, 5033
23287, 16692, 71.68, 72, 48.65, 1, 5033
23288, 16693, 71.68, 72, 48.65, 1, 5033
23289, 16694, 71.68, 72, 48.65, 1, 5033
23290, 16694, 71.68, 72, 48.65, 1, 5033
23291, 16695, 71.68, 72, 48.65, 1, 5033
23292, 16695, 71.68, 72, 48.65, 1, 5033
23293, 16696, 71.68, 72, 48.65, 1, 5033
23294, 16696, 71.68, 72, 48.65, 1, 5033
23295, 16697, 71.68, 72, 48.65, 1, 5033
23296, 16698, 71.68, 72, 48.65, 1, 5033
23297, 16699, 71.68, 72, 48.65, 1, 5033
23298, 16700, 71.68, 72, 48.65, 1, 5033
23299, 16701, 71.68, 72, 48.65, 1, 5033
23300, 16702, 71.68, 72, 48.65, 1, 5033
23301, 16703, 71.68, 72, 48.65, 1, 5033
23302, 16703, 71.68, 72, 48.65, 1, 5033
23303, 16704, 71.68, 72, 48.65, 1, 5033
23304, 16705, 71.68, 72, 48.65, 1, 5033
23305, 16706, 71.68, 72, 48.65, 1, 5033
23306, 16707, 71.69, 72, 48.65, 1, 5033
23307, 16708, 71.69, 72, 48.65, 1, 5033
23308, 16709, 71.69, 72, 48.65, 1, 5033
23309, 16709, 71.68, 72, 48.65, 1, 5034
23310, 16710, 71.69, 72, 48.65, 1, 5034
23311, 16711, 71.69, 72, 48.65, 1, 5034
23312, 16712, 71.69, 72, 48.65, 1, 5034
23313, 16713, 71.69, 72, 48.65, 1, 5034
23314, 16713, 71.69, 72, 48.65, 1, 5034
23315, 16714, 71.69, 72, 48.65, 1, 5034
23316, 16715, 71.69, 72, 48.65, 1, 5034
23317, 16715, 71.69, 72, 48.65, 1, 5035
23318, 16716, 71.69, 72, 48.65, 1, 5035
23319, 16716, 71.68, 72, 48.65, 1, 5036
23320, 16716, 71.68, 72, 48.65, 1, 5036
23321, 16716, 71.68, 72, 48.65, 1, 5037
23322, 16717, 71.68, 72, 48.65, 1, 5037
23323, 16718, 71.68, 72, 48.65, 1, 5037
23324, 16719, 71.68, 72, 48.65, 1, 5037
23325, 16720, 71.68, 72, 48.65, 1, 5037
23326, 16721, 71.68, 72, 48.65, 1, 5037
23327, 16722, 71.69, 72, 48.65, 1, 5037
23328, 16722, 71.68, 72, 48.65, 1, 5038
23329, 16722, 71.68, 72, 48.65, 1, 5039
23330, 16723, 71.68, 72, 48.65, 1, 5039
23331, 16723, 71.68, 72, 48.65, 1, 5040
23332, 16723, 71.67, 72, 48.65, 1, 5041
23333, 16724, 71.68, 72, 48.65, 1, 5041
23334, 16724, 71.67, 72, 48.65, 1, 5042
23335, 16724, 71.67, 72, 48.65, 1, 5043
23336, 16725, 71.67, 72, 48.65, 1, 5043
23337, 16726, 71.67, 72, 48.65, 1, 5043
23338, 16726, 71.67, 72, 48.65, 1, 5043
23339, 16727, 71.67, 72, 48.65, 1, 5043
23340, 16728, 71.67, 72, 48.65, 1, 5043
23341, 16729, 71.67, 72, 48.65, 1, 5043
23342, 16730, 71.67, 72, 48.65, 1, 5043
23343, 16731, 71.67, 72, 48.65, 1, 5043
23344, 16732, 71.68, 72, 48.65, 1, 5043
23345, 16732, 71.67, 72, 48.65, 1, 5044
23346, 16732, 71.67, 72, 48.65, 1, 5045
23347, 16732, 71.67, 72, 48.65, 1, 5046
23348, 16732, 71.66, 72, 48.65, 1, 5047
23349, 16733, 71.66, 72, 48.65, 1, 5047
23350, 16733, 71.66, 72, 48.65, 1, 5048
23351, 16733, 71.66, 72, 48.65, 1, 5049
23352, 16734, 71.66, 72, 48.65, 1, 5049
23353, 16735, 71.66, 72, 48.65, 1, 5049
23354, 16736, 71.66, 72, 48.65, 1, 5049
23355, 16736, 71.66, 72, 48.65, 1, 5050
23356, 16737, 71.66, 72, 48.65, 1, 5050
23357, 16737, 71.66, 72, 48.65, 1, 5051
23358, 16738, 71.66, 72, 48.65, 1, 5051
23359, 16738, 71.66, 72, 48.65, 1, 5052
23360, 16738, 71.65, 72, 48.65, 1, 5053
23361, 16739, 71.65, 72, 48.65, 1, 5053
23362, 16739, 71.65, 72, 48.65, 1, 5054
23363, 16739, 71.65, 72, 48.65, 1, 5055
23364, 16740, 71.65, 72, 48.65, 1, 5055
23365, 16741, 71.65, 72, 48.65, 1, 5055
23366, 16742, 71.65, 72, 48.65, 1, 5055
23367, 16742, 71.65, 72, 48.65, 1, 5056
23368, 16743, 71.65, 72, 48.65, 1, 5056
23369, 16743, 71.65, 72, 48.65, 1, 5057
23370, 16743, 71.64, 72, 48.65, 1, 5058
23371, 16744, 71.64, 72, 48.65, 1, 5058
23372, 16744, 71.64, 72, 48.65, 1, 5059
23373, 16744, 71.64, 72, 48.65, 1, 5060
23374, 16745, 71.64, 72, 48.65, 1, 5060
23375, 16746, 71.64, 72, 48.65, 1, 5060
23376, 16747, 71.64, 72, 48.65, 1, 5060
23377, 16748, 71.64, 72, 48.65, 1, 5060
23378, 16748, 71.64, 72, 48.65, 1, 5061
23379, 16749, 71.64, 72, 48.65, 1, 5061
23380, 16750, 71.64, 72, 48.65, 1, 5061
23381, 16751, 71.64, 72, 48.65, 1, 5061
23382, 16752, 71.64, 72, 48.65, 1, 5061
23383, 16753, 71.65, 72, 48.65, 1, 5061
23384, 16754, 71.65, 72, 48.65, 1, 5061
23385, 16755, 71.65, 72, 48.65, 1, 5061
23386, 16756, 71.65, 72, 48.65, 1, 5061
23387, 16757, 71.65, 72, 48.65, 1, 5061
23388, 16758, 71.65, 72, 48.65, 1, 5061
23389, 16758, 71.65, 72, 48.65, 1, 5062
23390, 16759, 71.65, 72, 48.65, 1, 5062
23391, 16760, 71.65, 72, 48.65, 1, 5062
23392, 16761, 71.65, 72, 48.65, 1, 5062
23393, 16762, 71.65, 72, 48.65, 1, 5062
23394, 16762, 71.65, 72, 48.65, 1, 5063
23395, 16763, 71.65, 72, 48.65, 1, 5063
23396, 16764, 71.65, 72, 48.65, 1, 5063
23397, 16765, 71.65, 72, 48.65, 1, 5063
23398, 16766, 71.66, 72, 48.65, 1, 5063
23399, 16767, 71.66, 72, 48.65, 1, 5063
23400, 16768, 71.66, 72, 48.65, 1, 5063
23401, 16769, 71.66, 72, 48.65, 1, 5063
23402, 16770, 71.66, 72, 48.65, 1, 5063
23403, 16771, 71.66, 72, 48.65, 1, 5063
23404, 16772, 71.66, 72, 48.65, 1, 5063
23405, 16772, 71.66, 72, 48.65, 1, 5064
23406, 16773, 71.66, 72, 48.65, 1, 5064
23407, 16774, 71.66, 72, 48.65, 1, 5064
23408, 16775, 71.66, 72, 48.65, 1, 5064
23409, 16776, 71.66, 72, 48.65, 1, 5064
23410, 16776, 71.66, 72, 48.65, 1, 5065
23411, 16777, 71.66, 72, 48.65, 1, 5065
23412, 16778, 71.66, 72, 48.65, 1, 5065
23413, 16779, 71.67, 72, 48.65, 1, 5065
23414, 16779, 71.66, 72, 48.65, 1, 5066
23415, 16779, 71.66, 72, 48.65, 1, 5067
23416, 16780, 71.66, 72, 48.65, 1, 5067
23417, 16781, 71.66, 72, 48.65, 1, 5067
23418, 16781, 71.66, 72, 48.65, 1, 5068
23419, 16782, 71.66, 72, 48.65, 1, 5068
23420, 16783, 71.66, 72, 48.65, 1, 5068
23421, 16784, 71.66, 72, 48.65, 1, 5068
23422, 16785, 71.66, 72, 48.65, 1, 5068
23423, 16786, 71.66, 72, 48.65, 1, 5068
23424, 16786, 71.66, 72, 48.65, 1, 5069
23425, 16787, 71.66, 72, 48.65, 1, 5069
23426, 16788, 71.66, 72, 48.65, 1, 5069
23427, 16789, 71.67, 72, 48.65, 1, 5069
23428, 16790, 71.67, 72, 48.65, 1, 5069
23429, 16791, 71.67, 72, 48.65, 1, 5069
23430, 16791, 71.66, 72, 48.65, 1, 5070
23431, 16792, 71.67, 72, 48.65, 1, 5070
23432, 16793, 71.67, 72, 48.65, 1, 5070
23433, 16794, 71.67, 72, 48.65, 1, 5070
23434, 16795, 71.67, 72, 48.65, 1, 5070
23435, 16796, 71.67, 72, 48.65, 1, 5070
23436, 16797, 71.67, 72, 48.65, 1, 5070
23437, 16797, 71.67, 72, 48.65, 1, 5071
23438, 16798, 71.67, 72, 48.65, 1, 5071
23439, 16799, 71.67, 72, 48.65, 1, 5071
23440, 16800, 71.67, 72, 48.65, 1, 5071
23441, 16801, 71.67, 72, 48.65, 1, 5071
23442, 16802, 71.67, 72, 48.65, 1, 5071
23443, 16803, 71.68, 72, 48.65, 1, 5071
23444, 16804, 71.68, 72, 48.65, 1, 5071
23445, 16805, 71.68, 72, 48.65, 1, 5071
23446, 16806, 71.68, 72, 48.65, 1, 5071
23447, 16807, 71.68, 72, 48.65, 1, 5071
23448, 16807, 71.68, 72, 48.65, 1, 5071
23449, 16808, 71.68, 72, 48.65, 1, 5071
23450, 16808, 71.68, 72, 48.65, 1, 5071
23451, 16808, 71.67, 72, 48.65, 1, 5071
23452, 16809, 71.67, 72, 48.65, 1, 5071
23453, 16809, 71.67, 72, 48.65, 1, 5072
23454, 16810, 71.67, 72, 48.65, 1, 5072
23455, 16810, 71.67, 72, 48.65, 1, 5073
23456, 16811, 71.67, 72, 48.65, 1, 5073
23457, 16812, 71.67, 72, 48.65, 1, 5073
23458, 16813, 71.67, 72, 48.65, 1, 5073
23459, 16813, 71.67, 72, 48.65, 1, 5073
23460, 16814, 71.67, 72, 48.65, 1, 5073
23461, 16814, 71.67, 72, 48.65, 1, 5073
23462, 16815, 71.67, 72, 48.65, 1, 5073
23463, 16816, 71.67, 72, 48.65, 1, 5073
23464, 16817, 71.67, 72, 48.65, 1, 5073
23465, 16818, 71.67, 72, 48.65, 1, 5073
23466, 16819, 71.67, 72, 48.65, 1, 5073
23467, 16820, 71.68, 72, 48.65, 1, 5073
23468, 16820, 71.67, 72, 48.65, 1, 5073
23469, 16821, 71.67, 72, 48.65, 1, 5073
23470, 16822, 71.67, 72, 48.65, 1, 5073
23471, 16822, 71.67, 72, 48.65, 1, 5073
23472, 16823, 71.67, 72, 48.65, 1, 5073
23473, 16823, 71.67, 72, 48.65, 1, 5074
23474, 16824, 71.67, 72, 48.65, 1, 5074
23475, 16825, 71.67, 72, 48.65, 1, 5074
23476, 16825, 71.67, 72, 48.65, 1, 5075
23477, 16825, 71.67, 72, 48.65, 1, 5076
23478, 16826, 71.67, 72, 48.65, 1, 5076
23479, 16827, 71.67, 72, 48.65, 1, 5076
23480, 16828, 71.67, 72, 48.65, 1, 5076
23481, 16829, 71.67, 72, 48.65, 1, 5076
23482, 16830, 71.67, 72, 48.65, 1, 5076
23483, 16831, 71.67, 72, 48.65, 1, 5076
23484, 16832, 71.67, 72, 48.65, 1, 5076
23485, 16833, 71.68, 72, 48.65, 1, 5076
23486, 16834, 71.68, 72, 48.65, 1, 5076
23487, 16834, 71.67, 72, 48.65, 1, 5077
23488, 16835, 71.67, 72, 48.65, 1, 5077
23489, 16836, 71.68, 72, 48.65, 1, 5077
23490, 16837, 71.68, 72, 48.65, 1, 5077
23491, 16838, 71.68, 72, 48.65, 1, 5077
23492, 16838, 71.68, 72, 48.65, 1, 5078
23493, 16839, 71.68, 72, 48.65, 1, 5078
23494, 16840, 71.68, 72, 48.65, 1, 5078
23495, 16840, 71.67, 72, 48.65, 1, 5079
23496, 16841, 71.68, 72, 48.65, 1, 5079
23497, 16841, 71.67, 72, 48.65, 1, 5080
23498, 16842, 71.67, 72, 48.65, 1, 5080
23499, 16842, 71.67, 72, 48.65, 1, 5080
23500, 16843, 71.67, 72, 48.65, 1, 5080
23501, 16844, 71.67, 72, 48.65, 1, 5080
23502, 16845, 71.67, 72, 48.65, 1, 5080
23503, 16846, 71.68, 72, 48.65, 1, 5080
23504, 16846, 71.67, 72, 48.65, 1, 5080
23505, 16846, 71.67, 72, 48.65, 1, 5080
23506, 16846, 71.67, 72, 48.65, 1, 5080
23507, 16846, 71.66, 72, 48.65, 1, 5081
23508, 16847, 71.66, 72, 48.65, 1, 5081
23509, 16848, 71.67, 72, 48.65, 1, 5081
23510, 16849, 71.67, 72, 48.65, 1, 5081
23511, 16849, 71.66, 72, 48.65, 1, 5082
23512, 16850, 71.67, 72, 48.65, 1, 5082
23513, 16850, 71.66, 72, 48.65, 1, 5083
23514, 16851, 71.66, 72, 48.65, 1, 5083
23515, 16852, 71.66, 72, 48.65, 1, 5083
23516, 16853, 71.67, 72, 48.65, 1, 5083
23517, 16854, 71.67, 72, 48.65, 1, 5083
23518, 16855, 71.67, 72, 48.65, 1, 5083
23519, 16856, 71.67, 72, 48.65, 1, 5083
23520, 16857, 71.67, 72, 48.65, 1, 5083
23521, 16857, 71.67, 72, 48.65, 1, 5084
23522, 16857, 71.66, 72, 48.65, 1, 5085
23523, 16857, 71.66, 72, 48.65, 1, 5086
23524, 16858, 71.66, 72, 48.65, 1, 5086
23525, 16858, 71.66, 72, 48.65, 1, 5087
23526, 16859, 71.66, 72, 48.65, 1, 5087
23527, 16860, 71.66, 72, 48.65, 1, 5087
23528, 16861, 71.66, 72, 48.65, 1, 5087
23529, 16862, 71.66, 72, 48.65, 1, 5087
23530, 16863, 71.67, 72, 48.65, 1, 5087
23531, 16863, 71.66, 72, 48.65, 1, 5088
23532, 16864, 71.66, 72, 48.65, 1, 5088
23533, 16865, 71.67, 72, 48.65, 1, 5088
23534, 16866, 71.67, 72, 48.65, 1, 5088
23535, 16867, 71.67, 72, 48.65, 1, 5088
23536, 16868, 71.67, 72, 48.65, 1, 5088
23537, 16869, 71.67, 72, 48.65, 1, 5088
23538, 16870, 71.67, 72, 48.65, 1, 5088
23539, 16871, 71.67, 72, 48.65, 1, 5088
23540, 16872, 71.67, 72, 48.65, 1, 5088
23541, 16873, 71.67, 72, 48.65, 1, 5088
23542, 16873, 71.67, 72, 48.65, 1, 5089
23543, 16873, 71.67, 72, 48.65, 1, 5090
23544, 16873, 71.67, 72, 48.65, 1, 5090
23545, 16874, 71.67, 72, 48.65, 1, 5090
23546, 16875, 71.67, 72, 48.65, 1, 5090
23547, 16876, 71.67, 72, 48.65, 1, 5090
23548, 16877, 71.67, 72, 48.65, 1, 5090
23549, 16878, 71.67, 72, 48.65, 1, 5090
23550, 16879, 71.67, 72, 48.65, 1, 5090
23551, 16880, 71.67, 72, 48.65, 1, 5090
23552, 16881, 71.68, 72, 48.65, 1, 5090
23553, 16882, 71.68, 72, 48.65, 1, 5090
23554, 16883, 71.68, 72, 48.65, 1, 5090
23555, 16883, 71.67, 72, 48.65, 1, 5090
23556, 16884, 71.68, 72, 48.65, 1, 5090
23557, 16885, 71.68, 72, 48.65, 1, 5090
23558, 16886, 71.68, 72, 48.65, 1, 5090
23559, 16887, 71.68, 72, 48.65, 1, 5090
23560, 16888, 71.68, 72, 48.65, 1, 5090
23561, 16889, 71.68, 72, 48.65, 1, 5090
23562, 16889, 71.68, 72, 48.65, 1, 5091
23563, 16889, 71.68, 72, 48.65, 1, 5092
23564, 16889, 71.67, 72, 48.65, 1, 5093
23565, 16889, 71.67, 72, 48.65, 1, 5094
23566, 16889, 71.67, 72, 48.65, 1, 5095
23567, 16890, 71.67, 72, 48.65, 1, 5095
23568, 16891, 71.67, 72, 48.65, 1, 5095
23569, 16892, 71.67, 72, 48.65, 1, 5095
23570, 16892, 71.67, 72, 48.65, 1, 5096
23571, 16893, 71.67, 72, 48.65, 1, 5096
23572, 16893, 71.67, 72, 48.65, 1, 5097
23573, 16893, 71.66, 72, 48.65, 1, 5098
23574, 16893, 71.66, 72, 48.65, 1, 5099
23575, 16894, 71.66, 72, 48.65, 1, 5099
23576, 16895, 71.66, 72, 48.65, 1, 5099
23577, 16896, 71.66, 72, 48.65, 1, 5099
23578, 16896, 71.66, 72, 48.65, 1, 5100
23579, 16897, 71.66, 72, 48.65, 1, 5100
23580, 16898, 71.66, 72, 48.65, 1, 5100
23581, 16899, 71.66, 72, 48.65, 1, 5100
23582, 16899, 71.66, 72, 48.65, 1, 5100
23583, 16900, 71.66, 72, 48.65, 1, 5100
23584, 16900, 71.66, 72, 48.65, 1, 5101
23585, 16901, 71.66, 72, 48.65, 1, 5101
23586, 16902, 71.66, 72, 48.65, 1, 5101
23587, 16903, 71.66, 72, 48.65, 1, 5101
23588, 16904, 71.66, 72, 48.65, 1, 5101
23589, 16905, 71.66, 72, 48.65, 1, 5101
23590, 16906, 71.67, 72, 48.65, 1, 5101
23591, 16907, 71.67, 72, 48.65, 1, 5101
23592, 16908, 71.67, 72, 48.65, 1, 5101
23593, 16909, 71.67, 72, 48.65, 1, 5101
23594, 16910, 71.67, 72, 48.65, 1, 5101
23595, 16911, 71.67, 72, 48.65, 1, 5101
23596, 16912, 71.67, 72, 48.65, 1, 5101
23597, 16913, 71.67, 72, 48.65, 1, 5101
23598, 16914, 71.68, 72, 48.65, 1, 5101
23599, 16914, 71.67, 72, 48.65, 1, 5102
23600, 16915, 71.67, 72, 48.65, 1, 5102
23601, 16916, 71.67, 72, 48.65, 1, 5102
23602, 16917, 71.68, 72, 48.65, 1, 5102
23603, 16918, 71.68, 72, 48.65, 1, 5102
23604, 16919, 71.68, 72, 48.65, 1, 5102
23605, 16920, 71.68, 72, 48.65, 1, 5102
23606, 16921, 71.68, 72, 48.65, 1, 5102
23607, 16922, 71.68, 72, 48.65, 1, 5102
23608, 16923, 71.68, 72, 48.65, 1, 5102
23609, 16924, 71.68, 72, 48.65, 1, 5102
23610, 16925, 71.69, 72, 48.65, 1, 5102
23611, 16926, 71.69, 72, 48.65, 1, 5102
23612, 16927, 71.69, 72, 48.65, 1, 5102
23613, 16928, 71.69, 72, 48.65, 1, 5102
23614, 16929, 71.69, 72, 48.65, 1, 5102
23615, 16929, 71.69, 72, 48.65, 1, 5103
23616, 16930, 71.69, 72, 48.65, 1, 5103
23617, 16931, 71.69, 72, 48.65, 1, 5103
23618, 16932, 71.69, 72, 48.65, 1, 5103
23619, 16933, 71.69, 72, 48.65, 1, 5103
23620, 16934, 71.69, 72, 48.65, 1, 5103
23621, 16934, 71.69, 72, 48.65, 1, 5104
23622, 16934, 71.69, 72, 48.65, 1, 5104
23623, 16934, 71.68, 72, 48.65, 1, 5104
23624, 16935, 71.69, 72, 48.65, 1, 5104
23625, 16935, 71.68, 72, 48.65, 1, 5105
23626, 16936, 71.68, 72, 48.65, 1, 5105
23627, 16936, 71.68, 72, 48.65, 1, 5106
23628, 16937, 71.68, 72, 48.65, 1, 5106
23629, 16937, 71.68, 72, 48.65, 1, 5107
23630, 16937, 71.68, 72, 48.65, 1, 5108
23631, 16938, 71.68, 72, 48.65, 1, 5108
23632, 16938, 71.67, 72, 48.65, 1, 5109
23633, 16939, 71.68, 72, 48.65, 1, 5109
23634, 16940, 71.68, 72, 48.65, 1, 5109
23635, 16941, 71.68, 72, 48.65, 1, 5109
23636, 16941, 71.67, 72, 48.65, 1, 5110
23637, 16942, 71.68, 72, 48.65, 1, 5110
23638, 16942, 71.67, 72, 48.65, 1, 5111
23639, 16943, 71.67, 72, 48.65, 1, 5111
23640, 16944, 71.68, 72, 48.65, 1, 5111
23641, 16945, 71.68, 72, 48.65, 1, 5111
23642, 16946, 71.68, 72, 48.65, 1, 5111
23643, 16947, 71.68, 72, 48.65, 1, 5111
23644, 16948, 71.68, 72, 48.65, 1, 5111
23645, 16949, 71.68, 72, 48.65, 1, 5111
23646, 16949, 71.68, 72, 48.65, 1, 5111
23647, 16949, 71.68, 72, 48.65, 1, 5112
23648, 16949, 71.67, 72, 48.65, 1, 5113
23649, 16949, 71.67, 72, 48.65, 1, 5114
23650, 16950, 71.67, 72, 48.65, 1, 5114
23651, 16950, 71.67, 72, 48.65, 1, 5114
23652, 16951, 71.67, 72, 48.65, 1, 5114
23653, 16952, 71.67, 72, 48.65, 1, 5114
23654, 16953, 71.67, 72, 48.65, 1, 5114
23655, 16954, 71.67, 72, 48.65, 1, 5114
23656, 16954, 71.67, 72, 48.65, 1, 5115
23657, 16955, 71.67, 72, 48.65, 1, 5115
23658, 16956, 71.67, 72, 48.65, 1, 5115
23659, 16957, 71.67, 72, 48.65, 1, 5115
23660, 16957, 71.67, 72, 48.65, 1, 5116
23661, 16958, 71.67, 72, 48.65, 1, 5116
23662, 16959, 71.67, 72, 48.65, 1, 5116
23663, 16960, 71.67, 72, 48.65, 1, 5116
23664, 16960, 71.67, 72, 48.65, 1, 5117
23665, 16961, 71.67, 72, 48.65, 1, 5117
23666, 16962, 71.67, 72, 48.65, 1, 5117
23667, 16963, 71.67, 72, 48.65, 1, 5117
23668, 16963, 71.67, 72, 48.65, 1, 5118
23669, 16964, 71.67, 72, 48.65, 1, 5118
23670, 16965, 71.67, 72, 48.65, 1, 5118
23671, 16965, 71.67, 72, 48.65, 1, 5118
23672, 16966, 71.67, 72, 48.65, 1, 5118
23673, 16967, 71.67, 72, 48.65, 1, 5118
23674, 16968, 71.67, 72, 48.65, 1, 5118
23675, 16969, 71.67, 72, 48.65, 1, 5118
23676, 16970, 71.68, 72, 48.65, 1, 5118
23677, 16971, 71.68, 72, 48.65, 1, 5118
23678, 16971, 71.67, 72, 48.65, 1, 5118
23679, 16971, 71.67, 72, 48.65, 1, 5119
23680, 16972, 71.67, 72, 48.65, 1, 5119
23681, 16973, 71.67, 72, 48.65, 1, 5119
23682, 16974, 71.67, 72, 48.65, 1, 5119
23683, 16975, 71.68, 72, 48.65, 1, 5119
23684, 16975, 71.67, 72, 48.65, 1, 5120
23685, 16976, 71.67, 72, 48.65, 1, 5120
23686, 16977, 71.68, 72, 48.65, 1, 5120
23687, 16978, 71.68, 72, 48.65, 1, 5120
23688, 16979, 71.68, 72, 48.65, 1, 5120
23689, 16980, 71.68, 72, 48.65, 1, 5120
23690, 16981, 71.68, 72, 48.65, 1, 5120
23691, 16982, 71.68, 72, 48.65, 1, 5120
23692, 16983, 71.68, 72, 48.65, 1, 5120
23693, 16984, 71.68, 72, 48.65, 1, 5120
23694, 16984, 71.68, 72, 48.65, 1, 5121
23695, 16985, 71.68, 72, 48.65, 1, 5121
23696, 16986, 71.68, 72, 48.65, 1, 5121
23697, 16987, 71.68, 72, 48.65, 1, 5121
23698, 16988, 71.69, 72, 48.65, 1, 5121
23699, 16988, 71.68, 72, 48.65, 1, 5122
23700, 16989, 71.68, 72, 48.65, 1, 5122
23701, 16990, 71.68, 72, 48.65, 1, 5122
23702, 16991, 71.69, 72, 48.65, 1, 5122
23703, 16992, 71.69, 72, 48.65, 1, 5122
23704, 16993, 71.69, 72, 48.65, 1, 5122
23705, 16994, 71.69, 72, 48.65, 1, 5122
23706, 16995, 71.69, 72, 48.65, 1, 5122
23707, 16995, 71.69, 72, 48.65, 1, 5123
23708, 16996, 71.69, 72, 48.65, 1, 5123
23709, 16997, 71.69, 72, 48.65, 1, 5123
23710, 16998, 71.69, 72, 48.65, 1, 5123
23711, 16999, 71.69, 72, 48.65, 1, 5123
23712, 17000, 71.69, 72, 48.65, 1, 5123
23713, 17001, 71.69, 72, 48.65, 1, 5123
23714, 17002, 71.70, 72, 48.65, 1, 5123
23715, 17002, 71.69, 72, 48.65, 1, 5124
23716, 17002, 71.69, 72, 48.65, 1, 5125
23717, 17003, 71.69, 72, 48.65, 1, 5125
23718, 17004, 71.69, 72, 48.65, 1, 5125
23719, 17005, 71.69, 72, 48.65, 1, 5125
23720, 17005, 71.69, 72, 48.65, 1, 5126
23721, 17005, 71.69, 72, 48.65, 1, 5127
23722, 17006, 71.69, 72, 48.65, 1, 5127
23723, 17007, 71.69, 72, 48.65, 1, 5127
23724, 17008, 71.69, 72, 48.65, 1, 5127
23725, 17009, 71.69, 72, 48.65, 1, 5127
23726, 17010, 71.69, 72, 48.65, 1, 5127
23727, 17011, 71.69, 72, 48.65, 1, 5127
23728, 17012, 71.70, 72, 48.65, 1, 5127
23729, 17012, 71.69, 72, 48.65, 1, 5128
23730, 17012, 71.69, 72, 48.65, 1, 5128
23731, 17012, 71.69, 72, 48.65, 1, 5128
23732, 17013, 71.69, 72, 48.65, 1, 5128
23733, 17014, 71.69, 72, 48.65, 1, 5128
23734, 17015, 71.69, 72, 48.65, 1, 5128
23735, 17016, 71.69, 72, 48.65, 1, 5128
23736, 17017, 71.69, 72, 48.65, 1, 5128
23737, 17018, 71.69, 72, 48.65, 1, 5128
23738, 17019, 71.70, 72, 48.65, 1, 5128
23739, 17020, 71.70, 72, 48.65, 1, 5128
23740, 17021, 71.70, 72, 48.65, 1, 5128
23741, 17021, 71.69, 72, 48.65, 1, 5128
23742, 17022, 71.70, 72, 48.65, 1, 5128
23743, 17022, 71.69, 72, 48.65, 1, 5129
23744, 17023, 71.69, 72, 48.65, 1, 5129
23745, 17023, 71.69, 72, 48.65, 1, 5130
23746, 17024, 71.69, 72, 48.65, 1, 5130
23747, 17024, 71.69, 72, 48.65, 1, 5130
23748, 17025, 71.69, 72, 48.65, 1, 5130
23749, 17026, 71.69, 72, 48.65, 1, 5130
23750, 17026, 71.69, 72, 48.65, 1, 5130
23751, 17027, 71.69, 72, 48.65, 1, 5130
23752, 17027, 71.69, 72, 48.65, 1, 5131
23753, 17027, 71.68, 72, 48.65, 1, 5132
23754, 17028, 71.68, 72, 48.65, 1, 5132
23755, 17029, 71.69, 72, 48.65, 1, 5132
23756, 17030, 71.69, 72, 48.65, 1, 5132
23757, 17031, 71.69, 72, 48.65, 1, 5132
23758, 17032, 71.69, 72, 48.65, 1, 5132
23759, 17033, 71.69, 72, 48.65, 1, 5132
23760, 17034, 71.69, 72, 48.65, 1, 5132
23761, 17035, 71.69, 72, 48.65, 1, 5132
23762, 17036, 71.69, 72, 48.65, 1, 5132
23763, 17037, 71.70, 72, 48.65, 1, 5132
23764, 17038, 71.70, 72, 48.65, 1, 5132
23765, 17039, 71.70, 72, 48.65, 1, 5132
23766, 17040, 71.70, 72, 48.65, 1, 5132
23767, 17041, 71.70, 72, 48.65, 1, 5132
23768, 17042, 71.70, 72, 48.65, 1, 5132
23769, 17042, 71.70, 72, 48.65, 1, 5133
23770, 17043, 71.70, 72, 48.65, 1, 5133
23771, 17044, 71.70, 72, 48.65, 1, 5133
23772, 17044, 71.70, 72, 48.65, 1, 5133
23773, 17045, 71.70, 72, 48.65, 1, 5133
23774, 17046, 71.70, 72, 48.65, 1, 5133
23775, 17047, 71.70, 72, 48.65, 1, 5133
23776, 17048, 71.70, 72, 48.65, 1, 5133
23777, 17048, 71.70, 72, 48.65, 1, 5134
23778, 17049, 71.70, 72, 48.65, 1, 5134
23779, 17050, 71.70, 72, 48.65, 1, 5134
23780, 17051, 71.70, 72, 48.65, 1, 5134
23781, 17051, 71.70, 72, 48.65, 1, 5135
23782, 17052, 71.70, 72, 48.65, 1, 5135
23783, 17052, 71.70, 72, 48.65, 1, 5136
23784, 17053, 71.70, 72, 48.65, 1, 5136
23785, 17054, 71.70, 72, 48.65, 1, 5136
23786, 17055, 71.70, 72, 48.65, 1, 5136
23787, 17055, 71.70, 72, 48.65, 1, 5137
23788, 17056, 71.70, 72, 48.65, 1, 5137
23789, 17057, 71.70, 72, 48.65, 1, 5137
23790, 17057, 71.70, 72, 48.65, 1, 5138
23791, 17058, 71.70, 72, 48.65, 1, 5138
23792, 17059, 71.70, 72, 48.65, 1, 5138
23793, 17060, 71.70, 72, 48.65, 1, 5138
23794, 17061, 71.70, 72, 48.65, 1, 5138
23795, 17061, 71.70, 72, 48.65, 1, 5138
23796, 17062, 71.70, 72, 48.65, 1, 5138
23797, 17062, 71.70, 72, 48.65, 1, 5139
23798, 17063, 71.70, 72, 48.65, 1, 5139
23799, 17063, 71.70, 72, 48.65, 1, 5140
23800, 17064, 71.70, 72, 48.65, 1, 5140
23801, 17065, 71.70, 72, 48.65, 1, 5140
23802, 17065, 71.70, 72, 48.65, 1, 5141
23803, 17066, 71.70, 72, 48.65, 1, 5141
23804, 17066, 71.69, 72, 48.65, 1, 5141
23805, 17067, 71.70, 72, 48.65, 1, 5141
23806, 17067, 71.69, 72, 48.65, 1, 5141
23807, 17067, 71.69, 72, 48.65, 1, 5142
23808, 17068, 71.69, 72, 48.65, 1, 5142
23809, 17069, 71.69, 72, 48.65, 1, 5142
23810, 17069, 71.69, 72, 48.65, 1, 5143
23811, 17070, 71.69, 72, 48.65, 1, 5143
23812, 17070, 71.69, 72, 48.65, 1, 5144
23813, 17070, 71.68, 72, 48.65, 1, 5145
23814, 17071, 71.68, 72, 48.65, 1, 5145
23815, 17071, 71.68, 72, 48.65, 1, 5146
23816, 17072, 71.68, 72, 48.65, 1, 5146
23817, 17073, 71.68, 72, 48.65, 1, 5146
23818, 17074, 71.69, 72, 48.65, 1, 5146
23819, 17074, 71.68, 72, 48.65, 1, 5147
23820, 17074, 71.68, 72, 48.65, 1, 5148
23821, 17075, 71.68, 72, 48.65, 1, 5148
23822, 17076, 71.68, 72, 48.65, 1, 5148
23823, 17076, 71.68, 72, 48.65, 1, 5149
23824, 17077, 71.68, 72, 48.65, 1, 5149
23825, 17078, 71.68, 72, 48.65, 1, 5149
23826, 17078, 71.68, 72, 48.65, 1, 5149
23827, 17079, 71.68, 72, 48.65, 1, 5149
23828, 17080, 71.68, 72, 48.65, 1, 5149
23829, 17081, 71.68, 72, 48.65, 1, 5149
23830, 17082, 71.68, 72, 48.65, 1, 5149
23831, 17083, 71.68, 72, 48.65, 1, 5149
23832, 17083, 71.68, 72, 48.65, 1, 5149
23833, 17084, 71.68, 72, 48.65, 1, 5149
23834, 17085, 71.68, 72, 48.65, 1, 5149
23835, 17086, 71.68, 72, 48.65, 1, 5149
23836, 17087, 71.69, 72, 48.65, 1, 5149
23837, 17087, 71.68, 72, 48.65, 1, 5149
23838, 17088, 71.68, 72, 48.65, 1, 5149
23839, 17089, 71.69, 72, 48.65, 1, 5149
23840, 17089, 71.68, 72, 48.65, 1, 5150
23841, 17090, 71.68, 72, 48.65, 1, 5150
23842, 17091, 71.68, 72, 48.65, 1, 5150
23843, 17092, 71.69, 72, 48.65, 1, 5150
23844, 17093, 71.69, 72, 48.65, 1, 5150
23845, 17094, 71.69, 72, 48.65, 1, 5150
23846, 17094, 71.68, 72, 48.65, 1, 5151
23847, 17095, 71.69, 72, 48.65, 1, 5151
23848, 17096, 71.69, 72, 48.65, 1, 5151
23849, 17097, 71.69, 72, 48.65, 1, 5151
23850, 17098, 71.69, 72, 48.65, 1, 5151
23851, 17099, 71.69, 72, 48.65, 1, 5151
23852, 17099, 71.69, 72, 48.65, 1, 5151
23853, 17099, 71.68, 72, 48.65, 1, 5152
23854, 17100, 71.69, 72, 48.65, 1, 5152
23855, 17101, 71.69, 72, 48.65, 1, 5152
23856, 17102, 71.69, 72, 48.65, 1, 5152
23857, 17102, 71.69, 72, 48.65, 1, 5153
23858, 17103, 71.69, 72, 48.65, 1, 5153
23859, 17103, 71.68, 72, 48.65, 1, 5154
23860, 17104, 71.68, 72, 48.65, 1, 5154
23861, 17104, 71.68, 72, 48.65, 1, 5155
23862, 17104, 71.68, 72, 48.65, 1, 5155
23863, 17105, 71.68, 72, 48.65, 1, 5155
23864, 17106, 71.68, 72, 48.65, 1, 5155
23865, 17107, 71.68, 72, 48.65, 1, 5155
23866, 17107, 71.68, 72, 48.65, 1, 5156
23867, 17108, 71.68, 72, 48.65, 1, 5156
23868, 17109, 71.68, 72, 48.65, 1, 5156
23869, 17110, 71.68, 72, 48.65, 1, 5156
23870, 17111, 71.68, 72, 48.65, 1, 5156
23871, 17112, 71.69, 72, 48.65, 1, 5156
23872, 17113, 71.69, 72, 48.65, 1, 5156
23873, 17114, 71.69, 72, 48.65, 1, 5156
23874, 17115, 71.69, 72, 48.65, 1, 5156
23875, 17115, 71.69, 72, 48.65, 1, 5157
23876, 17116, 71.69, 72, 48.65, 1, 5157
23877, 17117, 71.69, 72, 48.65, 1, 5157
23878, 17118, 71.69, 72, 48.65, 1, 5157
23879, 17118, 71.69, 72, 48.65, 1, 5158
23880, 17119, 71.69, 72, 48.65, 1, 5158
23881, 17119, 71.68, 72, 48.65, 1, 5159
23882, 17119, 71.68, 72, 48.65, 1, 5160
23883, 17119, 71.68, 72, 48.65, 1, 5161
23884, 17120, 71.68, 72, 48.65, 1, 5161
23885, 17120, 71.68, 72, 48.65, 1, 5162
23886, 17121, 71.68, 72, 48.65, 1, 5162
23887, 17122, 71.68, 72, 48.65, 1, 5162
23888, 17123, 71.68, 72, 48.65, 1, 5162
23889, 17123, 71.68, 72, 48.65, 1, 5162
23890, 17124, 71.68, 72, 48.65, 1, 5162
23891, 17125, 71.68, 72, 48.65, 1, 5162
23892, 17126, 71.68, 72, 48.65, 1, 5162
23893, 17127, 71.68, 72, 48.65, 1, 5162
23894, 17128, 71.68, 72, 48.65, 1, 5162
23895, 17129, 71.68, 72, 48.65, 1, 5162
23896, 17130, 71.69, 72, 48.65, 1, 5162
23897, 17131, 71.69, 72, 48.65, 1, 5162
23898, 17132, 71.69, 72, 48.65, 1, 5162
23899, 17133, 71.69, 72, 48.65, 1, 5162
23900, 17134, 71.69, 72, 48.65, 1, 5162
23901, 17135, 71.69, 72, 48.65, 1, 5162
23902, 17136, 71.69, 72, 48.65, 1, 5162
23903, 17137, 71.69, 72, 48.65, 1, 5162
23904, 17137, 71.69, 72, 48.65, 1, 5163
23905, 17138, 71.69, 72, 48.65, 1, 5163
23906, 17138, 71.69, 72, 48.65, 1, 5164
23907, 17139, 71.69, 72, 48.65, 1, 5164
23908, 17140, 71.69, 72, 48.65, 1, 5164
23909, 17141, 71.69, 72, 48.65, 1, 5164
23910, 17142, 71.69, 72, 48.65, 1, 5164
23911, 17143, 71.70, 72, 48.65, 1, 5164
23912, 17144, 71.70, 72, 48.65, 1, 5164
23913, 17145, 71.70, 72, 48.65, 1, 5164
23914, 17146, 71.70, 72, 48.65, 1, 5164
23915, 17147, 71.70, 72, 48.65, 1, 5164
23916, 17148, 71.70, 72, 48.65, 1, 5164
23917, 17149, 71.70, 72, 48.65, 1, 5164
23918, 17149, 71.70, 72, 48.65, 1, 5164
23919, 17150, 71.70, 72, 48.65, 1, 5164
23920, 17151, 71.70, 72, 48.65, 1, 5164
23921, 17151, 71.70, 72, 48.65, 1, 5165
23922, 17151, 71.70, 72, 48.65, 1, 5166
23923, 17152, 71.70, 72, 48.65, 1, 5166
23924, 17153, 71.70, 72, 48.65, 1, 5166
23925, 17153, 71.69, 72, 48.65, 1, 5167
23926, 17154, 71.70, 72, 48.65, 1, 5167
23927, 17155, 71.70, 72, 48.65, 1, 5167
23928, 17155, 71.69, 72, 48.65, 1, 5168
23929, 17156, 71.70, 72, 48.65, 1, 5168
23930, 17157, 71.70, 72, 48.65, 1, 5168
23931, 17158, 71.70, 72, 48.65, 1, 5168
23932, 17159, 71.70, 72, 48.65, 1, 5168
23933, 17159, 71.70, 72, 48.65, 1, 5168
23934, 17160, 71.70, 72, 48.65, 1, 5168
23935, 17161, 71.70, 72, 48.65, 1, 5168
23936, 17162, 71.70, 72, 48.65, 1, 5168
23937, 17163, 71.70, 72, 48.65, 1, 5168
23938, 17164, 71.70, 72, 48.65, 1, 5168
23939, 17164, 71.70, 72, 48.65, 1, 5169
23940, 17165, 71.70, 72, 48.65, 1, 5169
23941, 17166, 71.70, 72, 48.65, 1, 5169
23942, 17167, 71.70, 72, 48.65, 1, 5169
23943, 17168, 71.70, 72, 48.65, 1, 5169
23944, 17169, 71.70, 72, 48.65, 1, 5169
23945, 17169, 71.70, 72, 48.65, 1, 5170
23946, 17170, 71.70, 72, 48.65, 1, 5170
23947, 17171, 71.70, 72, 48.65, 1, 5170
23948, 17171, 71.70, 72, 48.65, 1, 5170
23949, 17172, 71.70, 72, 48.65, 1, 5170
23950, 17173, 71.70, 72, 48.65, 1, 5170
23951, 17174, 71.70, 72, 48.65, 1, 5170
23952, 17174, 71.70, 72, 48.65, 1, 5171
23953, 17175, 71.70, 72, 48.65, 1, 5171
23954, 17176, 71.70, 72, 48.65, 1, 5171
23955, 17177, 71.71, 72, 48.65, 1, 5171
23956, 17177, 71.70, 72, 48.65, 1, 5172
23957, 17178, 71.70, 72, 48.65, 1, 5172
23958, 17178, 71.70, 72, 48.65, 1, 5173
23959, 17179, 71.70, 72, 48.65, 1, 5173
23960, 17180, 71.70, 72, 48.65, 1, 5173
23961, 17181, 71.70, 72, 48.65, 1, 5173
23962, 17182, 71.71, 72, 48.65, 1, 5173
23963, 17182, 71.70, 72, 48.65, 1, 5174
23964, 17183, 71.70, 72, 48.65, 1, 5174
23965, 17184, 71.70, 72, 48.65, 1, 5174
23966, 17185, 71.71, 72, 48.65, 1, 5174
23967, 17186, 71.71, 72, 48.65, 1, 5174
23968, 17187, 71.71, 72, 48.65, 1, 5174
23969, 17188, 71.71, 72, 48.65, 1, 5174
23970, 17189, 71.71, 72, 48.65, 1, 5174
23971, 17190, 71.71, 72, 48.65, 1, 5174
23972, 17190, 71.71, 72, 48.65, 1, 5175
23973, 17191, 71.71, 72, 48.65, 1, 5175
23974, 17191, 71.71, 72, 48.65, 1, 5175
23975, 17191, 71.70, 72, 48.65, 1, 5176
23976, 17191, 71.70, 72, 48.65, 1, 5177
23977, 17192, 71.70, 72, 48.65, 1, 5177
23978, 17193, 71.70, 72, 48.65, 1, 5177
23979, 17194, 71.70, 72, 48.65, 1, 5177
23980, 17194, 71.70, 72, 48.65, 1, 5178
23981, 17195, 71.70, 72, 48.65, 1, 5178
23982, 17196, 71.70, 72, 48.65, 1, 5178
23983, 17197, 71.70, 72, 48.65, 1, 5178
23984, 17198, 71.71, 72, 48.65, 1, 5178
23985, 17199, 71.71, 72, 48.65, 1, 5178
23986, 17200, 71.71, 72, 48.65, 1, 5178
23987, 17201, 71.71, 72, 48.65, 1, 5178
23988, 17202, 71.71, 72, 48.65, 1, 5178
23989, 17203, 71.71, 72, 48.65, 1, 5178
23990, 17204, 71.71, 72, 48.65, 1, 5178
23991, 17205, 71.71, 72, 48.65, 1, 5178
23992, 17206, 71.72, 72, 48.65, 1, 5178
23993, 17207, 71.72, 72, 48.65, 1, 5178
23994, 17208, 71.72, 72, 48.65, 1, 5178
23995, 17208, 71.71, 72, 48.65, 1, 5179
23996, 17209, 71.72, 72, 48.65, 1, 5179
23997, 17210, 71.72, 72, 48.65, 1, 5179
23998, 17210, 71.71, 72, 48.65, 1, 5180
23999, 17211, 71.72, 72, 48.65, 1, 5180
24000, 17212, 71.72, 72, 48.65, 1, 5180
24001, 17213, 71.72, 72, 48.65, 1, 5180
24002, 17214, 71.72, 72, 48.65, 1, 5180
24003, 17215, 71.72, 72, 48.65, 1, 5180
24004, 17216, 71.72, 72, 48.65, 1, 5180
24005, 17216, 71.72, 72, 48.65, 1, 5181
24006, 17216, 71.72, 72, 48.65, 1, 5182
24007, 17216, 71.71, 72, 48.65, 1, 5183
24008, 17217, 71.71, 72, 48.65, 1, 5183
24009, 17217, 71.71, 72, 48.65, 1, 5184
24010, 17218, 71.71, 72, 48.65, 1, 5184
24011, 17219, 71.71, 72, 48.65, 1, 5184
24012, 17220, 71.71, 72, 48.65, 1, 5184
24013, 17220, 71.71, 72, 48.65, 1, 5185
24014, 17221, 71.71, 72, 48.65, 1, 5185
24015, 17222, 71.71, 72, 48.65, 1, 5185
24016, 17223, 71.71, 72, 48.65, 1, 5185
24017, 17223, 71.71, 72, 48.65, 1, 5186
24018, 17224, 71.71, 72, 48.65, 1, 5186
24019, 17224, 71.71, 72, 48.65, 1, 5187
24020, 17225, 71.71, 72, 48.65, 1, 5187
24021, 17226, 71.71, 72, 48.65, 1, 5187
24022, 17227, 71.71, 72, 48.65, 1, 5187
24023, 17227, 71.71, 72, 48.65, 1, 5188
24024, 17227, 71.71, 72, 48.65, 1, 5188
24025, 17227, 71.70, 72, 48.65, 1, 5189
24026, 17228, 71.71, 72, 48.65, 1, 5189
24027, 17228, 71.70, 72, 48.65, 1, 5190
24028, 17229, 71.70, 72, 48.65, 1, 5190
24029, 17230, 71.71, 72, 48.65, 1, 5190
24030, 17230, 71.70, 72, 48.65, 1, 5191
24031, 17231, 71.70, 72, 48.65, 1, 5191
24032, 17231, 71.70, 72, 48.65, 1, 5192
24033, 17232, 71.70, 72, 48.65, 1, 5192
24034, 17233, 71.70, 72, 48.65, 1, 5192
24035, 17234, 71.70, 72, 48.65, 1, 5192
24036, 17234, 71.70, 72, 48.65, 1, 5192
24037, 17235, 71.70, 72, 48.65, 1, 5192
24038, 17236, 71.70, 72, 48.65, 1, 5192
24039, 17237, 71.70, 72, 48.65, 1, 5192
24040, 17238, 71.71, 72, 48.65, 1, 5192
24041, 17239, 71.71, 72, 48.65, 1, 5192
24042, 17240, 71.71, 72, 48.65, 1, 5192
24043, 17241, 71.71, 72, 48.65, 1, 5192
24044, 17242, 71.71, 72, 48.65, 1, 5192
24045, 17243, 71.71, 72, 48.65, 1, 5192
24046, 17244, 71.71, 72, 48.65, 1, 5192
24047, 17245, 71.71, 72, 48.65, 1, 5192
24048, 17245, 71.71, 72, 48.65, 1, 5192
24049, 17246, 71.71, 72, 48.65, 1, 5192
24050, 17247, 71.71, 72, 48.65, 1, 5192
24051, 17247, 71.71, 72, 48.65, 1, 5193
24052, 17248, 71.71, 72, 48.65, 1, 5193
24053, 17249, 71.71, 72, 48.65, 1, 5193
24054, 17249, 71.71, 72, 48.65, 1, 5194
24055, 17250, 71.71, 72, 48.65, 1, 5194
24056, 17251, 71.71, 72, 48.65, 1, 5194
24057, 17252, 71.71, 72, 48.65, 1, 5194
24058, 17253, 71.71, 72, 48.65, 1, 5194
24059, 17253, 71.71, 72, 48.65, 1, 5194
24060, 17253, 71.71, 72, 48.65, 1, 5194
24061, 17254, 71.71, 72, 48.65, 1, 5194
24062, 17255, 71.71, 72, 48.65, 1, 5194
24063, 17255, 71.71, 72, 48.65, 1, 5195
24064, 17255, 71.70, 72, 48.65, 1, 5196
24065, 17256, 71.71, 72, 48.65, 1, 5196
24066, 17257, 71.71, 72, 48.65, 1, 5196
24067, 17257, 71.70, 72, 48.65, 1, 5196
24068, 17258, 71.71, 72, 48.65, 1, 5196
24069, 17259, 71.71, 72, 48.65, 1, 5196
24070, 17259, 71.70, 72, 48.65, 1, 5197
24071, 17259, 71.70, 72, 48.65, 1, 5198
24072, 17260, 71.70, 72, 48.65, 1, 5198
24073, 17261, 71.70, 72, 48.65, 1, 5198
24074, 17261, 71.70, 72, 48.65, 1, 5198
24075, 17262, 71.70, 72, 48.65, 1, 5198
24076, 17263, 71.70, 72, 48.65, 1, 5198
24077, 17264, 71.70, 72, 48.65, 1, 5198
24078, 17265, 71.70, 72, 48.65, 1, 5198
24079, 17266, 71.71, 72, 48.65, 1, 5198
24080, 17266, 71.70, 72, 48.65, 1, 5199
24081, 17267, 71.70, 72, 48.65, 1, 5199
24082, 17267, 71.70, 72, 48.65, 1, 5200
24083, 17268, 71.70, 72, 48.65, 1, 5200
24084, 17268, 71.70, 72, 48.65, 1, 5200
24085, 17268, 71.70, 72, 48.65, 1, 5200
24086, 17268, 71.69, 72, 48.65, 1, 5201
24087, 17268, 71.69, 72, 48.65, 1, 5202
24088, 17268, 71.69, 72, 48.65, 1, 5203
24089, 17268, 71.68, 72, 48.65, 1, 5204
24090, 17269, 71.69, 72, 48.65, 1, 5204
24091, 17270, 71.69, 72, 48.65, 1, 5204
24092, 17271, 71.69, 72, 48.65, 1, 5204
24093, 17272, 71.69, 72, 48.65, 1, 5204
24094, 17272, 71.69, 72, 48.65, 1, 5204
24095, 17273, 71.69, 72, 48.65, 1, 5204
24096, 17273, 71.68, 72, 48.65, 1, 5204
24097, 17274, 71.69, 72, 48.65, 1, 5204
24098, 17275, 71.69, 72, 48.65, 1, 5204
24099, 17276, 71.69, 72, 48.65, 1, 5204
24100, 17277, 71.69, 72, 48.65, 1, 5204
24101, 17277, 71.69, 72, 48.65, 1, 5205
24102, 17278, 71.69, 72, 48.65, 1, 5205
24103, 17279, 71.69, 72, 48.65, 1, 5205
24104, 17280, 71.69, 72, 48.65, 1, 5205
24105, 17281, 71.69, 72, 48.65, 1, 5205
24106, 17282, 71.69, 72, 48.65, 1, 5205
24107, 17283, 71.69, 72, 48.65, 1, 5205
24108, 17284, 71.69, 72, 48.65, 1, 5205
24109, 17285, 71.70, 72, 48.65, 1, 5205
24110, 17285, 71.69, 72, 48.65, 1, 5206
24111, 17286, 71.69, 72, 48.65, 1, 5206
24112, 17287, 71.69, 72, 48.65, 1, 5206
24113, 17288, 71.70, 72, 48.65, 1, 5206
24114, 17289, 71.70, 72, 48.65, 1, 5206
24115, 17290, 71.70, 72, 48.65, 1, 5206
24116, 17290, 71.70, 72, 48.65, 1, 5207
24117, 17291, 71.70, 72, 48.65, 1, 5207
24118, 17292, 71.70, 72, 48.65, 1, 5207
24119, 17292, 71.69, 72, 48.65, 1, 5208
24120, 17293, 71.70, 72, 48.65, 1, 5208
24121, 17294, 71.70, 72, 48.65, 1, 5208
24122, 17294, 71.69, 72, 48.65, 1, 5209
24123, 17295, 71.70, 72, 48.65, 1, 5209
24124, 17296, 71.70, 72, 48.65, 1, 5209
24125, 17297, 71.70, 72, 48.65, 1, 5209
24126, 17298, 71.70, 72, 48.65, 1, 5209
24127, 17299, 71.70, 72, 48.65, 1, 5209
24128, 17300, 71.70, 72, 48.65, 1, 5209
24129, 17301, 71.70, 72, 48.65, 1, 5209
24130, 17301, 71.70, 72, 48.65, 1, 5210
24131, 17302, 71.70, 72, 48.65, 1, 5210
24132, 17303, 71.70, 72, 48.65, 1, 5210
24133, 17303, 71.70, 72, 48.65, 1, 5210
24134, 17304, 71.70, 72, 48.65, 1, 5210
24135, 17305, 71.70, 72, 48.65, 1, 5210
24136, 17305, 71.70, 72, 48.65, 1, 5210
24137, 17306, 71.70, 72, 48.65, 1, 5210
24138, 17306, 71.70, 72, 48.65, 1, 5211
24139, 17306, 71.69, 72, 48.65, 1, 5212
24140, 17307, 71.69, 72, 48.65, 1, 5212
24141, 17307, 71.69, 72, 48.65, 1, 5213
24142, 17308, 71.69, 72, 48.65, 1, 5213
24143, 17309, 71.69, 72, 48.65, 1, 5213
24144, 17310, 71.69, 72, 48.65, 1, 5213
24145, 17310, 71.69, 72, 48.65, 1, 5214
24146, 17311, 71.69, 72, 48.65, 1, 5214
24147, 17312, 71.69, 72, 48.65, 1, 5214
24148, 17312, 71.69, 72, 48.65, 1, 5215
24149, 17313, 71.69, 72, 48.65, 1, 5215
24150, 17314, 71.69, 72, 48.65, 1, 5215
24151, 17315, 71.69, 72, 48.65, 1, 5215
24152, 17315, 71.69, 72, 48.65, 1, 5216
24153, 17316, 71.69, 72, 48.65, 1, 5216
24154, 17316, 71.69, 72, 48.65, 1, 5216
24155, 17317, 71.69, 72, 48.65, 1, 5216
24156, 17318, 71.69, 72, 48.65, 1, 5216
24157, 17319, 71.69, 72, 48.65, 1, 5216
24158, 17319, 71.69, 72, 48.65, 1, 5216
24159, 17320, 71.69, 72, 48.65, 1, 5216
24160, 17321, 71.69, 72, 48.65, 1, 5216
24161, 17322, 71.69, 72, 48.65, 1, 5216
24162, 17323, 71.70, 72, 48.65, 1, 5216
24163, 17324, 71.70, 72, 48.65, 1, 5216
24164, 17324, 71.69, 72, 48.65, 1, 5216
24165, 17325, 71.69, 72, 48.65, 1, 5216
24166, 17325, 71.69, 72, 48.65, 1, 5217
24167, 17326, 71.69, 72, 48.65, 1, 5217
24168, 17327, 71.69, 72, 48.65, 1, 5217
24169, 17328, 71.70, 72, 48.65, 1, 5217
24170, 17329, 71.70, 72, 48.65, 1, 5217
24171, 17330, 71.70, 72, 48.65, 1, 5217
24172, 17330, 71.69, 72, 48.65, 1, 5218
24173, 17331, 71.70, 72, 48.65, 1, 5218
24174, 17331, 71.69, 72, 48.65, 1, 5219
24175, 17332, 71.69, 72, 48.65, 1, 5219
24176, 17333, 71.70, 72, 48.65, 1, 5219
24177, 17334, 71.70, 72, 48.65, 1, 5219
24178, 17335, 71.70, 72, 48.65, 1, 5219
24179, 17336, 71.70, 72, 48.65, 1, 5219
24180, 17337, 71.70, 72, 48.65, 1, 5219
24181, 17338, 71.70, 72, 48.65, 1, 5219
24182, 17339, 71.70, 72, 48.65, 1, 5219
24183, 17340, 71.70, 72, 48.65, 1, 5219
24184, 17341, 71.70, 72, 48.65, 1, 5219
24185, 17341, 71.70, 72, 48.65, 1, 5220
24186, 17341, 71.70, 72, 48.65, 1, 5220
24187, 17341, 71.70, 72, 48.65, 1, 5221
24188, 17342, 71.70, 72, 48.65, 1, 5221
24189, 17343, 71.70, 72, 48.65, 1, 5221
24190, 17344, 71.70, 72, 48.65, 1, 5221
24191, 17345, 71.70, 72, 48.65, 1, 5221
24192, 17346, 71.70, 72, 48.65, 1, 5221
24193, 17347, 71.70, 72, 48.65, 1, 5221
24194, 17348, 71.70, 72, 48.65, 1, 5221
24195, 17349, 71.70, 72, 48.65, 1, 5221
24196, 17350, 71.71, 72, 48.65, 1, 5221
24197, 17351, 71.71, 72, 48.65, 1, 5221
24198, 17352, 71.71, 72, 48.65, 1, 5221
24199, 17353, 71.71, 72, 48.65, 1, 5221
24200, 17354, 71.71, 72, 48.65, 1, 5221
24201, 17355, 71.71, 72, 48.65, 1, 5221
24202, 17355, 71.71, 72, 48.65, 1, 5222
24203, 17355, 71.71, 72, 48.65, 1, 5222
24204, 17356, 71.71, 72, 48.65, 1, 5222
24205, 17356, 71.70, 72, 48.65, 1, 5222
24206, 17357, 71.71, 72, 48.65, 1, 5222
24207, 17357, 71.70, 72, 48.65, 1, 5222
24208, 17358, 71.70, 72, 48.65, 1, 5222
24209, 17359, 71.70, 72, 48.65, 1, 5222
24210, 17360, 71.71, 72, 48.65, 1, 5222
24211, 17360, 71.70, 72, 48.65, 1, 5222
24212, 17361, 71.70, 72, 48.65, 1, 5222
24213, 17361, 71.70, 72, 48.65, 1, 5222
24214, 17362, 71.70, 72, 48.65, 1, 5222
24215, 17363, 71.70, 72, 48.65, 1, 5222
24216, 17364, 71.70, 72, 48.65, 1, 5222
24217, 17365, 71.71, 72, 48.65, 1, 5222
24218, 17366, 71.71, 72, 48.65, 1, 5222
24219, 17367, 71.71, 72, 48.65, 1, 5222
24220, 17367, 71.71, 72, 48.65, 1, 5223
24221, 17368, 71.71, 72, 48.65, 1, 5223
24222, 17369, 71.71, 72, 48.65, 1, 5223
24223, 17370, 71.71, 72, 48.65, 1, 5223
24224, 17371, 71.71, 72, 48.65, 1, 5223
24225, 17372, 71.71, 72, 48.65, 1, 5223
24226, 17373, 71.71, 72, 48.65, 1, 5223
24227, 17374, 71.71, 72, 48.65, 1, 5223
24228, 17375, 71.71, 72, 48.65, 1, 5223
24229, 17376, 71.72, 72, 48.65, 1, 5223
24230, 17377, 71.72, 72, 48.65, 1, 5223
24231, 17378, 71.72, 72, 48.65, 1, 5223
24232, 17379, 71.72, 72, 48.65, 1, 5223
24233, 17380, 71.72, 72, 48.65, 1, 5223
24234, 17380, 71.72, 72, 48.65, 1, 5224
24235, 17381, 71.72, 72, 48.65, 1, 5224
24236, 17382, 71.72, 72, 48.65, 1, 5224
24237, 17383, 71.72, 72, 48.65, 1, 5224
24238, 17383, 71.72, 72, 48.65, 1, 5224
24239, 17383, 71.72, 72, 48.65, 1, 5225
24240, 17383, 71.71, 72, 48.65, 1, 5226
24241, 17384, 71.71, 72, 48.65, 1, 5226
24242, 17385, 71.71, 72, 48.65, 1, 5226
24243, 17386, 71.72, 72, 48.65, 1, 5226
24244, 17387, 71.72, 72, 48.65, 1, 5226
24245, 17387, 71.71, 72, 48.65, 1, 5227
24246, 17388, 71.71, 72, 48.65, 1, 5227
24247, 17388, 71.71, 72, 48.65, 1, 5227
24248, 17389, 71.71, 72, 48.65, 1, 5227
24249, 17390, 71.71, 72, 48.65, 1, 5227
24250, 17391, 71.72, 72, 48.65, 1, 5227
24251, 17392, 71.72, 72, 48.65, 1, 5227
24252, 17393, 71.72, 72, 48.65, 1, 5227
24253, 17394, 71.72, 72, 48.65, 1, 5227
24254, 17395, 71.72, 72, 48.65, 1, 5227
24255, 17396, 71.72, 72, 48.65, 1, 5227
24256, 17397, 71.72, 72, 48.65, 1, 5227
24257, 17398, 71.72, 72, 48.65, 1, 5227
24258, 17398, 71.72, 72, 48.65, 1, 5227
24259, 17399, 71.72, 72, 48.65, 1, 5227
24260, 17399, 71.72, 72, 48.65, 1, 5228
24261, 17400, 71.72, 72, 48.65, 1, 5228
24262, 17401, 71.72, 72, 48.65, 1, 5228
24263, 17402, 71.72, 72, 48.65, 1, 5228
24264, 17402, 71.72, 72, 48.65, 1, 5229
24265, 17403, 71.72, 72, 48.65, 1, 5229
24266, 17404, 71.72, 72, 48.65, 1, 5229
24267, 17405, 71.72, 72, 48.65, 1, 5229
24268, 17406, 71.72, 72, 48.65, 1, 5229
24269, 17407, 71.73, 72, 48.65, 1, 5229
24270, 17408, 71.73, 72, 48.65, 1, 5229
24271, 17408, 71.72, 72, 48.65, 1, 5230
24272, 17409, 71.72, 72, 48.65, 1, 5230
24273, 17409, 71.72, 72, 48.65, 1, 5231
24274, 17410, 71.72, 72, 48.65, 1, 5231
24275, 17410, 71.72, 72, 48.65, 1, 5232
24276, 17411, 71.72, 72, 48.65, 1, 5232
24277, 17412, 71.72, 72, 48.65, 1, 5232
24278, 17412, 71.72, 72, 48.65, 1, 5233
24279, 17413, 71.72, 72, 48.65, 1, 5233
24280, 17413, 71.72, 72, 48.65, 1, 5233
24281, 17414, 71.72, 72, 48.65, 1, 5233
24282, 17415, 71.72, 72, 48.65, 1, 5233
24283, 17416, 71.72, 72, 48.65, 1, 5233
24284, 17417, 71.72, 72, 48.65, 1, 5233
24285, 17417, 71.72, 72, 48.65, 1, 5234
24286, 17417, 71.72, 72, 48.65, 1, 5235
24287, 17418, 71.72, 72, 48.65, 1, 5235
24288, 17419, 71.72, 72, 48.65, 1, 5235
24289, 17420, 71.72, 72, 48.65, 1, 5235
24290, 17420, 71.72, 72, 48.65, 1, 5236
24291, 17421, 71.72, 72, 48.65, 1, 5236
24292, 17422, 71.72, 72, 48.65, 1, 5236
24293, 17423, 71.72, 72, 48.65, 1, 5236
24294, 17424, 71.72, 72, 48.65, 1, 5236
24295, 17424, 71.72, 72, 48.65, 1, 5237
24296, 17425, 71.72, 72, 48.65, 1, 5237
24297, 17426, 71.72, 72, 48.65, 1, 5237
24298, 17427, 71.72, 72, 48.65, 1, 5237
24299, 17428, 71.72, 72, 48.65, 1, 5237
24300, 17428, 71.72, 72, 48.65, 1, 5238
24301, 17429, 71.72, 72, 48.65, 1, 5238
24302, 17429, 71.72, 72, 48.65, 1, 5239
24303, 17430, 71.72, 72, 48.65, 1, 5239
24304, 17431, 71.72, 72, 48.65, 1, 5239
24305, 17432, 71.72, 72, 48.65, 1, 5239
24306, 17432, 71.72, 72, 48.65, 1, 5239
24307, 17433, 71.72, 72, 48.65, 1, 5239
24308, 17434, 71.72, 72, 48.65, 1, 5239
24309, 17435, 71.72, 72, 48.65, 1, 5239
24310, 17435, 71.72, 72, 48.65, 1, 5239
24311, 17435, 71.72, 72, 48.65, 1, 5239
24312, 17436, 71.72, 72, 48.65, 1, 5239
24313, 17437, 71.72, 72, 48.65, 1, 5239
24314, 17438, 71.72, 72, 48.65, 1, 5239
24315, 17439, 71.72, 72, 48.65, 1, 5239
24316, 17439, 71.72, 72, 48.65, 1, 5240
24317, 17439, 71.72, 72, 48.65, 1, 5241
24318, 17440, 71.72, 72, 48.65, 1, 5241
24319, 17440, 71.71, 72, 48.65, 1, 5241
24320, 17441, 71.71, 72, 48.65, 1, 5241
24321, 17441, 71.71, 72, 48.65, 1, 5241
24322, 17442, 71.71, 72, 48.65, 1, 5241
24323, 17443, 71.71, 72, 48.65, 1, 5241
24324, 17444, 71.72, 72, 48.65, 1, 5241
24325, 17444, 71.71, 72, 48.65, 1, 5242
24326, 17445, 71.71, 72, 48.65, 1, 5242
24327, 17445, 71.71, 72, 48.65, 1, 5243
24328, 17446, 71.71, 72, 48.65, 1, 5243
24329, 17447, 71.71, 72, 48.65, 1, 5243
24330, 17447, 71.71, 72, 48.65, 1, 5244
24331, 17448, 71.71, 72, 48.65, 1, 5244
24332, 17449, 71.71, 72, 48.65, 1, 5244
24333, 17450, 71.71, 72, 48.65, 1, 5244
24334, 17451, 71.71, 72, 48.65, 1, 5244
24335, 17452, 71.72, 72, 48.65, 1, 5244
24336, 17452, 71.71, 72, 48.65, 1, 5245
24337, 17453, 71.71, 72, 48.65, 1, 5245
24338, 17453, 71.71, 72, 48.65, 1, 5246
24339, 17454, 71.71, 72, 48.65, 1, 5246
24340, 17454, 71.71, 72, 48.65, 1, 5247
24341, 17455, 71.71, 72, 48.65, 1, 5247
24342, 17456, 71.71, 72, 48.65, 1, 5247
24343, 17457, 71.71, 72, 48.65, 1, 5247
24344, 17457, 71.71, 72, 48.65, 1, 5248
24345, 17457, 71.71, 72, 48.65, 1, 5249
24346, 17458, 71.71, 72, 48.65, 1, 5249
24347, 17459, 71.71, 72, 48.65, 1, 5249
24348, 17460, 71.71, 72, 48.65, 1, 5249
24349, 17461, 71.71, 72, 48.65, 1, 5249
24350, 17462, 71.71, 72, 48.65, 1, 5249
24351, 17463, 71.71, 72, 48.65, 1, 5249
24352, 17463, 71.71, 72, 48.65, 1, 5250
24353, 17464, 71.71, 72, 48.65, 1, 5250
24354, 17464, 71.71, 72, 48.65, 1, 5251
24355, 17464, 71.71, 72, 48.65, 1, 5252
24356, 17465, 71.71, 72, 48.65, 1, 5252
24357, 17466, 71.71, 72, 48.65, 1, 5252
24358, 17466, 71.71, 72, 48.65, 1, 5253
24359, 17467, 71.71, 72, 48.65, 1, 5253
24360, 17468, 71.71, 72, 48.65, 1, 5253
24361, 17469, 71.71, 72, 48.65, 1, 5253
24362, 17470, 71.71, 72, 48.65, 1, 5253
24363, 17471, 71.71, 72, 48.65, 1, 5253
24364, 17472, 71.71, 72, 48.65, 1, 5253
24365, 17473, 71.71, 72, 48.65, 1, 5253
24366, 17474, 71.71, 72, 48.65, 1, 5253
24367, 17475, 71.72, 72, 48.65, 1, 5253
24368, 17476, 71.72, 72, 48.65, 1, 5253
24369, 17476, 71.71, 72, 48.65, 1, 5253
24370, 17477, 71.72, 72, 48.65, 1, 5253
24371, 17478, 71.72, 72, 48.65, 1, 5253
24372, 17478, 71.71, 72, 48.65, 1, 5254
24373, 17478, 71.71, 72, 48.65, 1, 5255
24374, 17478, 71.71, 72, 48.65, 1, 5256
24375, 17479, 71.71, 72, 48.65, 1, 5256
24376, 17480, 71.71, 72, 48.65, 1, 5256
24377, 17481, 71.71, 72, 48.65, 1, 5256
24378, 17481, 71.71, 72, 48.65, 1, 5257
24379, 17481, 71.71, 72, 48.65, 1, 5258
24380, 17481, 71.70, 72, 48.65, 1, 5259
24381, 17482, 71.70, 72, 48.65, 1, 5259
24382, 17483, 71.70, 72, 48.65, 1, 5259
24383, 17483, 71.70, 72, 48.65, 1, 5260
24384, 17484, 71.70, 72, 48.65, 1, 5260
24385, 17485, 71.70, 72, 48.65, 1, 5260
24386, 17486, 71.71, 72, 48.65, 1, 5260
24387, 17487, 71.71, 72, 48.65, 1, 5260
24388, 17488, 71.71, 72, 48.65, 1, 5260
24389, 17489, 71.71, 72, 48.65, 1, 5260
24390, 17490, 71.71, 72, 48.65, 1, 5260
24391, 17490, 71.71, 72, 48.65, 1, 5261
24392, 17491, 71.71, 72, 48.65, 1, 5261
24393, 17491, 71.70, 72, 48.65, 1, 5262
24394, 17492, 71.71, 72, 48.65, 1, 5262
24395, 17493, 71.71, 72, 48.65, 1, 5262
24396, 17494, 71.71, 72, 48.65, 1, 5262
24397, 17494, 71.71, 72, 48.65, 1, 5263
24398, 17494, 71.70, 72, 48.65, 1, 5264
24399, 17494, 71.70, 72, 48.65, 1, 5265
24400, 17495, 71.70, 72, 48.65, 1, 5265
24401, 17495, 71.70, 72, 48.65, 1, 5265
24402, 17496, 71.70, 72, 48.65, 1, 5265
24403, 17497, 71.70, 72, 48.65, 1, 5265
24404, 17497, 71.70, 72, 48.65, 1, 5266
24405, 17498, 71.70, 72, 48.65, 1, 5266
24406, 17499, 71.70, 72, 48.65, 1, 5266
24407, 17499, 71.70, 72, 48.65, 1, 5267
24408, 17500, 71.70, 72, 48.65, 1, 5267
24409, 17501, 71.70, 72, 48.65, 1, 5267
24410, 17502, 71.70, 72, 48.65, 1, 5267
24411, 17503, 71.70, 72, 48.65, 1, 5267
24412, 17504, 71.70, 72, 48.65, 1, 5267
24413, 17505, 71.70, 72, 48.65, 1, 5267
24414, 17506, 71.70, 72, 48.65, 1, 5267
24415, 17506, 71.70, 72, 48.65, 1, 5267
24416, 17507, 71.70, 72, 48.65, 1, 5267
24417, 17508, 71.70, 72, 48.65, 1, 5267
24418, 17509, 71.71, 72, 48.65, 1, 5267
24419, 17510, 71.71, 72, 48.65, 1, 5267
24420, 17511, 71.71, 72, 48.65, 1, 5267
24421, 17512, 71.71, 72, 48.65, 1, 5267
24422, 17513, 71.71, 72, 48.65, 1, 5267
24423, 17514, 71.71, 72, 48.65, 1, 5267
24424, 17515, 71.71, 72, 48.65, 1, 5267
24425, 17516, 71.71, 72, 48.65, 1, 5267
24426, 17516, 71.71, 72, 48.65, 1, 5267
24427, 17517, 71.71, 72, 48.65, 1, 5267
24428, 17518, 71.71, 72, 48.65, 1, 5267
24429, 17518, 71.71, 72, 48.65, 1, 5267
24430, 17519, 71.71, 72, 48.65, 1, 5267
24431, 17519, 71.71, 72, 48.65, 1, 5268
24432, 17520, 71.71, 72, 48.65, 1, 5268
24433, 17521, 71.71, 72, 48.65, 1, 5268
24434, 17522, 71.71, 72, 48.65, 1, 5268
24435, 17523, 71.71, 72, 48.65, 1, 5268
24436, 17524, 71.71, 72, 48.65, 1, 5268
24437, 17524, 71.71, 72, 48.65, 1, 5269
24438, 17525, 71.71, 72, 48.65, 1, 5269
24439, 17525, 71.71, 72, 48.65, 1, 5270
24440, 17525, 71.71, 72, 48.65, 1, 5271
24441, 17525, 71.70, 72, 48.65, 1, 5272
24442, 17525, 71.70, 72, 48.65, 1, 5273
24443, 17526, 71.70, 72, 48.65, 1, 5273
24444, 17527, 71.70, 72, 48.65, 1, 5273
24445, 17528, 71.70, 72, 48.65, 1, 5273
24446, 17529, 71.70, 72, 48.65, 1, 5273
24447, 17530, 71.71, 72, 48.65, 1, 5273
24448, 17531, 71.71, 72, 48.65, 1, 5273
24449, 17532, 71.71, 72, 48.65, 1, 5273
24450, 17532, 71.71, 72, 48.65, 1, 5274
24451, 17532, 71.70, 72, 48.65, 1, 5274
24452, 17532, 71.70, 72, 48.65, 1, 5275
24453, 17533, 71.70, 72, 48.65, 1, 5275
24454, 17533, 71.70, 72, 48.65, 1, 5276
24455, 17534, 71.70, 72, 48.65, 1, 5276
24456, 17535, 71.70, 72, 48.65, 1, 5276
24457, 17536, 71.70, 72, 48.65, 1, 5276
24458, 17537, 71.70, 72, 48.65, 1, 5276
24459, 17537, 71.70, 72, 48.65, 1, 5277
24460, 17537, 71.70, 72, 48.65, 1, 5277
24461, 17538, 71.70, 72, 48.65, 1, 5277
24462, 17539, 71.70, 72, 48.65, 1, 5277
24463, 17539, 71.70, 72, 48.65, 1, 5278
24464, 17540, 71.70, 72, 48.65, 1, 5278
24465, 17541, 71.70, 72, 48.65, 1, 5278
24466, 17541, 71.70, 72, 48.65, 1, 5279
24467, 17542, 71.70, 72, 48.65, 1, 5279
24468, 17543, 71.70, 72, 48.65, 1, 5279
24469, 17544, 71.70, 72, 48.65, 1, 5279
24470, 17545, 71.70, 72, 48.65, 1, 5279
24471, 17545, 71.70, 72, 48.65, 1, 5279
24472, 17546, 71.70, 72, 48.65, 1, 5279
24473, 17547, 71.70, 72, 48.65, 1, 5279
24474, 17548, 71.70, 72, 48.65, 1, 5279
24475, 17548, 71.70, 72, 48.65, 1, 5279
24476, 17549, 71.70, 72, 48.65, 1, 5279
24477, 17550, 71.70, 72, 48.65, 1, 5279
24478, 17551, 71.70, 72, 48.65, 1, 5279
24479, 17552, 71.70, 72, 48.65, 1, 5279
24480, 17552, 71.70, 72, 48.65, 1, 5280
24481, 17553, 71.70, 72, 48.65, 1, 5280
24482, 17554, 71.70, 72, 48.65, 1, 5280
24483, 17555, 71.70, 72, 48.65, 1, 5280
24484, 17556, 71.70, 72, 48.65, 1, 5280
24485, 17557, 71.71, 72, 48.65, 1, 5280
24486, 17558, 71.71, 72, 48.65, 1, 5280
24487, 17559, 71.71, 72, 48.65, 1, 5280
24488, 17559, 71.70, 72, 48.65, 1, 5281
24489, 17560, 71.71, 72, 48.65, 1, 5281
24490, 17560, 71.70, 72, 48.65, 1, 5282
24491, 17560, 71.70, 72, 48.65, 1, 5283
24492, 17561, 71.70, 72, 48.65, 1, 5283
24493, 17561, 71.70, 72, 48.65, 1, 5284
24494, 17562, 71.70, 72, 48.65, 1, 5284
24495, 17563, 71.70, 72, 48.65, 1, 5284
24496, 17564, 71.70, 72, 48.65, 1, 5284
24497, 17565, 71.70, 72, 48.65, 1, 5284
24498, 17566, 71.70, 72, 48.65, 1, 5284
24499, 17566, 71.70, 72, 48.65, 1, 5284
24500, 17567, 71.70, 72, 48.65, 1, 5284
24501, 17568, 71.70, 72, 48.65, 1, 5284
24502, 17569, 71.70, 72, 48.65, 1, 5284
24503, 17570, 71.71, 72, 48.65, 1, 5284
24504, 17571, 71.71, 72, 48.65, 1, 5284
24505, 17572, 71.71, 72, 48.65, 1, 5284
24506, 17573, 71.71, 72, 48.65, 1, 5284
24507, 17573, 71.71, 72, 48.65, 1, 5285
24508, 17574, 71.71, 72, 48.65, 1, 5285
24509, 17575, 71.71, 72, 48.65, 1, 5285
24510, 17575, 71.71, 72, 48.65, 1, 5286
24511, 17576, 71.71, 72, 48.65, 1, 5286
24512, 17576, 71.70, 72, 48.65, 1, 5287
24513, 17576, 71.70, 72, 48.65, 1, 5288
24514, 17577, 71.70, 72, 48.65, 1, 5288
24515, 17578, 71.70, 72, 48.65, 1, 5288
24516, 17579, 71.70, 72, 48.65, 1, 5288
24517, 17580, 71.71, 72, 48.65, 1, 5288
24518, 17580, 71.70, 72, 48.65, 1, 5289
24519, 17581, 71.70, 72, 48.65, 1, 5289
24520, 17582, 71.70, 72, 48.65, 1, 5289
24521, 17582, 71.70, 72, 48.65, 1, 5290
24522, 17583, 71.70, 72, 48.65, 1, 5290
24523, 17584, 71.70, 72, 48.65, 1, 5290
24524, 17585, 71.71, 72, 48.65, 1, 5290
24525, 17586, 71.71, 72, 48.65, 1, 5290
24526, 17587, 71.71, 72, 48.65, 1, 5290
24527, 17588, 71.71, 72, 48.65, 1, 5290
24528, 17588, 71.71, 72, 48.65, 1, 5290
24529, 17588, 71.70, 72, 48.65, 1, 5291
24530, 17589, 71.70, 72, 48.65, 1, 5291
24531, 17590, 71.71, 72, 48.65, 1, 5291
24532, 17591, 71.71, 72, 48.65, 1, 5291
24533, 17592, 71.71, 72, 48.65, 1, 5291
24534, 17592, 71.70, 72, 48.65, 1, 5292
24535, 17593, 71.71, 72, 48.65, 1, 5292
24536, 17594, 71.71, 72, 48.65, 1, 5292
24537, 17595, 71.71, 72, 48.65, 1, 5292
24538, 17596, 71.71, 72, 48.65, 1, 5292
24539, 17597, 71.71, 72, 48.65, 1, 5292
24540, 17597, 71.71, 72, 48.65, 1, 5292
24541, 17598, 71.71, 72, 48.65, 1, 5292
24542, 17599, 71.71, 72, 48.65, 1, 5292
24543, 17600, 71.71, 72, 48.65, 1, 5292
24544, 17601, 71.71, 72, 48.65, 1, 5292
24545, 17602, 71.71, 72, 48.65, 1, 5292
24546, 17603, 71.71, 72, 48.65, 1, 5292
24547, 17604, 71.72, 72, 48.65, 1, 5292
24548, 17605, 71.72, 72, 48.65, 1, 5292
24549, 17605, 71.71, 72, 48.65, 1, 5293
24550, 17606, 71.71, 72, 48.65, 1, 5293
24551, 17607, 71.72, 72, 48.65, 1, 5293
24552, 17608, 71.72, 72, 48.65, 1, 5293
24553, 17608, 71.71, 72, 48.65, 1, 5294
24554, 17609, 71.72, 72, 48.65, 1, 5294
24555, 17609, 71.71, 72, 48.65, 1, 5294
24556, 17610, 71.71, 72, 48.65, 1, 5294
24557, 17610, 71.71, 72, 48.65, 1, 5295
24558, 17611, 71.71, 72, 48.65, 1, 5295
24559, 17611, 71.71, 72, 48.65, 1, 5296
24560, 17611, 71.71, 72, 48.65, 1, 5297
24561, 17612, 71.71, 72, 48.65, 1, 5297
24562, 17613, 71.71, 72, 48.65, 1, 5297
24563, 17613, 71.71, 72, 48.65, 1, 5298
24564, 17614, 71.71, 72, 48.65, 1, 5298
24565, 17615, 71.71, 72, 48.65, 1, 5298
24566, 17616, 71.71, 72, 48.65, 1, 5298
24567, 17616, 71.71, 72, 48.65, 1, 5298
24568, 17617, 71.71, 72, 48.65, 1, 5298
24569, 17618, 71.71, 72, 48.65, 1, 5298
24570, 17619, 71.71, 72, 48.65, 1, 5298
24571, 17620, 71.71, 72, 48.65, 1, 5298
24572, 17620, 71.71, 72, 48.65, 1, 5298
24573, 17620, 71.70, 72, 48.65, 1, 5298
24574, 17620, 71.70, 72, 48.65, 1, 5298
24575, 17621, 71.70, 72, 48.65, 1, 5298
24576, 17622, 71.70, 72, 48.65, 1, 5298
24577, 17623, 71.71, 72, 48.65, 1, 5298
24578, 17624, 71.71, 72, 48.65, 1, 5298
24579, 17625, 71.71, 72, 48.65, 1, 5298
24580, 17626, 71.71, 72, 48.65, 1, 5298
24581, 17627, 71.71, 72, 48.65, 1, 5298
24582, 17628, 71.71, 72, 48.65, 1, 5298
24583, 17628, 71.71, 72, 48.65, 1, 5299
24584, 17628, 71.71, 72, 48.65, 1, 5300
24585, 17629, 71.71, 72, 48.65, 1, 5300
24586, 17630, 71.71, 72, 48.65, 1, 5300
24587, 17630, 71.70, 72, 48.65, 1, 5301
24588, 17631, 71.71, 72, 48.65, 1, 5301
24589, 17631, 71.70, 72, 48.65, 1, 5302
24590, 17631, 71.70, 72, 48.65, 1, 5303
24591, 17632, 71.70, 72, 48.65, 1, 5303
24592, 17633, 71.70, 72, 48.65, 1, 5303
24593, 17634, 71.70, 72, 48.65, 1, 5303
24594, 17634, 71.70, 72, 48.65, 1, 5304
24595, 17634, 71.70, 72, 48.65, 1, 5304
24596, 17634, 71.69, 72, 48.65, 1, 5305
24597, 17635, 71.70, 72, 48.65, 1, 5305
24598, 17636, 71.70, 72, 48.65, 1, 5305
24599, 17637, 71.70, 72, 48.65, 1, 5305
24600, 17638, 71.70, 72, 48.65, 1, 5305
24601, 17639, 71.70, 72, 48.65, 1, 5305
24602, 17640, 71.70, 72, 48.65, 1, 5305
24603, 17641, 71.70, 72, 48.65, 1, 5305
24604, 17642, 71.70, 72, 48.65, 1, 5305
24605, 17642, 71.70, 72, 48.65, 1, 5306
24606, 17643, 71.70, 72, 48.65, 1, 5306
24607, 17644, 71.70, 72, 48.65, 1, 5306
24608, 17645, 71.70, 72, 48.65, 1, 5306
24609, 17645, 71.70, 72, 48.65, 1, 5307
24610, 17646, 71.70, 72, 48.65, 1, 5307
24611, 17646, 71.70, 72, 48.65, 1, 5308
24612, 17647, 71.70, 72, 48.65, 1, 5308
24613, 17648, 71.70, 72, 48.65, 1, 5308
24614, 17649, 71.70, 72, 48.65, 1, 5308
24615, 17650, 71.70, 72, 48.65, 1, 5308
24616, 17651, 71.71, 72, 48.65, 1, 5308
24617, 17652, 71.71, 72, 48.65, 1, 5308
24618, 17653, 71.71, 72, 48.65, 1, 5308
24619, 17654, 71.71, 72, 48.65, 1, 5308
24620, 17655, 71.71, 72, 48.65, 1, 5308
24621, 17656, 71.71, 72, 48.65, 1, 5308
24622, 17657, 71.71, 72, 48.65, 1, 5308
24623, 17658, 71.71, 72, 48.65, 1, 5308
24624, 17659, 71.71, 72, 48.65, 1, 5308
24625, 17659, 71.71, 72, 48.65, 1, 5309
24626, 17660, 71.71, 72, 48.65, 1, 5309
24627, 17661, 71.71, 72, 48.65, 1, 5309
24628, 17662, 71.72, 72, 48.65, 1, 5309
24629, 17663, 71.72, 72, 48.65, 1, 5309
24630, 17664, 71.72, 72, 48.65, 1, 5309
24631, 17665, 71.72, 72, 48.65, 1, 5309
24632, 17666, 71.72, 72, 48.65, 1, 5309
24633, 17666, 71.72, 72, 48.65, 1, 5310
24634, 17667, 71.72, 72, 48.65, 1, 5310
24635, 17668, 71.72, 72, 48.65, 1, 5310
24636, 17669, 71.72, 72, 48.65, 1, 5310
24637, 17670, 71.72, 72, 48.65, 1, 5310
24638, 17670, 71.72, 72, 48.65, 1, 5311
24639, 17670, 71.72, 72, 48.65, 1, 5312
24640, 17671, 71.72, 72, 48.65, 1, 5312
24641, 17672, 71.72, 72, 48.65, 1, 5312
24642, 17673, 71.72, 72, 48.65, 1, 5312
24643, 17674, 71.72, 72, 48.65, 1, 5312
24644, 17675, 71.72, 72, 48.65, 1, 5312
24645, 17676, 71.72, 72, 48.65, 1, 5312
24646, 17677, 71.72, 72, 48.65, 1, 5312
24647, 17678, 71.72, 72, 48.65, 1, 5312
24648, 17679, 71.73, 72, 48.65, 1, 5312
24649, 17679, 71.72, 72, 48.65, 1, 5313
24650, 17680, 71.72, 72, 48.65, 1, 5313
24651, 17681, 71.73, 72, 48.65, 1, 5313
24652, 17681, 71.72, 72, 48.65, 1, 5314
24653, 17682, 71.72, 72, 48.65, 1, 5314
24654, 17683, 71.72, 72, 48.65, 1, 5314
24655, 17684, 71.73, 72, 48.65, 1, 5314
24656, 17684, 71.72, 72, 48.65, 1, 5315
24657, 17684, 71.72, 72, 48.65, 1, 5316
24658, 17685, 71.72, 72, 48.65, 1, 5316
24659, 17685, 71.72, 72, 48.65, 1, 5317
24660, 17686, 71.72, 72, 48.65, 1, 5317
24661, 17687, 71.72, 72, 48.65, 1, 5317
24662, 17687, 71.72, 72, 48.65, 1, 5318
24663, 17688, 71.72, 72, 48.65, 1, 5318
24664, 17688, 71.72, 72, 48.65, 1, 5319
24665, 17688, 71.71, 72, 48.65, 1, 5320
24666, 17689, 71.71, 72, 48.65, 1, 5320
24667, 17690, 71.72, 72, 48.65, 1, 5320
24668, 17690, 71.71, 72, 48.65, 1, 5321
24669, 17691, 71.71, 72, 48.65, 1, 5321
24670, 17692, 71.71, 72, 48.65, 1, 5321
24671, 17693, 71.72, 72, 48.65, 1, 5321
24672, 17694, 71.72, 72, 48.65, 1, 5321
24673, 17694, 71.71, 72, 48.65, 1, 5322
24674, 17695, 71.72, 72, 48.65, 1, 5322
24675, 17696, 71.72, 72, 48.65, 1, 5322
24676, 17697, 71.72, 72, 48.65, 1, 5322
24677, 17697, 71.71, 72, 48.65, 1, 5323
24678, 17697, 71.71, 72, 48.65, 1, 5324
24679, 17698, 71.71, 72, 48.65, 1, 5324
24680, 17699, 71.71, 72, 48.65, 1, 5324
24681, 17700, 71.72, 72, 48.65, 1, 5324
24682, 17701, 71.72, 72, 48.65, 1, 5324
24683, 17702, 71.72, 72, 48.65, 1, 5324
24684, 17703, 71.72, 72, 48.65, 1, 5324
24685, 17703, 71.72, 72, 48.65, 1, 5325
24686, 17703, 71.71, 72, 48.65, 1, 5326
24687, 17704, 71.71, 72, 48.65, 1, 5326
24688, 17705, 71.72, 72, 48.65, 1, 5326
24689, 17706, 71.72, 72, 48.65, 1, 5326
24690, 17706, 71.71, 72, 48.65, 1, 5327
24691, 17707, 71.71, 72, 48.65, 1, 5327
24692, 17707, 71.71, 72, 48.65, 1, 5327
24693, 17708, 71.71, 72, 48.65, 1, 5327
24694, 17709, 71.71, 72, 48.65, 1, 5327
24695, 17710, 71.71, 72, 48.65, 1, 5327
24696, 17711, 71.72, 72, 48.65, 1, 5327
24697, 17711, 71.71, 72, 48.65, 1, 5327
24698, 17711, 71.71, 72, 48.65, 1, 5327
24699, 17711, 71.71, 72, 48.65, 1, 5328
24700, 17712, 71.71, 72, 48.65, 1, 5328
24701, 17713, 71.71, 72, 48.65, 1, 5328
24702, 17714, 71.71, 72, 48.65, 1, 5328
24703, 17715, 71.71, 72, 48.65, 1, 5328
24704, 17716, 71.71, 72, 48.65, 1, 5328
24705, 17717, 71.71, 72, 48.65, 1, 5328
24706, 17718, 71.72, 72, 48.65, 1, 5328
24707, 17718, 71.71, 72, 48.65, 1, 5329
24708, 17719, 71.71, 72, 48.65, 1, 5329
24709, 17720, 71.71, 72, 48.65, 1, 5329
24710, 17721, 71.72, 72, 48.65, 1, 5329
24711, 17721, 71.71, 72, 48.65, 1, 5330
24712, 17722, 71.71, 72, 48.65, 1, 5330
24713, 17723, 71.72, 72, 48.65, 1, 5330
24714, 17724, 71.72, 72, 48.65, 1, 5330
24715, 17725, 71.72, 72, 48.65, 1, 5330
24716, 17725, 71.71, 72, 48.65, 1, 5331
24717, 17726, 71.72, 72, 48.65, 1, 5331
24718, 17727, 71.72, 72, 48.65, 1, 5331
24719, 17727, 71.71, 72, 48.65, 1, 5331
24720, 17727, 71.71, 72, 48.65, 1, 5332
24721, 17727, 71.71, 72, 48.65, 1, 5333
24722, 17727, 71.71, 72, 48.65, 1, 5334
24723, 17728, 71.71, 72, 48.65, 1, 5334
24724, 17729, 71.71, 72, 48.65, 1, 5334
24725, 17729, 71.70, 72, 48.65, 1, 5335
24726, 17729, 71.70, 72, 48.65, 1, 5336
24727, 17730, 71.70, 72, 48.65, 1, 5336
24728, 17730, 71.70, 72, 48.65, 1, 5337
24729, 17731, 71.70, 72, 48.65, 1, 5337
24730, 17731, 71.70, 72, 48.65, 1, 5338
24731, 17732, 71.70, 72, 48.65, 1, 5338
24732, 17733, 71.70, 72, 48.65, 1, 5338
24733, 17734, 71.70, 72, 48.65, 1, 5338
24734, 17735, 71.70, 72, 48.65, 1, 5338
24735, 17735, 71.70, 72, 48.65, 1, 5339
24736, 17735, 71.70, 72, 48.65, 1, 5340
24737, 17736, 71.70, 72, 48.65, 1, 5340
24738, 17737, 71.70, 72, 48.65, 1, 5340
24739, 17738, 71.70, 72, 48.65, 1, 5340
24740, 17739, 71.70, 72, 48.65, 1, 5340
24741, 17740, 71.70, 72, 48.65, 1, 5340
24742, 17741, 71.70, 72, 48.65, 1, 5340
24743, 17742, 71.71, 72, 48.65, 1, 5340
24744, 17743, 71.71, 72, 48.65, 1, 5340
24745, 17743, 71.70, 72, 48.65, 1, 5341
24746, 17743, 71.70, 72, 48.65, 1, 5342
24747, 17744, 71.70, 72, 48.65, 1, 5342
24748, 17744, 71.70, 72, 48.65, 1, 5343
24749, 17745, 71.70, 72, 48.65, 1, 5343
24750, 17746, 71.70, 72, 48.65, 1, 5343
24751, 17746, 71.70, 72, 48.65, 1, 5344
24752, 17746, 71.70, 72, 48.65, 1, 5345
24753, 17747, 71.70, 72, 48.65, 1, 5345
24754, 17748, 71.70, 72, 48.65, 1, 5345
24755, 17749, 71.70, 72, 48.65, 1, 5345
24756, 17749, 71.70, 72, 48.65, 1, 5345
24757, 17750, 71.70, 72, 48.65, 1, 5345
24758, 17751, 71.70, 72, 48.65, 1, 5345
24759, 17752, 71.70, 72, 48.65, 1, 5345
24760, 17753, 71.70, 72, 48.65, 1, 5345
24761, 17754, 71.70, 72, 48.65, 1, 5345
24762, 17754, 71.70, 72, 48.65, 1, 5345
24763, 17755, 71.70, 72, 48.65, 1, 5345
24764, 17756, 71.70, 72, 48.65, 1, 5345
24765, 17757, 71.70, 72, 48.65, 1, 5345
24766, 17758, 71.70, 72, 48.65, 1, 5345
24767, 17759, 71.70, 72, 48.65, 1, 5345
24768, 17760, 71.71, 72, 48.65, 1, 5345
24769, 17760, 71.70, 72, 48.65, 1, 5345
24770, 17761, 71.70, 72, 48.65, 1, 5345
24771, 17762, 71.70, 72, 48.65, 1, 5345
24772, 17763, 71.71, 72, 48.65, 1, 5345
24773, 17764, 71.71, 72, 48.65, 1, 5345
24774, 17764, 71.70, 72, 48.65, 1, 5345
24775, 17765, 71.71, 72, 48.65, 1, 5345
24776, 17765, 71.70, 72, 48.65, 1, 5346
24777, 17766, 71.70, 72, 48.65, 1, 5346
24778, 17767, 71.70, 72, 48.65, 1, 5346
24779, 17768, 71.71, 72, 48.65, 1, 5346
24780, 17769, 71.71, 72, 48.65, 1, 5346
24781, 17770, 71.71, 72, 48.65, 1, 5346
24782, 17770, 71.71, 72, 48.65, 1, 5347
24783, 17770, 71.70, 72, 48.65, 1, 5348
24784, 17771, 71.70, 72, 48.65, 1, 5348
24785, 17772, 71.70, 72, 48.65, 1, 5348
24786, 17772, 71.70, 72, 48.65, 1, 5349
24787, 17773, 71.70, 72, 48.65, 1, 5349
24788, 17773, 71.70, 72, 48.65, 1, 5350
24789, 17774, 71.70, 72, 48.65, 1, 5350
24790, 17775, 71.70, 72, 48.65, 1, 5350
24791, 17776, 71.70, 72, 48.65, 1, 5350
24792, 17776, 71.70, 72, 48.65, 1, 5351
24793, 17777, 71.70, 72, 48.65, 1, 5351
24794, 17778, 71.70, 72, 48.65, 1, 5351
24795, 17778, 71.70, 72, 48.65, 1, 5352
24796, 17779, 71.70, 72, 48.65, 1, 5352
24797, 17779, 71.70, 72, 48.65, 1, 5352
24798, 17780, 71.70, 72, 48.65, 1, 5352
24799, 17780, 71.70, 72, 48.65, 1, 5353
24800, 17781, 71.70, 72, 48.65, 1, 5353
24801, 17782, 71.70, 72, 48.65, 1, 5353
24802, 17783, 71.70, 72, 48.65, 1, 5353
24803, 17784, 71.70, 72, 48.65, 1, 5353
24804, 17785, 71.70, 72, 48.65, 1, 5353
24805, 17786, 71.70, 72, 48.65, 1, 5353
24806, 17787, 71.70, 72, 48.65, 1, 5353
24807, 17787, 71.70, 72, 48.65, 1, 5354
24808, 17787, 71.70, 72, 48.65, 1, 5355
24809, 17788, 71.70, 72, 48.65, 1, 5355
24810, 17789, 71.70, 72, 48.65, 1, 5355
24811, 17790, 71.70, 72, 48.65, 1, 5355
24812, 17791, 71.70, 72, 48.65, 1, 5355
24813, 17792, 71.70, 72, 48.65, 1, 5355
24814, 17793, 71.71, 72, 48.65, 1, 5355
24815, 17794, 71.71, 72, 48.65, 1, 5355
24816, 17795, 71.71, 72, 48.65, 1, 5355
24817, 17796, 71.71, 72, 48.65, 1, 5355
24818, 17797, 71.71, 72, 48.65, 1, 5355
24819, 17798, 71.71, 72, 48.65, 1, 5355
24820, 17799, 71.71, 72, 48.65, 1, 5355
24821, 17799, 71.71, 72, 48.65, 1, 5356
24822, 17799, 71.71, 72, 48.65, 1, 5357
24823, 17799, 71.70, 72, 48.65, 1, 5358
24824, 17800, 71.70, 72, 48.65, 1, 5358
24825, 17800, 71.70, 72, 48.65, 1, 5359
24826, 17801, 71.70, 72, 48.65, 1, 5359
24827, 17801, 71.70, 72, 48.65, 1, 5360
24828, 17801, 71.70, 72, 48.65, 1, 5361
24829, 17802, 71.70, 72, 48.65, 1, 5361
24830, 17803, 71.70, 72, 48.65, 1, 5361
24831, 17804, 71.70, 72, 48.65, 1, 5361
24832, 17805, 71.70, 72, 48.65, 1, 5361
24833, 17806, 71.70, 72, 48.65, 1, 5361
24834, 17806, 71.70, 72, 48.65, 1, 5362
24835, 17807, 71.70, 72, 48.65, 1, 5362
24836, 17807, 71.70, 72, 48.65, 1, 5362
24837, 17808, 71.70, 72, 48.65, 1, 5362
24838, 17808, 71.70, 72, 48.65, 1, 5362
24839, 17808, 71.69, 72, 48.65, 1, 5363
24840, 17809, 71.69, 72, 48.65, 1, 5363
24841, 17809, 71.69, 72, 48.65, 1, 5364
24842, 17809, 71.69, 72, 48.65, 1, 5365
24843, 17810, 71.69, 72, 48.65, 1, 5365
24844, 17810, 71.69, 72, 48.65, 1, 5366
24845, 17811, 71.69, 72, 48.65, 1, 5366
24846, 17812, 71.69, 72, 48.65, 1, 5366
24847, 17812, 71.69, 72, 48.65, 1, 5367
24848, 17813, 71.69, 72, 48.65, 1, 5367
24849, 17814, 71.69, 72, 48.65, 1, 5367
24850, 17815, 71.69, 72, 48.65, 1, 5367
24851, 17816, 71.69, 72, 48.65, 1, 5367
24852, 17817, 71.69, 72, 48.65, 1, 5367
24853, 17817, 71.69, 72, 48.65, 1, 5368
24854, 17817, 71.69, 72, 48.65, 1, 5369
24855, 17817, 71.68, 72, 48.65, 1, 5369
24856, 17818, 71.68, 72, 48.65, 1, 5369
24857, 17819, 71.69, 72, 48.65, 1, 5369
24858, 17820, 71.69, 72, 48.65, 1, 5369
24859, 17821, 71.69, 72, 48.65, 1, 5369
24860, 17821, 71.69, 72, 48.65, 1, 5369
24861, 17822, 71.69, 72, 48.65, 1, 5369
24862, 17823, 71.69, 72, 48.65, 1, 5369
24863, 17823, 71.68, 72, 48.65, 1, 5369
24864, 17824, 71.69, 72, 48.65, 1, 5369
24865, 17825, 71.69, 72, 48.65, 1, 5369
24866, 17825, 71.68, 72, 48.65, 1, 5370
24867, 17825, 71.68, 72, 48.65, 1, 5371
24868, 17826, 71.68, 72, 48.65, 1, 5371
24869, 17827, 71.68, 72, 48.65, 1, 5371
24870, 17827, 71.68, 72, 48.65, 1, 5372
24871, 17828, 71.68, 72, 48.65, 1, 5372
24872, 17828, 71.68, 72, 48.65, 1, 5372
24873, 17829, 71.68, 72, 48.65, 1, 5372
24874, 17829, 71.68, 72, 48.65, 1, 5373
24875, 17830, 71.68, 72, 48.65, 1, 5373
24876, 17831, 71.68, 72, 48.65, 1, 5373
24877, 17832, 71.68, 72, 48.65, 1, 5373
24878, 17832, 71.68, 72, 48.65, 1, 5374
24879, 17832, 71.67, 72, 48.65, 1, 5375
24880, 17833, 71.68, 72, 48.65, 1, 5375
24881, 17834, 71.68, 72, 48.65, 1, 5375
24882, 17834, 71.67, 72, 48.65, 1, 5376
24883, 17835, 71.68, 72, 48.65, 1, 5376
24884, 17836, 71.68, 72, 48.65, 1, 5376
24885, 17837, 71.68, 72, 48.65, 1, 5376
24886, 17837, 71.67, 72, 48.65, 1, 5377
24887, 17838, 71.68, 72, 48.65, 1, 5377
24888, 17838, 71.67, 72, 48.65, 1, 5378
24889, 17838, 71.67, 72, 48.65, 1, 5379
24890, 17839, 71.67, 72, 48.65, 1, 5379
24891, 17840, 71.67, 72, 48.65, 1, 5379
24892, 17840, 71.67, 72, 48.65, 1, 5380
24893, 17841, 71.67, 72, 48.65, 1, 5380
24894, 17841, 71.67, 72, 48.65, 1, 5380
24895, 17841, 71.66, 72, 48.65, 1, 5381
24896, 17842, 71.67, 72, 48.65, 1, 5381
24897, 17843, 71.67, 72, 48.65, 1, 5381
24898, 17844, 71.67, 72, 48.65, 1, 5381
24899, 17844, 71.67, 72, 48.65, 1, 5382
24900, 17845, 71.67, 72, 48.65, 1, 5382
24901, 17846, 71.67, 72, 48.65, 1, 5382
24902, 17847, 71.67, 72, 48.65, 1, 5382
24903, 17847, 71.67, 72, 48.65, 1, 5383
24904, 17847, 71.66, 72, 48.65, 1, 5384
24905, 17848, 71.66, 72, 48.65, 1, 5384
24906, 17849, 71.67, 72, 48.65, 1, 5384
24907, 17850, 71.67, 72, 48.65, 1, 5384
24908, 17850, 71.66, 72, 48.65, 1, 5385
24909, 17851, 71.66, 72, 48.65, 1, 5385
24910, 17851, 71.66, 72, 48.65, 1, 5386
24911, 17852, 71.66, 72, 48.65, 1, 5386
24912, 17852, 71.66, 72, 48.65, 1, 5387
24913, 17853, 71.66, 72, 48.65, 1, 5387
24914, 17854, 71.66, 72, 48.65, 1, 5387
24915, 17855, 71.66, 72, 48.65, 1, 5387
24916, 17856, 71.66, 72, 48.65, 1, 5387
24917, 17857, 71.67, 72, 48.65, 1, 5387
24918, 17857, 71.66, 72, 48.65, 1, 5388
24919, 17858, 71.66, 72, 48.65, 1, 5388
24920, 17859, 71.67, 72, 48.65, 1, 5388
24921, 17860, 71.67, 72, 48.65, 1, 5388
24922, 17861, 71.67, 72, 48.65, 1, 5388
24923, 17861, 71.66, 72, 48.65, 1, 5389
24924, 17862, 71.67, 72, 48.65, 1, 5389
24925, 17863, 71.67, 72, 48.65, 1, 5389
24926, 17864, 71.67, 72, 48.65, 1, 5389
24927, 17865, 71.67, 72, 48.65, 1, 5389
24928, 17866, 71.67, 72, 48.65, 1, 5389
24929, 17866, 71.67, 72, 48.65, 1, 5390
24930, 17867, 71.67, 72, 48.65, 1, 5390
24931, 17868, 71.67, 72, 48.65, 1, 5390
24932, 17869, 71.67, 72, 48.65, 1, 5390
24933, 17870, 71.67, 72, 48.65, 1, 5390
24934, 17871, 71.67, 72, 48.65, 1, 5390
24935, 17871, 71.67, 72, 48.65, 1, 5390
24936, 17872, 71.67, 72, 48.65, 1, 5390
24937, 17873, 71.67, 72, 48.65, 1, 5390
24938, 17874, 71.67, 72, 48.65, 1, 5390
24939, 17875, 71.67, 72, 48.65, 1, 5390
24940, 17875, 71.67, 72, 48.65, 1, 5390
24941, 17876, 71.67, 72, 48.65, 1, 5390
24942, 17876, 71.67, 72, 48.65, 1, 5391
24943, 17876, 71.67, 72, 48.65, 1, 5392
24944, 17876, 71.66, 72, 48.65, 1, 5393
24945, 17877, 71.67, 72, 48.65, 1, 5393
24946, 17877, 71.66, 72, 48.65, 1, 5394
24947, 17878, 71.66, 72, 48.65, 1, 5394
24948, 17879, 71.67, 72, 48.65, 1, 5394
24949, 17880, 71.67, 72, 48.65, 1, 5394
24950, 17881, 71.67, 72, 48.65, 1, 5394
24951, 17882, 71.67, 72, 48.65, 1, 5394
24952, 17883, 71.67, 72, 48.65, 1, 5394
24953, 17883, 71.67, 72, 48.65, 1, 5395
24954, 17884, 71.67, 72, 48.65, 1, 5395
24955, 17885, 71.67, 72, 48.65, 1, 5395
24956, 17886, 71.67, 72, 48.65, 1, 5395
24957, 17887, 71.67, 72, 48.65, 1, 5395
24958, 17887, 71.67, 72, 48.65, 1, 5396
24959, 17888, 71.67, 72, 48.65, 1, 5396
24960, 17889, 71.67, 72, 48.65, 1, 5396
24961, 17889, 71.67, 72, 48.65, 1, 5396
24962, 17889, 71.66, 72, 48.65, 1, 5396
24963, 17890, 71.67, 72, 48.65, 1, 5396
24964, 17891, 71.67, 72, 48.65, 1, 5396
24965, 17891, 71.66, 72, 48.65, 1, 5397
24966, 17892, 71.67, 72, 48.65, 1, 5397
24967, 17893, 71.67, 72, 48.65, 1, 5397
24968, 17893, 71.66, 72, 48.65, 1, 5398
24969, 17894, 71.66, 72, 48.65, 1, 5398
24970, 17895, 71.67, 72, 48.65, 1, 5398
24971, 17895, 71.66, 72, 48.65, 1, 5399
24972, 17896, 71.66, 72, 48.65, 1, 5399
24973, 17897, 71.67, 72, 48.65, 1, 5399
24974, 17898, 71.67, 72, 48.65, 1, 5399
24975, 17899, 71.67, 72, 48.65, 1, 5399
24976, 17900, 71.67, 72, 48.65, 1, 5399
24977, 17901, 71.67, 72, 48.65, 1, 5399
24978, 17901, 71.67, 72, 48.65, 1, 5400
24979, 17902, 71.67, 72, 48.65, 1, 5400
24980, 17903, 71.67, 72, 48.65, 1, 5400
24981, 17903, 71.67, 72, 48.65, 1, 5401
24982, 17904, 71.67, 72, 48.65, 1, 5401
24983, 17905, 71.67, 72, 48.65, 1, 5401
24984, 17906, 71.67, 72, 48.65, 1, 5401
24985, 17907, 71.67, 72, 48.65, 1, 5401
24986, 17908, 71.67, 72, 48.65, 1, 5401
24987, 17909, 71.67, 72, 48.65, 1, 5401
24988, 17910, 71.67, 72, 48.65, 1, 5401
24989, 17911, 71.68, 72, 48.65, 1, 5401
24990, 17912, 71.68, 72, 48.65, 1, 5401
24991, 17913, 71.68, 72, 48.65, 1, 5401
24992, 17914, 71.68, 72, 48.65, 1, 5401
24993, 17915, 71.68, 72, 48.65, 1, 5401
24994, 17916, 71.68, 72, 48.65, 1, 5401
24995, 17917, 71.68, 72, 48.65, 1, 5401
24996, 17917, 71.68, 72, 48.65, 1, 5402
24997, 17918, 71.68, 72, 48.65, 1, 5402
24998, 17918, 71.68, 72, 48.65, 1, 5403
24999, 17919, 71.68, 72, 48.65, 1, 5403
25000, 17920, 71.68, 72, 48.65, 1, 5403
25001, 17921, 71.68, 72, 48.65, 1, 5403
25002, 17922, 71.68, 72, 48.65, 1, 5403
25003, 17923, 71.68, 72, 48.65, 1, 5403
25004, 17923, 71.68, 72, 48.65, 1, 5404
25005, 17924, 71.68, 72, 48.65, 1, 5404
25006, 17924, 71.68, 72, 48.65, 1, 5404
25007, 17924, 71.68, 72, 48.65, 1, 5404
25008, 17924, 71.67, 72, 48.65, 1, 5404
25009, 17925, 71.67, 72, 48.65, 1, 5404
25010, 17926, 71.68, 72, 48.65, 1, 5404
25011, 17927, 71.68, 72, 48.65, 1, 5404
25012, 17927, 71.67, 72, 48.65, 1, 5405
25013, 17927, 71.67, 72, 48.65, 1, 5406
25014, 17928, 71.67, 72, 48.65, 1, 5406
25015, 17929, 71.67, 72, 48.65, 1, 5406
25016, 17930, 71.67, 72, 48.65, 1, 5406
25017, 17931, 71.68, 72, 48.65, 1, 5406
25018, 17932, 71.68, 72, 48.65, 1, 5406
25019, 17932, 71.67, 72, 48.65, 1, 5407
25020, 17933, 71.67, 72, 48.65, 1, 5407
25021, 17934, 71.68, 72, 48.65, 1, 5407
25022, 17935, 71.68, 72, 48.65, 1, 5407
25023, 17936, 71.68, 72, 48.65, 1, 5407
25024, 17936, 71.68, 72, 48.65, 1, 5408
25025, 17936, 71.67, 72, 48.65, 1, 5409
25026, 17937, 71.67, 72, 48.65, 1, 5409
25027, 17938, 71.67, 72, 48.65, 1, 5409
25028, 17939, 71.68, 72, 48.65, 1, 5409
25029, 17939, 71.67, 72, 48.65, 1, 5410
25030, 17940, 71.67, 72, 48.65, 1, 5410
25031, 17941, 71.68, 72, 48.65, 1, 5410
25032, 17942, 71.68, 72, 48.65, 1, 5410
25033, 17943, 71.68, 72, 48.65, 1, 5410
25034, 17944, 71.68, 72, 48.65, 1, 5410
25035, 17945, 71.68, 72, 48.65, 1, 5410
25036, 17946, 71.68, 72, 48.65, 1, 5410
25037, 17947, 71.68, 72, 48.65, 1, 5410
25038, 17947, 71.68, 72, 48.65, 1, 5410
25039, 17948, 71.68, 72, 48.65, 1, 5410
25040, 17948, 71.68, 72, 48.65, 1, 5410
25041, 17949, 71.68, 72, 48.65, 1, 5410
25042, 17949, 71.68, 72, 48.65, 1, 5411
25043, 17950, 71.68, 72, 48.65, 1, 5411
25044, 17951, 71.68, 72, 48.65, 1, 5411
25045, 17952, 71.68, 72, 48.65, 1, 5411
25046, 17953, 71.68, 72, 48.65, 1, 5411
25047, 17954, 71.68, 72, 48.65, 1, 5411
25048, 17955, 71.68, 72, 48.65, 1, 5411
25049, 17956, 71.68, 72, 48.65, 1, 5411
25050, 17957, 71.68, 72, 48.65, 1, 5411
25051, 17958, 71.69, 72, 48.65, 1, 5411
25052, 17958, 71.68, 72, 48.65, 1, 5412
25053, 17959, 71.68, 72, 48.65, 1, 5412
25054, 17960, 71.69, 72, 48.65, 1, 5412
25055, 17961, 71.69, 72, 48.65, 1, 5412
25056, 17962, 71.69, 72, 48.65, 1, 5412
25057, 17963, 71.69, 72, 48.65, 1, 5412
25058, 17964, 71.69, 72, 48.65, 1, 5412
25059, 17964, 71.69, 72, 48.65, 1, 5413
25060, 17964, 71.68, 72, 48.65, 1, 5414
25061, 17965, 71.69, 72, 48.65, 1, 5414
25062, 17966, 71.69, 72, 48.65, 1, 5414
25063, 17967, 71.69, 72, 48.65, 1, 5414
25064, 17968, 71.69, 72, 48.65, 1, 5414
25065, 17969, 71.69, 72, 48.65, 1, 5414
25066, 17969, 71.69, 72, 48.65, 1, 5415
25067, 17969, 71.68, 72, 48.65, 1, 5416
25068, 17970, 71.69, 72, 48.65, 1, 5416
25069, 17971, 71.69, 72, 48.65, 1, 5416
25070, 17972, 71.69, 72, 48.65, 1, 5416
25071, 17973, 71.69, 72, 48.65, 1, 5416
25072, 17973, 71.69, 72, 48.65, 1, 5417
25073, 17973, 71.68, 72, 48.65, 1, 5418
25074, 17974, 71.68, 72, 48.65, 1, 5418
25075, 17974, 71.68, 72, 48.65, 1, 5419
25076, 17975, 71.68, 72, 48.65, 1, 5419
25077, 17976, 71.68, 72, 48.65, 1, 5419
25078, 17977, 71.68, 72, 48.65, 1, 5419
25079, 17977, 71.68, 72, 48.65, 1, 5420
25080, 17978, 71.68, 72, 48.65, 1, 5420
25081, 17978, 71.68, 72, 48.65, 1, 5421
25082, 17978, 71.68, 72, 48.65, 1, 5422
25083, 17979, 71.68, 72, 48.65, 1, 5422
25084, 17979, 71.68, 72, 48.65, 1, 5423
25085, 17980, 71.68, 72, 48.65, 1, 5423
25086, 17980, 71.67, 72, 48.65, 1, 5424
25087, 17981, 71.67, 72, 48.65, 1, 5424
25088, 17982, 71.68, 72, 48.65, 1, 5424
25089, 17983, 71.68, 72, 48.65, 1, 5424
25090, 17984, 71.68, 72, 48.65, 1, 5424
25091, 17985, 71.68, 72, 48.65, 1, 5424
25092, 17986, 71.68, 72, 48.65, 1, 5424
25093, 17986, 71.68, 72, 48.65, 1, 5425
25094, 17986, 71.67, 72, 48.65, 1, 5426
25095, 17986, 71.67, 72, 48.65, 1, 5427
25096, 17987, 71.67, 72, 48.65, 1, 5427
25097, 17988, 71.67, 72, 48.65, 1, 5427
25098, 17989, 71.68, 72, 48.65, 1, 5427
25099, 17989, 71.67, 72, 48.65, 1, 5428
25100, 17990, 71.67, 72, 48.65, 1, 5428
25101, 17991, 71.67, 72, 48.65, 1, 5428
25102, 17992, 71.68, 72, 48.65, 1, 5428
25103, 17993, 71.68, 72, 48.65, 1, 5428
25104, 17994, 71.68, 72, 48.65, 1, 5428
25105, 17994, 71.67, 72, 48.65, 1, 5429
25106, 17995, 71.68, 72, 48.65, 1, 5429
25107, 17996, 71.68, 72, 48.65, 1, 5429
25108, 17997, 71.68, 72, 48.65, 1, 5429
25109, 17998, 71.68, 72, 48.65, 1, 5429
25110, 17999, 71.68, 72, 48.65, 1, 5429
25111, 18000, 71.68, 72, 48.65, 1, 5429
25112, 18000, 71.68, 72, 48.65, 1, 5430
25113, 18001, 71.68, 72, 48.65, 1, 5430
25114, 18002, 71.68, 72, 48.65, 1, 5430
25115, 18002, 71.68, 72, 48.65, 1, 5430
25116, 18003, 71.68, 72, 48.65, 1, 5430
25117, 18004, 71.68, 72, 48.65, 1, 5430
25118, 18005, 71.68, 72, 48.65, 1, 5430
25119, 18006, 71.68, 72, 48.65, 1, 5430
25120, 18007, 71.68, 72, 48.65, 1, 5430
25121, 18008, 71.69, 72, 48.65, 1, 5430
25122, 18009, 71.69, 72, 48.65, 1, 5430
25123, 18010, 71.69, 72, 48.65, 1, 5430
25124, 18011, 71.69, 72, 48.65, 1, 5430
25125, 18012, 71.69, 72, 48.65, 1, 5430
25126, 18013, 71.69, 72, 48.65, 1, 5430
25127, 18014, 71.69, 72, 48.65, 1, 5430
25128, 18014, 71.69, 72, 48.65, 1, 5431
25129, 18015, 71.69, 72, 48.65, 1, 5431
25130, 18016, 71.69, 72, 48.65, 1, 5431
25131, 18017, 71.69, 72, 48.65, 1, 5431
25132, 18018, 71.69, 72, 48.65, 1, 5431
25133, 18018, 71.69, 72, 48.65, 1, 5432
25134, 18019, 71.69, 72, 48.65, 1, 5432
25135, 18020, 71.69, 72, 48.65, 1, 5432
25136, 18020, 71.69, 72, 48.65, 1, 5432
25137, 18021, 71.69, 72, 48.65, 1, 5432
25138, 18022, 71.69, 72, 48.65, 1, 5432
25139, 18023, 71.69, 72, 48.65, 1, 5432
25140, 18023, 71.69, 72, 48.65, 1, 5433
25141, 18024, 71.69, 72, 48.65, 1, 5433
25142, 18024, 71.69, 72, 48.65, 1, 5434
25143, 18025, 71.69, 72, 48.65, 1, 5434
25144, 18026, 71.69, 72, 48.65, 1, 5434
25145, 18027, 71.69, 72, 48.65, 1, 5434
25146, 18028, 71.69, 72, 48.65, 1, 5434
25147, 18028, 71.69, 72, 48.65, 1, 5435
25148, 18028, 71.69, 72, 48.65, 1, 5436
25149, 18029, 71.69, 72, 48.65, 1, 5436
25150, 18030, 71.69, 72, 48.65, 1, 5436
25151, 18031, 71.69, 72, 48.65, 1, 5436
25152, 18032, 71.69, 72, 48.65, 1, 5436
25153, 18033, 71.69, 72, 48.65, 1, 5436
25154, 18034, 71.69, 72, 48.65, 1, 5436
25155, 18035, 71.70, 72, 48.65, 1, 5436
25156, 18036, 71.70, 72, 48.65, 1, 5436
25157, 18036, 71.69, 72, 48.65, 1, 5437
25158, 18037, 71.69, 72, 48.65, 1, 5437
25159, 18038, 71.70, 72, 48.65, 1, 5437
25160, 18039, 71.70, 72, 48.65, 1, 5437
25161, 18040, 71.70, 72, 48.65, 1, 5437
25162, 18041, 71.70, 72, 48.65, 1, 5437
25163, 18041, 71.70, 72, 48.65, 1, 5438
25164, 18042, 71.70, 72, 48.65, 1, 5438
25165, 18042, 71.69, 72, 48.65, 1, 5439
25166, 18043, 71.70, 72, 48.65, 1, 5439
25167, 18044, 71.70, 72, 48.65, 1, 5439
25168, 18045, 71.70, 72, 48.65, 1, 5439
25169, 18045, 71.70, 72, 48.65, 1, 5440
25170, 18046, 71.70, 72, 48.65, 1, 5440
25171, 18046, 71.69, 72, 48.65, 1, 5441
25172, 18047, 71.69, 72, 48.65, 1, 5441
25173, 18048, 71.70, 72, 48.65, 1, 5441
25174, 18049, 71.70, 72, 48.65, 1, 5441
25175, 18049, 71.69, 72, 48.65, 1, 5442
25176, 18050, 71.70, 72, 48.65, 1, 5442
25177, 18051, 71.70, 72, 48.65, 1, 5442
25178, 18051, 71.69, 72, 48.65, 1, 5443
25179, 18051, 71.69, 72, 48.65, 1, 5444
25180, 18052, 71.69, 72, 48.65, 1, 5444
25181, 18052, 71.69, 72, 48.65, 1, 5445
25182, 18053, 71.69, 72, 48.65, 1, 5445
25183, 18053, 71.69, 72, 48.65, 1, 5446
25184, 18054, 71.69, 72, 48.65, 1, 5446
25185, 18055, 71.69, 72, 48.65, 1, 5446
25186, 18056, 71.69, 72, 48.65, 1, 5446
25187, 18056, 71.69, 72, 48.65, 1, 5446
25188, 18056, 71.68, 72, 48.65, 1, 5447
25189, 18057, 71.69, 72, 48.65, 1, 5447
25190, 18058, 71.69, 72, 48.65, 1, 5447
25191, 18059, 71.69, 72, 48.65, 1, 5447
25192, 18060, 71.69, 72, 48.65, 1, 5447
25193, 18060, 71.69, 72, 48.65, 1, 5448
25194, 18061, 71.69, 72, 48.65, 1, 5448
25195, 18061, 71.68, 72, 48.65, 1, 5449
25196, 18062, 71.69, 72, 48.65, 1, 5449
25197, 18063, 71.69, 72, 48.65, 1, 5449
25198, 18064, 71.69, 72, 48.65, 1, 5449
25199, 18064, 71.69, 72, 48.65, 1, 5450
25200, 18064, 71.68, 72, 48.65, 1, 5451
25201, 18064, 71.68, 72, 48.65, 1, 5452
25202, 18065, 71.68, 72, 48.65, 1, 5452
25203, 18066, 71.68, 72, 48.65, 1, 5452
25204, 18067, 71.68, 72, 48.65, 1, 5452
25205, 18067, 71.68, 72, 48.65, 1, 5452
25206, 18068, 71.68, 72, 48.65, 1, 5452
25207, 18069, 71.68, 72, 48.65, 1, 5452
25208, 18069, 71.68, 72, 48.65, 1, 5453
25209, 18070, 71.68, 72, 48.65, 1, 5453
25210, 18071, 71.68, 72, 48.65, 1, 5453
25211, 18071, 71.68, 72, 48.65, 1, 5454
25212, 18071, 71.68, 72, 48.65, 1, 5454
25213, 18072, 71.68, 72, 48.65, 1, 5454
25214, 18073, 71.68, 72, 48.65, 1, 5454
25215, 18074, 71.68, 72, 48.65, 1, 5454
25216, 18075, 71.68, 72, 48.65, 1, 5454
25217, 18075, 71.68, 72, 48.65, 1, 5455
25218, 18076, 71.68, 72, 48.65, 1, 5455
25219, 18077, 71.68, 72, 48.65, 1, 5455
25220, 18077, 71.68, 72, 48.65, 1, 5456
25221, 18077, 71.67, 72, 48.65, 1, 5457
25222, 18077, 71.67, 72, 48.65, 1, 5458
25223, 18078, 71.67, 72, 48.65, 1, 5458
25224, 18079, 71.67, 72, 48.65, 1, 5458
25225, 18080, 71.67, 72, 48.65, 1, 5458
25226, 18081, 71.68, 72, 48.65, 1, 5458
25227, 18082, 71.68, 72, 48.65, 1, 5458
25228, 18083, 71.68, 72, 48.65, 1, 5458
25229, 18083, 71.68, 72, 48.65, 1, 5459
25230, 18084, 71.68, 72, 48.65, 1, 5459
25231, 18084, 71.67, 72, 48.65, 1, 5460
25232, 18085, 71.67, 72, 48.65, 1, 5460
25233, 18086, 71.68, 72, 48.65, 1, 5460
25234, 18087, 71.68, 72, 48.65, 1, 5460
25235, 18088, 71.68, 72, 48.65, 1, 5460
25236, 18089, 71.68, 72, 48.65, 1, 5460
25237, 18090, 71.68, 72, 48.65, 1, 5460
25238, 18091, 71.68, 72, 48.65, 1, 5460
25239, 18091, 71.68, 72, 48.65, 1, 5461
25240, 18092, 71.68, 72, 48.65, 1, 5461
25241, 18093, 71.68, 72, 48.65, 1, 5461
25242, 18094, 71.68, 72, 48.65, 1, 5461
25243, 18094, 71.68, 72, 48.65, 1, 5462
25244, 18095, 71.68, 72, 48.65, 1, 5462
25245, 18095, 71.68, 72, 48.65, 1, 5462
25246, 18096, 71.68, 72, 48.65, 1, 5462
25247, 18097, 71.68, 72, 48.65, 1, 5462
25248, 18098, 71.68, 72, 48.65, 1, 5462
25249, 18098, 71.68, 72, 48.65, 1, 5462
25250, 18099, 71.68, 72, 48.65, 1, 5462
25251, 18099, 71.68, 72, 48.65, 1, 5462
25252, 18100, 71.68, 72, 48.65, 1, 5462
25253, 18101, 71.68, 72, 48.65, 1, 5462
25254, 18102, 71.68, 72, 48.65, 1, 5462
25255, 18103, 71.68, 72, 48.65, 1, 5462
25256, 18103, 71.68, 72, 48.65, 1, 5462
25257, 18104, 71.68, 72, 48.65, 1, 5462
25258, 18105, 71.68, 72, 48.65, 1, 5462
25259, 18106, 71.68, 72, 48.65, 1, 5462
25260, 18106, 71.68, 72, 48.65, 1, 5463
25261, 18107, 71.68, 72, 48.65, 1, 5463
25262, 18108, 71.68, 72, 48.65, 1, 5463
25263, 18108, 71.68, 72, 48.65, 1, 5464
25264, 18109, 71.68, 72, 48.65, 1, 5464
25265, 18109, 71.68, 72, 48.65, 1, 5465
25266, 18109, 71.67, 72, 48.65, 1, 5466
25267, 18109, 71.67, 72, 48.65, 1, 5467
25268, 18109, 71.67, 72, 48.65, 1, 5468
25269, 18110, 71.67, 72, 48.65, 1, 5468
25270, 18111, 71.67, 72, 48.65, 1, 5468
25271, 18112, 71.67, 72, 48.65, 1, 5468
25272, 18113, 71.67, 72, 48.65, 1, 5468
25273, 18113, 71.67, 72, 48.65, 1, 5469
25274, 18114, 71.67, 72, 48.65, 1, 5469
25275, 18115, 71.67, 72, 48.65, 1, 5469
25276, 18116, 71.67, 72, 48.65, 1, 5469
25277, 18117, 71.67, 72, 48.65, 1, 5469
25278, 18118, 71.67, 72, 48.65, 1, 5469
25279, 18119, 71.68, 72, 48.65, 1, 5469
25280, 18119, 71.67, 72, 48.65, 1, 5470
25281, 18120, 71.67, 72, 48.65, 1, 5470
25282, 18121, 71.68, 72, 48.65, 1, 5470
25283, 18122, 71.68, 72, 48.65, 1, 5470
25284, 18123, 71.68, 72, 48.65, 1, 5470
25285, 18124, 71.68, 72, 48.65, 1, 5470
25286, 18125, 71.68, 72, 48.65, 1, 5470
25287, 18126, 71.68, 72, 48.65, 1, 5470
25288, 18127, 71.68, 72, 48.65, 1, 5470
25289, 18127, 71.68, 72, 48.65, 1, 5471
25290, 18127, 71.68, 72, 48.65, 1, 5471
25291, 18128, 71.68, 72, 48.65, 1, 5471
25292, 18129, 71.68, 72, 48.65, 1, 5471
25293, 18129, 71.68, 72, 48.65, 1, 5472
25294, 18130, 71.68, 72, 48.65, 1, 5472
25295, 18131, 71.68, 72, 48.65, 1, 5472
25296, 18132, 71.68, 72, 48.65, 1, 5472
25297, 18133, 71.68, 72, 48.65, 1, 5472
25298, 18133, 71.68, 72, 48.65, 1, 5473
25299, 18133, 71.67, 72, 48.65, 1, 5474
25300, 18134, 71.68, 72, 48.65, 1, 5474
25301, 18135, 71.68, 72, 48.65, 1, 5474
25302, 18136, 71.68, 72, 48.65, 1, 5474
25303, 18136, 71.68, 72, 48.65, 1, 5474
25304, 18136, 71.67, 72, 48.65, 1, 5475
25305, 18137, 71.67, 72, 48.65, 1, 5475
25306, 18138, 71.67, 72, 48.65, 1, 5475
25307, 18138, 71.67, 72, 48.65, 1, 5476
25308, 18139, 71.67, 72, 48.65, 1, 5476
25309, 18139, 71.67, 72, 48.65, 1, 5476
25310, 18140, 71.67, 72, 48.65, 1, 5476
25311, 18141, 71.67, 72, 48.65, 1, 5476
25312, 18142, 71.67, 72, 48.65, 1, 5476
25313, 18142, 71.67, 72, 48.65, 1, 5476
25314, 18143, 71.67, 72, 48.65, 1, 5476
25315, 18143, 71.67, 72, 48.65, 1, 5476
25316, 18144, 71.67, 72, 48.65, 1, 5476
25317, 18145, 71.67, 72, 48.65, 1, 5476
25318, 18146, 71.67, 72, 48.65, 1, 5476
25319, 18146, 71.67, 72, 48.65, 1, 5476
25320, 18147, 71.67, 72, 48.65, 1, 5476
25321, 18147, 71.67, 72, 48.65, 1, 5477
25322, 18148, 71.67, 72, 48.65, 1, 5477
25323, 18148, 71.67, 72, 48.65, 1, 5478
25324, 18149, 71.67, 72, 48.65, 1, 5478
25325, 18150, 71.67, 72, 48.65, 1, 5478
25326, 18150, 71.67, 72, 48.65, 1, 5479
25327, 18151, 71.67, 72, 48.65, 1, 5479
25328, 18151, 71.66, 72, 48.65, 1, 5480
25329, 18152, 71.66, 72, 48.65, 1, 5480
25330, 18153, 71.67, 72, 48.65, 1, 5480
25331, 18154, 71.67, 72, 48.65, 1, 5480
25332, 18155, 71.67, 72, 48.65, 1, 5480
25333, 18155, 71.67, 72, 48.65, 1, 5481
25334, 18156, 71.67, 72, 48.65, 1, 5481
25335, 18157, 71.67, 72, 48.65, 1, 5481
25336, 18157, 71.66, 72, 48.65, 1, 5482
25337, 18158, 71.67, 72, 48.65, 1, 5482
25338, 18159, 71.67, 72, 48.65, 1, 5482
25339, 18160, 71.67, 72, 48.65, 1, 5482
25340, 18161, 71.67, 72, 48.65, 1, 5482
25341, 18162, 71.67, 72, 48.65, 1, 5482
25342, 18163, 71.67, 72, 48.65, 1, 5482
25343, 18164, 71.67, 72, 48.65, 1, 5482
25344, 18165, 71.67, 72, 48.65, 1, 5482
25345, 18165, 71.67, 72, 48.65, 1, 5483
25346, 18166, 71.67, 72, 48.65, 1, 5483
25347, 18166, 71.67, 72, 48.65, 1, 5484
25348, 18166, 71.67, 72, 48.65, 1, 5485
25349, 18167, 71.67, 72, 48.65, 1, 5485
25350, 18168, 71.67, 72, 48.65, 1, 5485
25351, 18169, 71.67, 72, 48.65, 1, 5485
25352, 18170, 71.67, 72, 48.65, 1, 5485
25353, 18170, 71.67, 72, 48.65, 1, 5486
25354, 18171, 71.67, 72, 48.65, 1, 5486
25355, 18172, 71.67, 72, 48.65, 1, 5486
25356, 18173, 71.67, 72, 48.65, 1, 5486
25357, 18174, 71.67, 72, 48.65, 1, 5486
25358, 18174, 71.67, 72, 48.65, 1, 5486
25359, 18175, 71.67, 72, 48.65, 1, 5486
25360, 18176, 71.67, 72, 48.65, 1, 5486
25361, 18176, 71.67, 72, 48.65, 1, 5486
25362, 18177, 71.67, 72, 48.65, 1, 5486
25363, 18178, 71.67, 72, 48.65, 1, 5486
25364, 18178, 71.67, 72, 48.65, 1, 5486
25365, 18178, 71.67, 72, 48.65, 1, 5487
25366, 18179, 71.67, 72, 48.65, 1, 5487
25367, 18179, 71.66, 72, 48.65, 1, 5488
25368, 18180, 71.67, 72, 48.65, 1, 5488
25369, 18180, 71.66, 72, 48.65, 1, 5489
25370, 18181, 71.66, 72, 48.65, 1, 5489
25371, 18182, 71.66, 72, 48.65, 1, 5489
25372, 18183, 71.67, 72, 48.65, 1, 5489
25373, 18184, 71.67, 72, 48.65, 1, 5489
25374, 18185, 71.67, 72, 48.65, 1, 5489
25375, 18186, 71.67, 72, 48.65, 1, 5489
25376, 18187, 71.67, 72, 48.65, 1, 5489
25377, 18188, 71.67, 72, 48.65, 1, 5489
25378, 18188, 71.67, 72, 48.65, 1, 5490
25379, 18189, 71.67, 72, 48.65, 1, 5490
25380, 18190, 71.67, 72, 48.65, 1, 5490
25381, 18191, 71.67, 72, 48.65, 1, 5490
25382, 18192, 71.67, 72, 48.65, 1, 5490
25383, 18192, 71.67, 72, 48.65, 1, 5490
25384, 18193, 71.67, 72, 48.65, 1, 5490
25385, 18193, 71.67, 72, 48.65, 1, 5491
25386, 18194, 71.67, 72, 48.65, 1, 5491
25387, 18195, 71.67, 72, 48.65, 1, 5491
25388, 18196, 71.67, 72, 48.65, 1, 5491
25389, 18197, 71.67, 72, 48.65, 1, 5491
25390, 18197, 71.67, 72, 48.65, 1, 5492
25391, 18198, 71.67, 72, 48.65, 1, 5492
25392, 18199, 71.67, 72, 48.65, 1, 5492
25393, 18200, 71.67, 72, 48.65, 1, 5492
25394, 18201, 71.67, 72, 48.65, 1, 5492
25395, 18202, 71.68, 72, 48.65, 1, 5492
25396, 18202, 71.67, 72, 48.65, 1, 5493
25397, 18202, 71.67, 72, 48.65, 1, 5494
25398, 18203, 71.67, 72, 48.65, 1, 5494
25399, 18204, 71.67, 72, 48.65, 1, 5494
25400, 18205, 71.67, 72, 48.65, 1, 5494
25401, 18206, 71.67, 72, 48.65, 1, 5494
25402, 18207, 71.68, 72, 48.65, 1, 5494
25403, 18208, 71.68, 72, 48.65, 1, 5494
25404, 18208, 71.67, 72, 48.65, 1, 5495
25405, 18209, 71.67, 72, 48.65, 1, 5495
25406, 18210, 71.68, 72, 48.65, 1, 5495
25407, 18210, 71.67, 72, 48.65, 1, 5496
25408, 18211, 71.67, 72, 48.65, 1, 5496
25409, 18212, 71.68, 72, 48.65, 1, 5496
25410, 18212, 71.67, 72, 48.65, 1, 5497
25411, 18212, 71.67, 72, 48.65, 1, 5497
25412, 18213, 71.67, 72, 48.65, 1, 5497
25413, 18214, 71.67, 72, 48.65, 1, 5497
25414, 18214, 71.67, 72, 48.65, 1, 5497
25415, 18215, 71.67, 72, 48.65, 1, 5497
25416, 18216, 71.67, 72, 48.65, 1, 5497
25417, 18217, 71.67, 72, 48.65, 1, 5497
25418, 18218, 71.67, 72, 48.65, 1, 5497
25419, 18219, 71.67, 72, 48.65, 1, 5497
25420, 18219, 71.67, 72, 48.65, 1, 5497
25421, 18220, 71.67, 72, 48.65, 1, 5497
25422, 18221, 71.67, 72, 48.65, 1, 5497
25423, 18221, 71.67, 72, 48.65, 1, 5497
25424, 18221, 71.67, 72, 48.65, 1, 5498
25425, 18222, 71.67, 72, 48.65, 1, 5498
25426, 18223, 71.67, 72, 48.65, 1, 5498
25427, 18223, 71.67, 72, 48.65, 1, 5499
25428, 18224, 71.67, 72, 48.65, 1, 5499
25429, 18225, 71.67, 72, 48.65, 1, 5499
25430, 18225, 71.67, 72, 48.65, 1, 5500
25431, 18226, 71.67, 72, 48.65, 1, 5500
25432, 18226, 71.67, 72, 48.65, 1, 5501
25433, 18227, 71.67, 72, 48.65, 1, 5501
25434, 18227, 71.66, 72, 48.65, 1, 5502
25435, 18228, 71.67, 72, 48.65, 1, 5502
25436, 18229, 71.67, 72, 48.65, 1, 5502
25437, 18230, 71.67, 72, 48.65, 1, 5502
25438, 18231, 71.67, 72, 48.65, 1, 5502
25439, 18232, 71.67, 72, 48.65, 1, 5502
25440, 18233, 71.67, 72, 48.65, 1, 5502
25441, 18234, 71.67, 72, 48.65, 1, 5502
25442, 18235, 71.67, 72, 48.65, 1, 5502
25443, 18236, 71.67, 72, 48.65, 1, 5502
25444, 18236, 71.67, 72, 48.65, 1, 5503
25445, 18237, 71.67, 72, 48.65, 1, 5503
25446, 18237, 71.67, 72, 48.65, 1, 5504
25447, 18238, 71.67, 72, 48.65, 1, 5504
25448, 18239, 71.67, 72, 48.65, 1, 5504
25449, 18240, 71.67, 72, 48.65, 1, 5504
25450, 18241, 71.67, 72, 48.65, 1, 5504
25451, 18242, 71.67, 72, 48.65, 1, 5504
25452, 18243, 71.68, 72, 48.65, 1, 5504
25453, 18244, 71.68, 72, 48.65, 1, 5504
25454, 18245, 71.68, 72, 48.65, 1, 5504
25455, 18246, 71.68, 72, 48.65, 1, 5504
25456, 18246, 71.68, 72, 48.65, 1, 5505
25457, 18246, 71.67, 72, 48.65, 1, 5506
25458, 18246, 71.67, 72, 48.65, 1, 5507
25459, 18247, 71.67, 72, 48.65, 1, 5507
25460, 18248, 71.67, 72, 48.65, 1, 5507
25461, 18249, 71.67, 72, 48.65, 1, 5507
25462, 18250, 71.68, 72, 48.65, 1, 5507
25463, 18251, 71.68, 72, 48.65, 1, 5507
25464, 18252, 71.68, 72, 48.65, 1, 5507
25465, 18253, 71.68, 72, 48.65, 1, 5507
25466, 18254, 71.68, 72, 48.65, 1, 5507
25467, 18254, 71.68, 72, 48.65, 1, 5508
25468, 18255, 71.68, 72, 48.65, 1, 5508
25469, 18256, 71.68, 72, 48.65, 1, 5508
25470, 18256, 71.68, 72, 48.65, 1, 5508
25471, 18256, 71.67, 72, 48.65, 1, 5509
25472, 18256, 71.67, 72, 48.65, 1, 5510
25473, 18257, 71.67, 72, 48.65, 1, 5510
25474, 18257, 71.67, 72, 48.65, 1, 5511
25475, 18257, 71.67, 72, 48.65, 1, 5512
25476, 18258, 71.67, 72, 48.65, 1, 5512
25477, 18258, 71.66, 72, 48.65, 1, 5513
25478, 18258, 71.66, 72, 48.65, 1, 5514
25479, 18259, 71.66, 72, 48.65, 1, 5514
25480, 18259, 71.66, 72, 48.65, 1, 5515
25481, 18260, 71.66, 72, 48.65, 1, 5515
25482, 18261, 71.66, 72, 48.65, 1, 5515
25483, 18262, 71.66, 72, 48.65, 1, 5515
25484, 18263, 71.66, 72, 48.65, 1, 5515
25485, 18264, 71.67, 72, 48.65, 1, 5515
25486, 18264, 71.66, 72, 48.65, 1, 5516
25487, 18265, 71.66, 72, 48.65, 1, 5516
25488, 18266, 71.67, 72, 48.65, 1, 5516
25489, 18267, 71.67, 72, 48.65, 1, 5516
25490, 18268, 71.67, 72, 48.65, 1, 5516
25491, 18269, 71.67, 72, 48.65, 1, 5516
25492, 18269, 71.67, 72, 48.65, 1, 5517
25493, 18270, 71.67, 72, 48.65, 1, 5517
25494, 18271, 71.67, 72, 48.65, 1, 5517
25495, 18271, 71.67, 72, 48.65, 1, 5518
25496, 18272, 71.67, 72, 48.65, 1, 5518
25497, 18273, 71.67, 72, 48.65, 1, 5518
25498, 18274, 71.67, 72, 48.65, 1, 5518
25499, 18274, 71.67, 72, 48.65, 1, 5519
25500, 18275, 71.67, 72, 48.65, 1, 5519
25501, 18275, 71.66, 72, 48.65, 1, 5520
25502, 18276, 71.66, 72, 48.65, 1, 5520
25503, 18276, 71.66, 72, 48.65, 1, 5521
25504, 18277, 71.66, 72, 48.65, 1, 5521
25505, 18278, 71.66, 72, 48.65, 1, 5521
25506, 18278, 71.66, 72, 48.65, 1, 5522
25507, 18279, 71.66, 72, 48.65, 1, 5522
25508, 18280, 71.66, 72, 48.65, 1, 5522
25509, 18280, 71.66, 72, 48.65, 1, 5523
25510, 18280, 71.66, 72, 48.65, 1, 5524
25511, 18281, 71.66, 72, 48.65, 1, 5524
25512, 18281, 71.66, 72, 48.65, 1, 5525
25513, 18282, 71.66, 72, 48.65, 1, 5525
25514, 18283, 71.66, 72, 48.65, 1, 5525
25515, 18284, 71.66, 72, 48.65, 1, 5525
25516, 18285, 71.66, 72, 48.65, 1, 5525
25517, 18286, 71.66, 72, 48.65, 1, 5525
25518, 18287, 71.66, 72, 48.65, 1, 5525
25519, 18287, 71.66, 72, 48.65, 1, 5526
25520, 18287, 71.66, 72, 48.65, 1, 5527
25521, 18288, 71.66, 72, 48.65, 1, 5527
25522, 18289, 71.66, 72, 48.65, 1, 5527
25523, 18290, 71.66, 72, 48.65, 1, 5527
25524, 18291, 71.66, 72, 48.65, 1, 5527
25525, 18292, 71.66, 72, 48.65, 1, 5527
25526, 18293, 71.66, 72, 48.65, 1, 5527
25527, 18294, 71.67, 72, 48.65, 1, 5527
25528, 18295, 71.67, 72, 48.65, 1, 5527
25529, 18296, 71.67, 72, 48.65, 1, 5527
25530, 18297, 71.67, 72, 48.65, 1, 5527
25531, 18298, 71.67, 72, 48.65, 1, 5527
25532, 18298, 71.67, 72, 48.65, 1, 5528
25533, 18298, 71.66, 72, 48.65, 1, 5529
25534, 18299, 71.67, 72, 48.65, 1, 5529
25535, 18300, 71.67, 72, 48.65, 1, 5529
25536, 18301, 71.67, 72, 48.65, 1, 5529
25537, 18302, 71.67, 72, 48.65, 1, 5529
25538, 18303, 71.67, 72, 48.65, 1, 5529
25539, 18304, 71.67, 72, 48.65, 1, 5529
25540, 18304, 71.67, 72, 48.65, 1, 5530
25541, 18305, 71.67, 72, 48.65, 1, 5530
25542, 18305, 71.67, 72, 48.65, 1, 5531
25543, 18306, 71.67, 72, 48.65, 1, 5531
25544, 18307, 71.67, 72, 48.65, 1, 5531
25545, 18308, 71.67, 72, 48.65, 1, 5531
25546, 18309, 71.67, 72, 48.65, 1, 5531
25547, 18310, 71.67, 72, 48.65, 1, 5531
25548, 18311, 71.67, 72, 48.65, 1, 5531
25549, 18311, 71.67, 72, 48.65, 1, 5532
25550, 18312, 71.67, 72, 48.65, 1, 5532
25551, 18312, 71.67, 72, 48.65, 1, 5533
25552, 18313, 71.67, 72, 48.65, 1, 5533
25553, 18313, 71.67, 72, 48.65, 1, 5534
25554, 18314, 71.67, 72, 48.65, 1, 5534
25555, 18314, 71.67, 72, 48.65, 1, 5534
25556, 18315, 71.67, 72, 48.65, 1, 5534
25557, 18315, 71.66, 72, 48.65, 1, 5535
25558, 18316, 71.66, 72, 48.65, 1, 5535
25559, 18317, 71.67, 72, 48.65, 1, 5535
25560, 18318, 71.67, 72, 48.65, 1, 5535
25561, 18319, 71.67, 72, 48.65, 1, 5535
25562, 18320, 71.67, 72, 48.65, 1, 5535
25563, 18320, 71.67, 72, 48.65, 1, 5536
25564, 18321, 71.67, 72, 48.65, 1, 5536
25565, 18321, 71.66, 72, 48.65, 1, 5537
25566, 18322, 71.67, 72, 48.65, 1, 5537
25567, 18322, 71.66, 72, 48.65, 1, 5538
25568, 18322, 71.66, 72, 48.65, 1, 5539
25569, 18323, 71.66, 72, 48.65, 1, 5539
25570, 18324, 71.66, 72, 48.65, 1, 5539
25571, 18325, 71.66, 72, 48.65, 1, 5539
25572, 18326, 71.66, 72, 48.65, 1, 5539
25573, 18327, 71.67, 72, 48.65, 1, 5539
25574, 18328, 71.67, 72, 48.65, 1, 5539
25575, 18329, 71.67, 72, 48.65, 1, 5539
25576, 18329, 71.66, 72, 48.65, 1, 5540
25577, 18330, 71.67, 72, 48.65, 1, 5540
25578, 18330, 71.66, 72, 48.65, 1, 5541
25579, 18331, 71.66, 72, 48.65, 1, 5541
25580, 18332, 71.67, 72, 48.65, 1, 5541
25581, 18332, 71.66, 72, 48.65, 1, 5541
25582, 18333, 71.66, 72, 48.65, 1, 5541
25583, 18334, 71.66, 72, 48.65, 1, 5541
25584, 18335, 71.67, 72, 48.65, 1, 5541
25585, 18336, 71.67, 72, 48.65, 1, 5541
25586, 18337, 71.67, 72, 48.65, 1, 5541
25587, 18338, 71.67, 72, 48.65, 1, 5541
25588, 18339, 71.67, 72, 48.65, 1, 5541
25589, 18340, 71.67, 72, 48.65, 1, 5541
25590, 18340, 71.67, 72, 48.65, 1, 5542
25591, 18341, 71.67, 72, 48.65, 1, 5542
25592, 18341, 71.67, 72, 48.65, 1, 5543
25593, 18341, 71.66, 72, 48.65, 1, 5544
25594, 18342, 71.67, 72, 48.65, 1, 5544
25595, 18343, 71.67, 72, 48.65, 1, 5544
25596, 18343, 71.66, 72, 48.65, 1, 5545
25597, 18343, 71.66, 72, 48.65, 1, 5546
25598, 18344, 71.66, 72, 48.65, 1, 5546
25599, 18345, 71.66, 72, 48.65, 1, 5546
25600, 18345, 71.66, 72, 48.65, 1, 5547
25601, 18346, 71.66, 72, 48.65, 1, 5547
25602, 18346, 71.66, 72, 48.65, 1, 5548
25603, 18347, 71.66, 72, 48.65, 1, 5548
25604, 18347, 71.66, 72, 48.65, 1, 5549
25605, 18348, 71.66, 72, 48.65, 1, 5549
25606, 18349, 71.66, 72, 48.65, 1, 5549
25607, 18350, 71.66, 72, 48.65, 1, 5549
25608, 18351, 71.66, 72, 48.65, 1, 5549
25609, 18352, 71.66, 72, 48.65, 1, 5549
25610, 18353, 71.66, 72, 48.65, 1, 5549
25611, 18354, 71.66, 72, 48.65, 1, 5549
25612, 18354, 71.66, 72, 48.65, 1, 5550
25613, 18354, 71.66, 72, 48.65, 1, 5551
25614, 18355, 71.66, 72, 48.65, 1, 5551
25615, 18356, 71.66, 72, 48.65, 1, 5551
25616, 18357, 71.66, 72, 48.65, 1, 5551
25617, 18358, 71.66, 72, 48.65, 1, 5551
25618, 18358, 71.66, 72, 48.65, 1, 5552
25619, 18359, 71.66, 72, 48.65, 1, 5552
25620, 18359, 71.66, 72, 48.65, 1, 5553
25621, 18360, 71.66, 72, 48.65, 1, 5553
25622, 18361, 71.66, 72, 48.65, 1, 5553
25623, 18362, 71.66, 72, 48.65, 1, 5553
25624, 18363, 71.66, 72, 48.65, 1, 5553
25625, 18363, 71.66, 72, 48.65, 1, 5554
25626, 18363, 71.66, 72, 48.65, 1, 5555
25627, 18364, 71.66, 72, 48.65, 1, 5555
25628, 18365, 71.66, 72, 48.65, 1, 5555
25629, 18366, 71.66, 72, 48.65, 1, 5555
25630, 18366, 71.66, 72, 48.65, 1, 5556
25631, 18367, 71.66, 72, 48.65, 1, 5556
25632, 18368, 71.66, 72, 48.65, 1, 5556
25633, 18368, 71.66, 72, 48.65, 1, 5557
25634, 18369, 71.66, 72, 48.65, 1, 5557
25635, 18370, 71.66, 72, 48.65, 1, 5557
25636, 18370, 71.66, 72, 48.65, 1, 5558
25637, 18371, 71.66, 72, 48.65, 1, 5558
25638, 18371, 71.66, 72, 48.65, 1, 5559
25639, 18372, 71.66, 72, 48.65, 1, 5559
25640, 18373, 71.66, 72, 48.65, 1, 5559
25641, 18374, 71.66, 72, 48.65, 1, 5559
25642, 18374, 71.66, 72, 48.65, 1, 5559
25643, 18375, 71.66, 72, 48.65, 1, 5559
25644, 18375, 71.65, 72, 48.65, 1, 5560
25645, 18376, 71.66, 72, 48.65, 1, 5560
25646, 18377, 71.66, 72, 48.65, 1, 5560
25647, 18378, 71.66, 72, 48.65, 1, 5560
25648, 18379, 71.66, 72, 48.65, 1, 5560
25649, 18380, 71.66, 72, 48.65, 1, 5560
25650, 18381, 71.66, 72, 48.65, 1, 5560
25651, 18382, 71.66, 72, 48.65, 1, 5560
25652, 18383, 71.66, 72, 48.65, 1, 5560
25653, 18383, 71.66, 72, 48.65, 1, 5561
25654, 18384, 71.66, 72, 48.65, 1, 5561
25655, 18385, 71.66, 72, 48.65, 1, 5561
25656, 18385, 71.66, 72, 48.65, 1, 5562
25657, 18386, 71.66, 72, 48.65, 1, 5562
25658, 18387, 71.66, 72, 48.65, 1, 5562
25659, 18388, 71.66, 72, 48.65, 1, 5562
25660, 18389, 71.66, 72, 48.65, 1, 5562
25661, 18390, 71.67, 72, 48.65, 1, 5562
25662, 18391, 71.67, 72, 48.65, 1, 5562
25663, 18392, 71.67, 72, 48.65, 1, 5562
25664, 18393, 71.67, 72, 48.65, 1, 5562
25665, 18393, 71.67, 72, 48.65, 1, 5562
25666, 18394, 71.67, 72, 48.65, 1, 5562
25667, 18395, 71.67, 72, 48.65, 1, 5562
25668, 18396, 71.67, 72, 48.65, 1, 5562
25669, 18397, 71.67, 72, 48.65, 1, 5562
25670, 18397, 71.67, 72, 48.65, 1, 5562
25671, 18398, 71.67, 72, 48.65, 1, 5562
25672, 18399, 71.67, 72, 48.65, 1, 5562
25673, 18400, 71.67, 72, 48.65, 1, 5562
25674, 18401, 71.67, 72, 48.65, 1, 5562
25675, 18402, 71.67, 72, 48.65, 1, 5562
25676, 18402, 71.67, 72, 48.65, 1, 5563
25677, 18403, 71.67, 72, 48.65, 1, 5563
25678, 18404, 71.67, 72, 48.65, 1, 5563
25679, 18404, 71.67, 72, 48.65, 1, 5564
25680, 18405, 71.67, 72, 48.65, 1, 5564
25681, 18406, 71.67, 72, 48.65, 1, 5564
25682, 18406, 71.67, 72, 48.65, 1, 5565
25683, 18406, 71.67, 72, 48.65, 1, 5566
25684, 18407, 71.67, 72, 48.65, 1, 5566
25685, 18407, 71.66, 72, 48.65, 1, 5567
25686, 18408, 71.67, 72, 48.65, 1, 5567
25687, 18409, 71.67, 72, 48.65, 1, 5567
25688, 18409, 71.66, 72, 48.65, 1, 5568
25689, 18409, 71.66, 72, 48.65, 1, 5569
25690, 18410, 71.66, 72, 48.65, 1, 5569
25691, 18411, 71.66, 72, 48.65, 1, 5569
25692, 18412, 71.66, 72, 48.65, 1, 5569
25693, 18413, 71.67, 72, 48.65, 1, 5569
25694, 18414, 71.67, 72, 48.65, 1, 5569
25695, 18415, 71.67, 72, 48.65, 1, 5569
25696, 18416, 71.67, 72, 48.65, 1, 5569
25697, 18417, 71.67, 72, 48.65, 1, 5569
25698, 18417, 71.67, 72, 48.65, 1, 5570
25699, 18417, 71.66, 72, 48.65, 1, 5571
25700, 18418, 71.67, 72, 48.65, 1, 5571
25701, 18419, 71.67, 72, 48.65, 1, 5571
25702, 18419, 71.66, 72, 48.65, 1, 5572
25703, 18419, 71.66, 72, 48.65, 1, 5572
25704, 18420, 71.66, 72, 48.65, 1, 5572
25705, 18421, 71.66, 72, 48.65, 1, 5572
25706, 18422, 71.66, 72, 48.65, 1, 5572
25707, 18423, 71.67, 72, 48.65, 1, 5572
25708, 18423, 71.66, 72, 48.65, 1, 5572
25709, 18424, 71.66, 72, 48.65, 1, 5572
25710, 18424, 71.66, 72, 48.65, 1, 5573
25711, 18425, 71.66, 72, 48.65, 1, 5573
25712, 18426, 71.66, 72, 48.65, 1, 5573
25713, 18427, 71.66, 72, 48.65, 1, 5573
25714, 18427, 71.66, 72, 48.65, 1, 5574
25715, 18428, 71.66, 72, 48.65, 1, 5574
25716, 18429, 71.66, 72, 48.65, 1, 5574
25717, 18430, 71.66, 72, 48.65, 1, 5574
25718, 18431, 71.67, 72, 48.65, 1, 5574
25719, 18432, 71.67, 72, 48.65, 1, 5574
25720, 18432, 71.66, 72, 48.65, 1, 5575
25721, 18433, 71.67, 72, 48.65, 1, 5575
25722, 18434, 71.67, 72, 48.65, 1, 5575
25723, 18434, 71.66, 72, 48.65, 1, 5576
25724, 18434, 71.66, 72, 48.65, 1, 5577
25725, 18435, 71.66, 72, 48.65, 1, 5577
25726, 18436, 71.66, 72, 48.65, 1, 5577
25727, 18437, 71.66, 72, 48.65, 1, 5577
25728, 18438, 71.67, 72, 48.65, 1, 5577
25729, 18439, 71.67, 72, 48.65, 1, 5577
25730, 18440, 71.67, 72, 48.65, 1, 5577
25731, 18440, 71.66, 72, 48.65, 1, 5578
25732, 18441, 71.67, 72, 48.65, 1, 5578
25733, 18441, 71.66, 72, 48.65, 1, 5579
25734, 18442, 71.66, 72, 48.65, 1, 5579
25735, 18443, 71.67, 72, 48.65, 1, 5579
25736, 18444, 71.67, 72, 48.65, 1, 5579
25737, 18445, 71.67, 72, 48.65, 1, 5579
25738, 18445, 71.66, 72, 48.65, 1, 5580
25739, 18446, 71.67, 72, 48.65, 1, 5580
25740, 18447, 71.67, 72, 48.65, 1, 5580
25741, 18448, 71.67, 72, 48.65, 1, 5580
25742, 18449, 71.67, 72, 48.65, 1, 5580
25743, 18450, 71.67, 72, 48.65, 1, 5580
25744, 18451, 71.67, 72, 48.65, 1, 5580
25745, 18452, 71.67, 72, 48.65, 1, 5580
25746, 18453, 71.67, 72, 48.65, 1, 5580
25747, 18454, 71.67, 72, 48.65, 1, 5580
25748, 18455, 71.68, 72, 48.65, 1, 5580
25749, 18456, 71.68, 72, 48.65, 1, 5580
25750, 18457, 71.68, 72, 48.65, 1, 5580
25751, 18458, 71.68, 72, 48.65, 1, 5580
25752, 18459, 71.68, 72, 48.65, 1, 5580
25753, 18460, 71.68, 72, 48.65, 1, 5580
25754, 18460, 71.68, 72, 48.65, 1, 5580
25755, 18461, 71.68, 72, 48.65, 1, 5580
25756, 18461, 71.68, 72, 48.65, 1, 5581
25757, 18461, 71.67, 72, 48.65, 1, 5582
25758, 18461, 71.67, 72, 48.65, 1, 5582
25759, 18461, 71.67, 72, 48.65, 1, 5583
25760, 18461, 71.67, 72, 48.65, 1, 5584
25761, 18462, 71.67, 72, 48.65, 1, 5584
25762, 18463, 71.67, 72, 48.65, 1, 5584
25763, 18464, 71.67, 72, 48.65, 1, 5584
25764, 18465, 71.67, 72, 48.65, 1, 5584
25765, 18466, 71.67, 72, 48.65, 1, 5584
25766, 18466, 71.67, 72, 48.65, 1, 5585
25767, 18467, 71.67, 72, 48.65, 1, 5585
25768, 18467, 71.67, 72, 48.65, 1, 5585
25769, 18468, 71.67, 72, 48.65, 1, 5585
25770, 18469, 71.67, 72, 48.65, 1, 5585
25771, 18470, 71.67, 72, 48.65, 1, 5585
25772, 18470, 71.67, 72, 48.65, 1, 5586
25773, 18470, 71.66, 72, 48.65, 1, 5587
25774, 18470, 71.66, 72, 48.65, 1, 5587
25775, 18470, 71.66, 72, 48.65, 1, 5588
25776, 18470, 71.66, 72, 48.65, 1, 5589
25777, 18470, 71.65, 72, 48.65, 1, 5590
25778, 18471, 71.65, 72, 48.65, 1, 5590
25779, 18471, 71.65, 72, 48.65, 1, 5591
25780, 18472, 71.65, 72, 48.65, 1, 5591
25781, 18473, 71.65, 72, 48.65, 1, 5591
25782, 18474, 71.65, 72, 48.65, 1, 5591
25783, 18475, 71.66, 72, 48.65, 1, 5591
25784, 18476, 71.66, 72, 48.65, 1, 5591
25785, 18477, 71.66, 72, 48.65, 1, 5591
25786, 18478, 71.66, 72, 48.65, 1, 5591
25787, 18479, 71.66, 72, 48.65, 1, 5591
25788, 18480, 71.66, 72, 48.65, 1, 5591
25789, 18481, 71.66, 72, 48.65, 1, 5591
25790, 18482, 71.66, 72, 48.65, 1, 5591
25791, 18483, 71.66, 72, 48.65, 1, 5591
25792, 18484, 71.67, 72, 48.65, 1, 5591
25793, 18484, 71.66, 72, 48.65, 1, 5591
25794, 18485, 71.66, 72, 48.65, 1, 5591
25795, 18485, 71.66, 72, 48.65, 1, 5591
25796, 18486, 71.66, 72, 48.65, 1, 5591
25797, 18487, 71.66, 72, 48.65, 1, 5591
25798, 18488, 71.66, 72, 48.65, 1, 5591
25799, 18489, 71.67, 72, 48.65, 1, 5591
25800, 18490, 71.67, 72, 48.65, 1, 5591
25801, 18491, 71.67, 72, 48.65, 1, 5591
25802, 18492, 71.67, 72, 48.65, 1, 5591
25803, 18492, 71.67, 72, 48.65, 1, 5592
25804, 18492, 71.66, 72, 48.65, 1, 5593
25805, 18493, 71.66, 72, 48.65, 1, 5593
25806, 18494, 71.67, 72, 48.65, 1, 5593
25807, 18494, 71.66, 72, 48.65, 1, 5594
25808, 18494, 71.66, 72, 48.65, 1, 5595
25809, 18494, 71.66, 72, 48.65, 1, 5596
25810, 18495, 71.66, 72, 48.65, 1, 5596
25811, 18496, 71.66, 72, 48.65, 1, 5596
25812, 18497, 71.66, 72, 48.65, 1, 5596
25813, 18498, 71.66, 72, 48.65, 1, 5596
25814, 18499, 71.66, 72, 48.65, 1, 5596
25815, 18499, 71.66, 72, 48.65, 1, 5597
25816, 18500, 71.66, 72, 48.65, 1, 5597
25817, 18501, 71.66, 72, 48.65, 1, 5597
25818, 18501, 71.66, 72, 48.65, 1, 5598
25819, 18502, 71.66, 72, 48.65, 1, 5598
25820, 18502, 71.66, 72, 48.65, 1, 5599
25821, 18503, 71.66, 72, 48.65, 1, 5599
25822, 18503, 71.66, 72, 48.65, 1, 5599
25823, 18503, 71.65, 72, 48.65, 1, 5599
25824, 18503, 71.65, 72, 48.65, 1, 5599
25825, 18504, 71.65, 72, 48.65, 1, 5599
25826, 18504, 71.65, 72, 48.65, 1, 5599
25827, 18504, 71.65, 72, 48.65, 1, 5599
25828, 18505, 71.65, 72, 48.65, 1, 5599
25829, 18505, 71.64, 72, 48.65, 1, 5599
25830, 18506, 71.65, 72, 48.65, 1, 5599
25831, 18507, 71.65, 72, 48.65, 1, 5599
25832, 18507, 71.64, 72, 48.65, 1, 5599
25833, 18508, 71.64, 72, 48.65, 1, 5599
25834, 18509, 71.65, 72, 48.65, 1, 5599
25835, 18509, 71.64, 72, 48.65, 1, 5600
25836, 18509, 71.64, 72, 48.65, 1, 5601
25837, 18509, 71.64, 72, 48.65, 1, 5601
25838, 18510, 71.64, 72, 48.65, 1, 5601
25839, 18511, 71.64, 72, 48.65, 1, 5601
25840, 18512, 71.64, 72, 48.65, 1, 5601
25841, 18512, 71.64, 72, 48.65, 1, 5601
25842, 18513, 71.64, 72, 48.65, 1, 5601
25843, 18514, 71.64, 72, 48.65, 1, 5601
25844, 18515, 71.64, 72, 48.65, 1, 5601
25845, 18516, 71.64, 72, 48.65, 1, 5601
25846, 18517, 71.64, 72, 48.65, 1, 5601
25847, 18517, 71.64, 72, 48.65, 1, 5602
25848, 18517, 71.64, 72, 48.65, 1, 5603
25849, 18518, 71.64, 72, 48.65, 1, 5603
25850, 18519, 71.64, 72, 48.65, 1, 5603
25851, 18520, 71.64, 72, 48.65, 1, 5603
25852, 18521, 71.64, 72, 48.65, 1, 5603
25853, 18522, 71.64, 72, 48.65, 1, 5603
25854, 18523, 71.64, 72, 48.65, 1, 5603
25855, 18523, 71.64, 72, 48.65, 1, 5603
25856, 18524, 71.64, 72, 48.65, 1, 5603
25857, 18525, 71.64, 72, 48.65, 1, 5603
25858, 18526, 71.65, 72, 48.65, 1, 5603
25859, 18527, 71.65, 72, 48.65, 1, 5603
25860, 18528, 71.65, 72, 48.65, 1, 5603
25861, 18528, 71.64, 72, 48.65, 1, 5603
25862, 18529, 71.65, 72, 48.65, 1, 5603
25863, 18529, 71.64, 72, 48.65, 1, 5604
25864, 18530, 71.64, 72, 48.65, 1, 5604
25865, 18531, 71.65, 72, 48.65, 1, 5604
25866, 18532, 71.65, 72, 48.65, 1, 5604
25867, 18533, 71.65, 72, 48.65, 1, 5604
25868, 18534, 71.65, 72, 48.65, 1, 5604
25869, 18535, 71.65, 72, 48.65, 1, 5604
25870, 18536, 71.65, 72, 48.65, 1, 5604
25871, 18537, 71.65, 72, 48.65, 1, 5604
25872, 18538, 71.65, 72, 48.65, 1, 5604
25873, 18539, 71.65, 72, 48.65, 1, 5604
25874, 18540, 71.65, 72, 48.65, 1, 5604
25875, 18540, 71.65, 72, 48.65, 1, 5605
25876, 18541, 71.65, 72, 48.65, 1, 5605
25877, 18542, 71.65, 72, 48.65, 1, 5605
25878, 18543, 71.66, 72, 48.65, 1, 5605
25879, 18544, 71.66, 72, 48.65, 1, 5605
25880, 18545, 71.66, 72, 48.65, 1, 5605
25881, 18545, 71.65, 72, 48.65, 1, 5606
25882, 18546, 71.66, 72, 48.65, 1, 5606
25883, 18546, 71.65, 72, 48.65, 1, 5607
25884, 18547, 71.65, 72, 48.65, 1, 5607
25885, 18548, 71.66, 72, 48.65, 1, 5607
25886, 18549, 71.66, 72, 48.65, 1, 5607
25887, 18549, 71.65, 72, 48.65, 1, 5608
25888, 18550, 71.65, 72, 48.65, 1, 5608
25889, 18551, 71.66, 72, 48.65, 1, 5608
25890, 18552, 71.66, 72, 48.65, 1, 5608
25891, 18553, 71.66, 72, 48.65, 1, 5608
25892, 18554, 71.66, 72, 48.65, 1, 5608
25893, 18555, 71.66, 72, 48.65, 1, 5608
25894, 18556, 71.66, 72, 48.65, 1, 5608
25895, 18557, 71.66, 72, 48.65, 1, 5608
25896, 18557, 71.66, 72, 48.65, 1, 5608
25897, 18558, 71.66, 72, 48.65, 1, 5608
25898, 18559, 71.66, 72, 48.65, 1, 5608
25899, 18559, 71.66, 72, 48.65, 1, 5609
25900, 18560, 71.66, 72, 48.65, 1, 5609
25901, 18561, 71.66, 72, 48.65, 1, 5609
25902, 18562, 71.66, 72, 48.65, 1, 5609
25903, 18563, 71.66, 72, 48.65, 1, 5609
25904, 18563, 71.66, 72, 48.65, 1, 5610
25905, 18564, 71.66, 72, 48.65, 1, 5610
25906, 18565, 71.66, 72, 48.65, 1, 5610
25907, 18566, 71.66, 72, 48.65, 1, 5610
25908, 18567, 71.67, 72, 48.65, 1, 5610
25909, 18568, 71.67, 72, 48.65, 1, 5610
25910, 18568, 71.66, 72, 48.65, 1, 5611
25911, 18569, 71.66, 72, 48.65, 1, 5611
25912, 18569, 71.66, 72, 48.65, 1, 5612
25913, 18570, 71.66, 72, 48.65, 1, 5612
25914, 18571, 71.66, 72, 48.65, 1, 5612
25915, 18572, 71.67, 72, 48.65, 1, 5612
25916, 18573, 71.67, 72, 48.65, 1, 5612
25917, 18574, 71.67, 72, 48.65, 1, 5612
25918, 18575, 71.67, 72, 48.65, 1, 5612
25919, 18576, 71.67, 72, 48.65, 1, 5612
25920, 18577, 71.67, 72, 48.65, 1, 5612
25921, 18577, 71.67, 72, 48.65, 1, 5613
25922, 18578, 71.67, 72, 48.65, 1, 5613
25923, 18579, 71.67, 72, 48.65, 1, 5613
25924, 18580, 71.67, 72, 48.65, 1, 5613
25925, 18581, 71.67, 72, 48.65, 1, 5613
25926, 18581, 71.67, 72, 48.65, 1, 5614
25927, 18581, 71.67, 72, 48.65, 1, 5615
25928, 18581, 71.66, 72, 48.65, 1, 5616
25929, 18581, 71.66, 72, 48.65, 1, 5617
25930, 18582, 71.66, 72, 48.65, 1, 5617
25931, 18583, 71.66, 72, 48.65, 1, 5617
25932, 18584, 71.66, 72, 48.65, 1, 5617
25933, 18584, 71.66, 72, 48.65, 1, 5618
25934, 18584, 71.66, 72, 48.65, 1, 5619
25935, 18585, 71.66, 72, 48.65, 1, 5619
25936, 18586, 71.66, 72, 48.65, 1, 5619
25937, 18587, 71.66, 72, 48.65, 1, 5619
25938, 18587, 71.66, 72, 48.65, 1, 5620
25939, 18588, 71.66, 72, 48.65, 1, 5620
25940, 18588, 71.66, 72, 48.65, 1, 5621
25941, 18589, 71.66, 72, 48.65, 1, 5621
25942, 18590, 71.66, 72, 48.65, 1, 5621
25943, 18590, 71.66, 72, 48.65, 1, 5622
25944, 18590, 71.65, 72, 48.65, 1, 5623
25945, 18590, 71.65, 72, 48.65, 1, 5623
25946, 18591, 71.65, 72, 48.65, 1, 5623
25947, 18592, 71.65, 72, 48.65, 1, 5623
25948, 18593, 71.65, 72, 48.65, 1, 5623
25949, 18594, 71.66, 72, 48.65, 1, 5623
25950, 18594, 71.65, 72, 48.65, 1, 5624
25951, 18595, 71.65, 72, 48.65, 1, 5624
25952, 18596, 71.66, 72, 48.65, 1, 5624
25953, 18597, 71.66, 72, 48.65, 1, 5624
25954, 18597, 71.65, 72, 48.65, 1, 5625
25955, 18598, 71.65, 72, 48.65, 1, 5625
25956, 18599, 71.66, 72, 48.65, 1, 5625
25957, 18600, 71.66, 72, 48.65, 1, 5625
25958, 18601, 71.66, 72, 48.65, 1, 5625
25959, 18602, 71.66, 72, 48.65, 1, 5625
25960, 18603, 71.66, 72, 48.65, 1, 5625
25961, 18604, 71.66, 72, 48.65, 1, 5625
25962, 18605, 71.66, 72, 48.65, 1, 5625
25963, 18605, 71.66, 72, 48.65, 1, 5626
25964, 18605, 71.66, 72, 48.65, 1, 5627
25965, 18606, 71.66, 72, 48.65, 1, 5627
25966, 18607, 71.66, 72, 48.65, 1, 5627
25967, 18608, 71.66, 72, 48.65, 1, 5627
25968, 18609, 71.66, 72, 48.65, 1, 5627
25969, 18610, 71.66, 72, 48.65, 1, 5627
25970, 18611, 71.66, 72, 48.65, 1, 5627
25971, 18611, 71.66, 72, 48.65, 1, 5628
25972, 18612, 71.66, 72, 48.65, 1, 5628
25973, 18613, 71.66, 72, 48.65, 1, 5628
25974, 18614, 71.66, 72, 48.65, 1, 5628
25975, 18615, 71.67, 72, 48.65, 1, 5628
25976, 18616, 71.67, 72, 48.65, 1, 5628
25977, 18616, 71.66, 72, 48.65, 1, 5629
25978, 18616, 71.66, 72, 48.65, 1, 5630
25979, 18617, 71.66, 72, 48.65, 1, 5630
25980, 18617, 71.66, 72, 48.65, 1, 5631
25981, 18618, 71.66, 72, 48.65, 1, 5631
25982, 18619, 71.66, 72, 48.65, 1, 5631
25983, 18620, 71.66, 72, 48.65, 1, 5631
25984, 18620, 71.66, 72, 48.65, 1, 5632
25985, 18621, 71.66, 72, 48.65, 1, 5632
25986, 18622, 71.66, 72, 48.65, 1, 5632
25987, 18622, 71.66, 72, 48.65, 1, 5633
25988, 18623, 71.66, 72, 48.65, 1, 5633
25989, 18624, 71.66, 72, 48.65, 1, 5633
25990, 18624, 71.66, 72, 48.65, 1, 5633
25991, 18625, 71.66, 72, 48.65, 1, 5633
25992, 18626, 71.66, 72, 48.65, 1, 5633
25993, 18627, 71.66, 72, 48.65, 1, 5633
25994, 18628, 71.66, 72, 48.65, 1, 5633
25995, 18628, 71.66, 72, 48.65, 1, 5634
25996, 18629, 71.66, 72, 48.65, 1, 5634
25997, 18630, 71.66, 72, 48.65, 1, 5634
25998, 18631, 71.66, 72, 48.65, 1, 5634
25999, 18632, 71.66, 72, 48.65, 1, 5634
26000, 18632, 71.66, 72, 48.65, 1, 5635
26001, 18632, 71.66, 72, 48.65, 1, 5636
26002, 18632, 71.66, 72, 48.65, 1, 5637
26003, 18633, 71.66, 72, 48.65, 1, 5637
26004, 18634, 71.66, 72, 48.65, 1, 5637
26005, 18635, 71.66, 72, 48.65, 1, 5637
26006, 18636, 71.66, 72, 48.65, 1, 5637
26007, 18636, 71.66, 72, 48.65, 1, 5637
26008, 18636, 71.65, 72, 48.65, 1, 5637
26009, 18637, 71.66, 72, 48.65, 1, 5637
26010, 18638, 71.66, 72, 48.65, 1, 5637
26011, 18638, 71.65, 72, 48.65, 1, 5637
26012, 18639, 71.66, 72, 48.65, 1, 5637
26013, 18639, 71.65, 72, 48.65, 1, 5637
26014, 18640, 71.65, 72, 48.65, 1, 5637
26015, 18641, 71.65, 72, 48.65, 1, 5637
26016, 18642, 71.66, 72, 48.65, 1, 5637
26017, 18643, 71.66, 72, 48.65, 1, 5637
26018, 18644, 71.66, 72, 48.65, 1, 5637
26019, 18645, 71.66, 72, 48.65, 1, 5637
26020, 18645, 71.66, 72, 48.65, 1, 5637
26021, 18646, 71.66, 72, 48.65, 1, 5637
26022, 18647, 71.66, 72, 48.65, 1, 5637
26023, 18647, 71.66, 72, 48.65, 1, 5638
26024, 18648, 71.66, 72, 48.65, 1, 5638
26025, 18648, 71.65, 72, 48.65, 1, 5639
26026, 18648, 71.65, 72, 48.65, 1, 5640
26027, 18649, 71.65, 72, 48.65, 1, 5640
26028, 18650, 71.65, 72, 48.65, 1, 5640
26029, 18650, 71.65, 72, 48.65, 1, 5641
26030, 18651, 71.65, 72, 48.65, 1, 5641
26031, 18652, 71.65, 72, 48.65, 1, 5641
26032, 18653, 71.65, 72, 48.65, 1, 5641
26033, 18654, 71.66, 72, 48.65, 1, 5641
26034, 18655, 71.66, 72, 48.65, 1, 5641
26035, 18656, 71.66, 72, 48.65, 1, 5641
26036, 18657, 71.66, 72, 48.65, 1, 5641
26037, 18658, 71.66, 72, 48.65, 1, 5641
26038, 18659, 71.66, 72, 48.65, 1, 5641
26039, 18660, 71.66, 72, 48.65, 1, 5641
26040, 18661, 71.66, 72, 48.65, 1, 5641
26041, 18661, 71.66, 72, 48.65, 1, 5642
26042, 18662, 71.66, 72, 48.65, 1, 5642
26043, 18662, 71.66, 72, 48.65, 1, 5642
26044, 18663, 71.66, 72, 48.65, 1, 5642
26045, 18663, 71.66, 72, 48.65, 1, 5642
26046, 18664, 71.66, 72, 48.65, 1, 5642
26047, 18665, 71.66, 72, 48.65, 1, 5642
26048, 18666, 71.66, 72, 48.65, 1, 5642
26049, 18666, 71.66, 72, 48.65, 1, 5642
26050, 18667, 71.66, 72, 48.65, 1, 5642
26051, 18668, 71.66, 72, 48.65, 1, 5642
26052, 18669, 71.66, 72, 48.65, 1, 5642
26053, 18670, 71.66, 72, 48.65, 1, 5642
26054, 18671, 71.66, 72, 48.65, 1, 5642
26055, 18672, 71.66, 72, 48.65, 1, 5642
26056, 18673, 71.66, 72, 48.65, 1, 5642
26057, 18673, 71.66, 72, 48.65, 1, 5643
26058, 18673, 71.66, 72, 48.65, 1, 5644
26059, 18674, 71.66, 72, 48.65, 1, 5644
26060, 18675, 71.66, 72, 48.65, 1, 5644
26061, 18676, 71.66, 72, 48.65, 1, 5644
26062, 18677, 71.66, 72, 48.65, 1, 5644
26063, 18678, 71.66, 72, 48.65, 1, 5644
26064, 18679, 71.67, 72, 48.65, 1, 5644
26065, 18680, 71.67, 72, 48.65, 1, 5644
26066, 18680, 71.66, 72, 48.65, 1, 5645
26067, 18680, 71.66, 72, 48.65, 1, 5646
26068, 18681, 71.66, 72, 48.65, 1, 5646
26069, 18682, 71.66, 72, 48.65, 1, 5646
26070, 18682, 71.66, 72, 48.65, 1, 5646
26071, 18683, 71.66, 72, 48.65, 1, 5646
26072, 18684, 71.66, 72, 48.65, 1, 5646
26073, 18685, 71.66, 72, 48.65, 1, 5646
26074, 18685, 71.66, 72, 48.65, 1, 5647
26075, 18686, 71.66, 72, 48.65, 1, 5647
26076, 18687, 71.66, 72, 48.65, 1, 5647
26077, 18688, 71.66, 72, 48.65, 1, 5647
26078, 18689, 71.67, 72, 48.65, 1, 5647
26079, 18689, 71.66, 72, 48.65, 1, 5648
26080, 18690, 71.66, 72, 48.65, 1, 5648
26081, 18691, 71.67, 72, 48.65, 1, 5648
26082, 18691, 71.66, 72, 48.65, 1, 5649
26083, 18692, 71.66, 72, 48.65, 1, 5649
26084, 18693, 71.66, 72, 48.65, 1, 5649
26085, 18694, 71.67, 72, 48.65, 1, 5649
26086, 18695, 71.67, 72, 48.65, 1, 5649
26087, 18696, 71.67, 72, 48.65, 1, 5649
26088, 18697, 71.67, 72, 48.65, 1, 5649
26089, 18698, 71.67, 72, 48.65, 1, 5649
26090, 18699, 71.67, 72, 48.65, 1, 5649
26091, 18700, 71.67, 72, 48.65, 1, 5649
26092, 18701, 71.67, 72, 48.65, 1, 5649
26093, 18702, 71.67, 72, 48.65, 1, 5649
26094, 18703, 71.68, 72, 48.65, 1, 5649
26095, 18704, 71.68, 72, 48.65, 1, 5649
26096, 18704, 71.67, 72, 48.65, 1, 5650
26097, 18705, 71.67, 72, 48.65, 1, 5650
26098, 18706, 71.68, 72, 48.65, 1, 5650
26099, 18707, 71.68, 72, 48.65, 1, 5650
26100, 18708, 71.68, 72, 48.65, 1, 5650
26101, 18709, 71.68, 72, 48.65, 1, 5650
26102, 18709, 71.68, 72, 48.65, 1, 5651
26103, 18710, 71.68, 72, 48.65, 1, 5651
26104, 18711, 71.68, 72, 48.65, 1, 5651
26105, 18711, 71.68, 72, 48.65, 1, 5652
26106, 18711, 71.67, 72, 48.65, 1, 5653
26107, 18712, 71.67, 72, 48.65, 1, 5653
26108, 18713, 71.68, 72, 48.65, 1, 5653
26109, 18714, 71.68, 72, 48.65, 1, 5653
26110, 18714, 71.67, 72, 48.65, 1, 5654
26111, 18714, 71.67, 72, 48.65, 1, 5655
26112, 18715, 71.67, 72, 48.65, 1, 5655
26113, 18716, 71.67, 72, 48.65, 1, 5655
26114, 18716, 71.67, 72, 48.65, 1, 5656
26115, 18716, 71.67, 72, 48.65, 1, 5657
26116, 18717, 71.67, 72, 48.65, 1, 5657
26117, 18717, 71.67, 72, 48.65, 1, 5657
26118, 18718, 71.67, 72, 48.65, 1, 5657
26119, 18719, 71.67, 72, 48.65, 1, 5657
26120, 18720, 71.67, 72, 48.65, 1, 5657
26121, 18720, 71.67, 72, 48.65, 1, 5658
26122, 18721, 71.67, 72, 48.65, 1, 5658
26123, 18722, 71.67, 72, 48.65, 1, 5658
26124, 18723, 71.67, 72, 48.65, 1, 5658
26125, 18723, 71.67, 72, 48.65, 1, 5659
26126, 18724, 71.67, 72, 48.65, 1, 5659
26127, 18725, 71.67, 72, 48.65, 1, 5659
26128, 18725, 71.67, 72, 48.65, 1, 5660
26129, 18726, 71.67, 72, 48.65, 1, 5660
26130, 18727, 71.67, 72, 48.65, 1, 5660
26131, 18728, 71.67, 72, 48.65, 1, 5660
26132, 18729, 71.67, 72, 48.65, 1, 5660
26133, 18729, 71.67, 72, 48.65, 1, 5661
26134, 18730, 71.67, 72, 48.65, 1, 5661
26135, 18730, 71.67, 72, 48.65, 1, 5662
26136, 18730, 71.66, 72, 48.65, 1, 5663
26137, 18731, 71.66, 72, 48.65, 1, 5663
26138, 18732, 71.67, 72, 48.65, 1, 5663
26139, 18733, 71.67, 72, 48.65, 1, 5663
26140, 18734, 71.67, 72, 48.65, 1, 5663
26141, 18735, 71.67, 72, 48.65, 1, 5663
26142, 18736, 71.67, 72, 48.65, 1, 5663
26143, 18737, 71.67, 72, 48.65, 1, 5663
26144, 18738, 71.67, 72, 48.65, 1, 5663
26145, 18739, 71.67, 72, 48.65, 1, 5663
26146, 18740, 71.67, 72, 48.65, 1, 5663
26147, 18740, 71.67, 72, 48.65, 1, 5664
26148, 18740, 71.67, 72, 48.65, 1, 5664
26149, 18741, 71.67, 72, 48.65, 1, 5664
26150, 18742, 71.67, 72, 48.65, 1, 5664
26151, 18743, 71.67, 72, 48.65, 1, 5664
26152, 18744, 71.67, 72, 48.65, 1, 5664
26153, 18745, 71.67, 72, 48.65, 1, 5664
26154, 18746, 71.68, 72, 48.65, 1, 5664
26155, 18746, 71.67, 72, 48.65, 1, 5664
26156, 18746, 71.67, 72, 48.65, 1, 5665
26157, 18747, 71.67, 72, 48.65, 1, 5665
26158, 18748, 71.67, 72, 48.65, 1, 5665
26159, 18749, 71.67, 72, 48.65, 1, 5665
26160, 18749, 71.67, 72, 48.65, 1, 5666
26161, 18750, 71.67, 72, 48.65, 1, 5666
26162, 18751, 71.67, 72, 48.65, 1, 5666
26163, 18752, 71.67, 72, 48.65, 1, 5666
26164, 18753, 71.67, 72, 48.65, 1, 5666
26165, 18753, 71.67, 72, 48.65, 1, 5666
26166, 18754, 71.67, 72, 48.65, 1, 5666
26167, 18755, 71.67, 72, 48.65, 1, 5666
26168, 18755, 71.67, 72, 48.65, 1, 5667
26169, 18756, 71.67, 72, 48.65, 1, 5667
26170, 18757, 71.67, 72, 48.65, 1, 5667
26171, 18758, 71.67, 72, 48.65, 1, 5667
26172, 18759, 71.68, 72, 48.65, 1, 5667
26173, 18760, 71.68, 72, 48.65, 1, 5667
26174, 18761, 71.68, 72, 48.65, 1, 5667
26175, 18762, 71.68, 72, 48.65, 1, 5667
26176, 18763, 71.68, 72, 48.65, 1, 5667
26177, 18764, 71.68, 72, 48.65, 1, 5667
26178, 18764, 71.68, 72, 48.65, 1, 5668
26179, 18765, 71.68, 72, 48.65, 1, 5668
26180, 18765, 71.68, 72, 48.65, 1, 5669
26181, 18766, 71.68, 72, 48.65, 1, 5669
26182, 18767, 71.68, 72, 48.65, 1, 5669
26183, 18767, 71.68, 72, 48.65, 1, 5670
26184, 18768, 71.68, 72, 48.65, 1, 5670
26185, 18769, 71.68, 72, 48.65, 1, 5670
26186, 18770, 71.68, 72, 48.65, 1, 5670
26187, 18771, 71.68, 72, 48.65, 1, 5670
26188, 18771, 71.68, 72, 48.65, 1, 5671
26189, 18772, 71.68, 72, 48.65, 1, 5671
26190, 18772, 71.68, 72, 48.65, 1, 5671
26191, 18773, 71.68, 72, 48.65, 1, 5671
26192, 18774, 71.68, 72, 48.65, 1, 5671
26193, 18774, 71.68, 72, 48.65, 1, 5671
26194, 18775, 71.68, 72, 48.65, 1, 5671
26195, 18776, 71.68, 72, 48.65, 1, 5671
26196, 18777, 71.68, 72, 48.65, 1, 5671
26197, 18778, 71.68, 72, 48.65, 1, 5671
26198, 18778, 71.68, 72, 48.65, 1, 5672
26199, 18778, 71.67, 72, 48.65, 1, 5673
26200, 18779, 71.68, 72, 48.65, 1, 5673
26201, 18780, 71.68, 72, 48.65, 1, 5673
26202, 18781, 71.68, 72, 48.65, 1, 5673
26203, 18781, 71.67, 72, 48.65, 1, 5674
26204, 18781, 71.67, 72, 48.65, 1, 5675
26205, 18782, 71.67, 72, 48.65, 1, 5675
26206, 18783, 71.67, 72, 48.65, 1, 5675
26207, 18783, 71.67, 72, 48.65, 1, 5676
26208, 18784, 71.67, 72, 48.65, 1, 5676
26209, 18785, 71.67, 72, 48.65, 1, 5676
26210, 18786, 71.67, 72, 48.65, 1, 5676
26211, 18786, 71.67, 72, 48.65, 1, 5676
26212, 18786, 71.67, 72, 48.65, 1, 5676
26213, 18787, 71.67, 72, 48.65, 1, 5676
26214, 18788, 71.67, 72, 48.65, 1, 5676
26215, 18789, 71.67, 72, 48.65, 1, 5676
26216, 18790, 71.67, 72, 48.65, 1, 5676
26217, 18790, 71.67, 72, 48.65, 1, 5676
26218, 18791, 71.67, 72, 48.65, 1, 5676
26219, 18792, 71.67, 72, 48.65, 1, 5676
26220, 18793, 71.67, 72, 48.65, 1, 5676
26221, 18794, 71.68, 72, 48.65, 1, 5676
26222, 18795, 71.68, 72, 48.65, 1, 5676
26223, 18795, 71.67, 72, 48.65, 1, 5676
26224, 18796, 71.67, 72, 48.65, 1, 5676
26225, 18797, 71.68, 72, 48.65, 1, 5676
26226, 18798, 71.68, 72, 48.65, 1, 5676
26227, 18799, 71.68, 72, 48.65, 1, 5676
26228, 18799, 71.68, 72, 48.65, 1, 5677
26229, 18799, 71.67, 72, 48.65, 1, 5678
26230, 18799, 71.67, 72, 48.65, 1, 5678
26231, 18800, 71.67, 72, 48.65, 1, 5678
26232, 18801, 71.67, 72, 48.65, 1, 5678
26233, 18801, 71.67, 72, 48.65, 1, 5678
26234, 18802, 71.67, 72, 48.65, 1, 5678
26235, 18802, 71.67, 72, 48.65, 1, 5679
26236, 18803, 71.67, 72, 48.65, 1, 5679
26237, 18804, 71.67, 72, 48.65, 1, 5679
26238, 18805, 71.67, 72, 48.65, 1, 5679
26239, 18805, 71.67, 72, 48.65, 1, 5679
26240, 18806, 71.67, 72, 48.65, 1, 5679
26241, 18807, 71.67, 72, 48.65, 1, 5679
26242, 18808, 71.67, 72, 48.65, 1, 5679
26243, 18808, 71.67, 72, 48.65, 1, 5679
26244, 18808, 71.67, 72, 48.65, 1, 5680
26245, 18808, 71.66, 72, 48.65, 1, 5681
26246, 18809, 71.66, 72, 48.65, 1, 5681
26247, 18809, 71.66, 72, 48.65, 1, 5682
26248, 18810, 71.66, 72, 48.65, 1, 5682
26249, 18811, 71.66, 72, 48.65, 1, 5682
26250, 18812, 71.66, 72, 48.65, 1, 5682
26251, 18813, 71.67, 72, 48.65, 1, 5682
26252, 18814, 71.67, 72, 48.65, 1, 5682
26253, 18815, 71.67, 72, 48.65, 1, 5682
26254, 18816, 71.67, 72, 48.65, 1, 5682
26255, 18817, 71.67, 72, 48.65, 1, 5682
26256, 18818, 71.67, 72, 48.65, 1, 5682
26257, 18819, 71.67, 72, 48.65, 1, 5682
26258, 18819, 71.67, 72, 48.65, 1, 5683
26259, 18819, 71.67, 72, 48.65, 1, 5684
26260, 18819, 71.66, 72, 48.65, 1, 5685
26261, 18820, 71.67, 72, 48.65, 1, 5685
26262, 18821, 71.67, 72, 48.65, 1, 5685
26263, 18821, 71.66, 72, 48.65, 1, 5686
26264, 18822, 71.66, 72, 48.65, 1, 5686
26265, 18823, 71.67, 72, 48.65, 1, 5686
26266, 18824, 71.67, 72, 48.65, 1, 5686
26267, 18824, 71.66, 72, 48.65, 1, 5687
26268, 18824, 71.66, 72, 48.65, 1, 5687
26269, 18825, 71.66, 72, 48.65, 1, 5687
26270, 18826, 71.66, 72, 48.65, 1, 5687
26271, 18827, 71.66, 72, 48.65, 1, 5687
26272, 18828, 71.67, 72, 48.65, 1, 5687
26273, 18829, 71.67, 72, 48.65, 1, 5687
26274, 18830, 71.67, 72, 48.65, 1, 5687
26275, 18831, 71.67, 72, 48.65, 1, 5687
26276, 18831, 71.67, 72, 48.65, 1, 5688
26277, 18831, 71.66, 72, 48.65, 1, 5689
26278, 18832, 71.66, 72, 48.65, 1, 5689
26279, 18833, 71.67, 72, 48.65, 1, 5689
26280, 18834, 71.67, 72, 48.65, 1, 5689
26281, 18835, 71.67, 72, 48.65, 1, 5689
26282, 18836, 71.67, 72, 48.65, 1, 5689
26283, 18837, 71.67, 72, 48.65, 1, 5689
26284, 18838, 71.67, 72, 48.65, 1, 5689
26285, 18839, 71.67, 72, 48.65, 1, 5689
26286, 18840, 71.67, 72, 48.65, 1, 5689
26287, 18840, 71.67, 72, 48.65, 1, 5689
26288, 18841, 71.67, 72, 48.65, 1, 5689
26289, 18842, 71.67, 72, 48.65, 1, 5689
26290, 18843, 71.67, 72, 48.65, 1, 5689
26291, 18844, 71.67, 72, 48.65, 1, 5689
26292, 18845, 71.68, 72, 48.65, 1, 5689
26293, 18846, 71.68, 72, 48.65, 1, 5689
26294, 18846, 71.67, 72, 48.65, 1, 5690
26295, 18847, 71.68, 72, 48.65, 1, 5690
26296, 18848, 71.68, 72, 48.65, 1, 5690
26297, 18849, 71.68, 72, 48.65, 1, 5690
26298, 18849, 71.67, 72, 48.65, 1, 5691
26299, 18850, 71.68, 72, 48.65, 1, 5691
26300, 18851, 71.68, 72, 48.65, 1, 5691
26301, 18852, 71.68, 72, 48.65, 1, 5691
26302, 18853, 71.68, 72, 48.65, 1, 5691
26303, 18853, 71.68, 72, 48.65, 1, 5692
26304, 18853, 71.67, 72, 48.65, 1, 5692
26305, 18854, 71.67, 72, 48.65, 1, 5692
26306, 18855, 71.68, 72, 48.65, 1, 5692
26307, 18856, 71.68, 72, 48.65, 1, 5692
26308, 18857, 71.68, 72, 48.65, 1, 5692
26309, 18858, 71.68, 72, 48.65, 1, 5692
26310, 18858, 71.68, 72, 48.65, 1, 5693
26311, 18859, 71.68, 72, 48.65, 1, 5693
26312, 18860, 71.68, 72, 48.65, 1, 5693
26313, 18861, 71.68, 72, 48.65, 1, 5693
26314, 18862, 71.68, 72, 48.65, 1, 5693
26315, 18863, 71.68, 72, 48.65, 1, 5693
26316, 18863, 71.68, 72, 48.65, 1, 5694
26317, 18863, 71.68, 72, 48.65, 1, 5695
26318, 18864, 71.68, 72, 48.65, 1, 5695
26319, 18865, 71.68, 72, 48.65, 1, 5695
26320, 18866, 71.68, 72, 48.65, 1, 5695
26321, 18866, 71.68, 72, 48.65, 1, 5696
26322, 18867, 71.68, 72, 48.65, 1, 5696
26323, 18868, 71.68, 72, 48.65, 1, 5696
26324, 18868, 71.68, 72, 48.65, 1, 5697
26325, 18869, 71.68, 72, 48.65, 1, 5697
26326, 18870, 71.68, 72, 48.65, 1, 5697
26327, 18871, 71.68, 72, 48.65, 1, 5697
26328, 18871, 71.68, 72, 48.65, 1, 5698
26329, 18872, 71.68, 72, 48.65, 1, 5698
26330, 18872, 71.67, 72, 48.65, 1, 5699
26331, 18873, 71.68, 72, 48.65, 1, 5699
26332, 18874, 71.68, 72, 48.65, 1, 5699
26333, 18875, 71.68, 72, 48.65, 1, 5699
26334, 18875, 71.68, 72, 48.65, 1, 5700
26335, 18875, 71.67, 72, 48.65, 1, 5701
26336, 18876, 71.67, 72, 48.65, 1, 5701
26337, 18877, 71.67, 72, 48.65, 1, 5701
26338, 18878, 71.68, 72, 48.65, 1, 5701
26339, 18878, 71.67, 72, 48.65, 1, 5702
26340, 18879, 71.67, 72, 48.65, 1, 5702
26341, 18880, 71.68, 72, 48.65, 1, 5702
26342, 18881, 71.68, 72, 48.65, 1, 5702
26343, 18882, 71.68, 72, 48.65, 1, 5702
26344, 18883, 71.68, 72, 48.65, 1, 5702
26345, 18884, 71.68, 72, 48.65, 1, 5702
26346, 18885, 71.68, 72, 48.65, 1, 5702
26347, 18885, 71.68, 72, 48.65, 1, 5703
26348, 18886, 71.68, 72, 48.65, 1, 5703
26349, 18887, 71.68, 72, 48.65, 1, 5703
26350, 18888, 71.68, 72, 48.65, 1, 5703
26351, 18889, 71.68, 72, 48.65, 1, 5703
26352, 18889, 71.68, 72, 48.65, 1, 5704
26353, 18890, 71.68, 72, 48.65, 1, 5704
26354, 18891, 71.68, 72, 48.65, 1, 5704
26355, 18892, 71.68, 72, 48.65, 1, 5704
26356, 18893, 71.68, 72, 48.65, 1, 5704
26357, 18893, 71.68, 72, 48.65, 1, 5705
26358, 18894, 71.68, 72, 48.65, 1, 5705
26359, 18895, 71.68, 72, 48.65, 1, 5705
26360, 18896, 71.68, 72, 48.65, 1, 5705
26361, 18896, 71.68, 72, 48.65, 1, 5706
26362, 18897, 71.68, 72, 48.65, 1, 5706
26363, 18897, 71.68, 72, 48.65, 1, 5707
26364, 18898, 71.68, 72, 48.65, 1, 5707
26365, 18899, 71.68, 72, 48.65, 1, 5707
26366, 18900, 71.68, 72, 48.65, 1, 5707
26367, 18900, 71.68, 72, 48.65, 1, 5708
26368, 18901, 71.68, 72, 48.65, 1, 5708
26369, 18902, 71.68, 72, 48.65, 1, 5708
26370, 18903, 71.68, 72, 48.65, 1, 5708
26371, 18904, 71.68, 72, 48.65, 1, 5708
26372, 18905, 71.69, 72, 48.65, 1, 5708
26373, 18906, 71.69, 72, 48.65, 1, 5708
26374, 18907, 71.69, 72, 48.65, 1, 5708
26375, 18908, 71.69, 72, 48.65, 1, 5708
26376, 18908, 71.69, 72, 48.65, 1, 5709
26377, 18909, 71.69, 72, 48.65, 1, 5709
26378, 18910, 71.69, 72, 48.65, 1, 5709
26379, 18910, 71.69, 72, 48.65, 1, 5710
26380, 18911, 71.69, 72, 48.65, 1, 5710
26381, 18911, 71.68, 72, 48.65, 1, 5710
26382, 18912, 71.69, 72, 48.65, 1, 5710
26383, 18912, 71.68, 72, 48.65, 1, 5711
26384, 18913, 71.68, 72, 48.65, 1, 5711
26385, 18914, 71.68, 72, 48.65, 1, 5711
26386, 18915, 71.69, 72, 48.65, 1, 5711
26387, 18916, 71.69, 72, 48.65, 1, 5711
26388, 18916, 71.68, 72, 48.65, 1, 5712
26389, 18917, 71.69, 72, 48.65, 1, 5712
26390, 18918, 71.69, 72, 48.65, 1, 5712
26391, 18919, 71.69, 72, 48.65, 1, 5712
26392, 18919, 71.68, 72, 48.65, 1, 5712
26393, 18919, 71.68, 72, 48.65, 1, 5713
26394, 18920, 71.68, 72, 48.65, 1, 5713
26395, 18921, 71.68, 72, 48.65, 1, 5713
26396, 18922, 71.69, 72, 48.65, 1, 5713
26397, 18922, 71.68, 72, 48.65, 1, 5714
26398, 18923, 71.68, 72, 48.65, 1, 5714
26399, 18924, 71.68, 72, 48.65, 1, 5714
26400, 18925, 71.69, 72, 48.65, 1, 5714
26401, 18925, 71.68, 72, 48.65, 1, 5715
26402, 18926, 71.68, 72, 48.65, 1, 5715
26403, 18927, 71.69, 72, 48.65, 1, 5715
26404, 18928, 71.69, 72, 48.65, 1, 5715
26405, 18928, 71.68, 72, 48.65, 1, 5716
26406, 18928, 71.68, 72, 48.65, 1, 5717
26407, 18929, 71.68, 72, 48.65, 1, 5717
26408, 18929, 71.68, 72, 48.65, 1, 5718
26409, 18929, 71.68, 72, 48.65, 1, 5719
26410, 18930, 71.68, 72, 48.65, 1, 5719
26411, 18931, 71.68, 72, 48.65, 1, 5719
26412, 18931, 71.68, 72, 48.65, 1, 5719
26413, 18932, 71.68, 72, 48.65, 1, 5719
26414, 18932, 71.67, 72, 48.65, 1, 5719
26415, 18933, 71.68, 72, 48.65, 1, 5719
26416, 18934, 71.68, 72, 48.65, 1, 5719
26417, 18935, 71.68, 72, 48.65, 1, 5719
26418, 18936, 71.68, 72, 48.65, 1, 5719
26419, 18937, 71.68, 72, 48.65, 1, 5719
26420, 18938, 71.68, 72, 48.65, 1, 5719
26421, 18939, 71.68, 72, 48.65, 1, 5719
26422, 18940, 71.68, 72, 48.65, 1, 5719
26423, 18940, 71.68, 72, 48.65, 1, 5719
26424, 18940, 71.68, 72, 48.65, 1, 5720
26425, 18940, 71.67, 72, 48.65, 1, 5721
26426, 18940, 71.67, 72, 48.65, 1, 5721
26427, 18940, 71.67, 72, 48.65, 1, 5722
26428, 18940, 71.67, 72, 48.65, 1, 5722
26429, 18941, 71.67, 72, 48.65, 1, 5722
26430, 18942, 71.67, 72, 48.65, 1, 5722
26431, 18943, 71.67, 72, 48.65, 1, 5722
26432, 18943, 71.67, 72, 48.65, 1, 5722
26433, 18943, 71.66, 72, 48.65, 1, 5723
26434, 18944, 71.67, 72, 48.65, 1, 5723
26435, 18945, 71.67, 72, 48.65, 1, 5723
26436, 18946, 71.67, 72, 48.65, 1, 5723
26437, 18946, 71.66, 72, 48.65, 1, 5724
26438, 18946, 71.66, 72, 48.65, 1, 5724
26439, 18947, 71.66, 72, 48.65, 1, 5724
26440, 18948, 71.66, 72, 48.65, 1, 5724
26441, 18949, 71.67, 72, 48.65, 1, 5724
26442, 18950, 71.67, 72, 48.65, 1, 5724
26443, 18951, 71.67, 72, 48.65, 1, 5724
26444, 18952, 71.67, 72, 48.65, 1, 5724
26445, 18953, 71.67, 72, 48.65, 1, 5724
26446, 18954, 71.67, 72, 48.65, 1, 5724
26447, 18955, 71.67, 72, 48.65, 1, 5724
26448, 18955, 71.67, 72, 48.65, 1, 5724
26449, 18955, 71.67, 72, 48.65, 1, 5724
26450, 18955, 71.66, 72, 48.65, 1, 5725
26451, 18955, 71.66, 72, 48.65, 1, 5726
26452, 18955, 71.66, 72, 48.65, 1, 5727
26453, 18956, 71.66, 72, 48.65, 1, 5727
26454, 18957, 71.66, 72, 48.65, 1, 5727
26455, 18957, 71.66, 72, 48.65, 1, 5728
26456, 18958, 71.66, 72, 48.65, 1, 5728
26457, 18959, 71.66, 72, 48.65, 1, 5728
26458, 18960, 71.66, 72, 48.65, 1, 5728
26459, 18961, 71.66, 72, 48.65, 1, 5728
26460, 18962, 71.66, 72, 48.65, 1, 5728
26461, 18963, 71.66, 72, 48.65, 1, 5728
26462, 18964, 71.67, 72, 48.65, 1, 5728
26463, 18964, 71.66, 72, 48.65, 1, 5729
26464, 18965, 71.66, 72, 48.65, 1, 5729
26465, 18965, 71.66, 72, 48.65, 1, 5729
26466, 18966, 71.66, 72, 48.65, 1, 5729
26467, 18966, 71.66, 72, 48.65, 1, 5729
26468, 18967, 71.66, 72, 48.65, 1, 5729
26469, 18968, 71.66, 72, 48.65, 1, 5729
26470, 18969, 71.66, 72, 48.65, 1, 5729
26471, 18969, 71.66, 72, 48.65, 1, 5729
26472, 18969, 71.66, 72, 48.65, 1, 5729
26473, 18969, 71.65, 72, 48.65, 1, 5729
26474, 18969, 71.65, 72, 48.65, 1, 5730
26475, 18969, 71.65, 72, 48.65, 1, 5731
26476, 18969, 71.65, 72, 48.65, 1, 5732
26477, 18970, 71.65, 72, 48.65, 1, 5732
26478, 18971, 71.65, 72, 48.65, 1, 5732
26479, 18972, 71.65, 72, 48.65, 1, 5732
26480, 18973, 71.65, 72, 48.65, 1, 5732
26481, 18974, 71.65, 72, 48.65, 1, 5732
26482, 18975, 71.65, 72, 48.65, 1, 5732
26483, 18976, 71.65, 72, 48.65, 1, 5732
26484, 18977, 71.65, 72, 48.65, 1, 5732
26485, 18978, 71.66, 72, 48.65, 1, 5732
26486, 18979, 71.66, 72, 48.65, 1, 5732
26487, 18979, 71.65, 72, 48.65, 1, 5733
26488, 18980, 71.66, 72, 48.65, 1, 5733
26489, 18981, 71.66, 72, 48.65, 1, 5733
26490, 18982, 71.66, 72, 48.65, 1, 5733
26491, 18983, 71.66, 72, 48.65, 1, 5733
26492, 18983, 71.66, 72, 48.65, 1, 5734
26493, 18984, 71.66, 72, 48.65, 1, 5734
26494, 18985, 71.66, 72, 48.65, 1, 5734
26495, 18986, 71.66, 72, 48.65, 1, 5734
26496, 18986, 71.66, 72, 48.65, 1, 5735
26497, 18987, 71.66, 72, 48.65, 1, 5735
26498, 18987, 71.65, 72, 48.65, 1, 5735
26499, 18988, 71.66, 72, 48.65, 1, 5735
26500, 18989, 71.66, 72, 48.65, 1, 5735
26501, 18989, 71.65, 72, 48.65, 1, 5735
26502, 18990, 71.65, 72, 48.65, 1, 5735
26503, 18991, 71.66, 72, 48.65, 1, 5735
26504, 18992, 71.66, 72, 48.65, 1, 5735
26505, 18993, 71.66, 72, 48.65, 1, 5735
26506, 18994, 71.66, 72, 48.65, 1, 5735
26507, 18995, 71.66, 72, 48.65, 1, 5735
26508, 18996, 71.66, 72, 48.65, 1, 5735
26509, 18996, 71.66, 72, 48.65, 1, 5736
26510, 18997, 71.66, 72, 48.65, 1, 5736
26511, 18998, 71.66, 72, 48.65, 1, 5736
26512, 18999, 71.66, 72, 48.65, 1, 5736
26513, 18999, 71.66, 72, 48.65, 1, 5737
26514, 19000, 71.66, 72, 48.65, 1, 5737
26515, 19001, 71.66, 72, 48.65, 1, 5737
26516, 19002, 71.66, 72, 48.65, 1, 5737
26517, 19003, 71.66, 72, 48.65, 1, 5737
26518, 19003, 71.66, 72, 48.65, 1, 5738
26519, 19004, 71.66, 72, 48.65, 1, 5738
26520, 19004, 71.66, 72, 48.65, 1, 5739
26521, 19004, 71.66, 72, 48.65, 1, 5740
26522, 19005, 71.66, 72, 48.65, 1, 5740
26523, 19006, 71.66, 72, 48.65, 1, 5740
26524, 19006, 71.66, 72, 48.65, 1, 5741
26525, 19006, 71.65, 72, 48.65, 1, 5742
26526, 19007, 71.65, 72, 48.65, 1, 5742
26527, 19008, 71.66, 72, 48.65, 1, 5742
26528, 19009, 71.66, 72, 48.65, 1, 5742
26529, 19010, 71.66, 72, 48.65, 1, 5742
26530, 19010, 71.65, 72, 48.65, 1, 5743
26531, 19011, 71.66, 72, 48.65, 1, 5743
26532, 19012, 71.66, 72, 48.65, 1, 5743
26533, 19013, 71.66, 72, 48.65, 1, 5743
26534, 19014, 71.66, 72, 48.65, 1, 5743
26535, 19014, 71.66, 72, 48.65, 1, 5744
26536, 19014, 71.65, 72, 48.65, 1, 5745
26537, 19015, 71.65, 72, 48.65, 1, 5745
26538, 19016, 71.66, 72, 48.65, 1, 5745
26539, 19017, 71.66, 72, 48.65, 1, 5745
26540, 19018, 71.66, 72, 48.65, 1, 5745
26541, 19019, 71.66, 72, 48.65, 1, 5745
26542, 19020, 71.66, 72, 48.65, 1, 5745
26543, 19021, 71.66, 72, 48.65, 1, 5745
26544, 19021, 71.66, 72, 48.65, 1, 5746
26545, 19022, 71.66, 72, 48.65, 1, 5746
26546, 19023, 71.66, 72, 48.65, 1, 5746
26547, 19024, 71.66, 72, 48.65, 1, 5746
26548, 19025, 71.66, 72, 48.65, 1, 5746
26549, 19026, 71.66, 72, 48.65, 1, 5746
26550, 19026, 71.66, 72, 48.65, 1, 5747
26551, 19027, 71.66, 72, 48.65, 1, 5747
26552, 19028, 71.66, 72, 48.65, 1, 5747
26553, 19029, 71.66, 72, 48.65, 1, 5747
26554, 19030, 71.67, 72, 48.65, 1, 5747
26555, 19030, 71.66, 72, 48.65, 1, 5748
26556, 19031, 71.66, 72, 48.65, 1, 5748
26557, 19031, 71.66, 72, 48.65, 1, 5748
26558, 19032, 71.66, 72, 48.65, 1, 5748
26559, 19033, 71.66, 72, 48.65, 1, 5748
26560, 19034, 71.66, 72, 48.65, 1, 5748
26561, 19035, 71.67, 72, 48.65, 1, 5748
26562, 19036, 71.67, 72, 48.65, 1, 5748
26563, 19036, 71.66, 72, 48.65, 1, 5748
26564, 19036, 71.66, 72, 48.65, 1, 5749
26565, 19036, 71.66, 72, 48.65, 1, 5750
26566, 19037, 71.66, 72, 48.65, 1, 5750
26567, 19037, 71.66, 72, 48.65, 1, 5751
26568, 19038, 71.66, 72, 48.65, 1, 5751
26569, 19039, 71.66, 72, 48.65, 1, 5751
26570, 19040, 71.66, 72, 48.65, 1, 5751
26571, 19041, 71.66, 72, 48.65, 1, 5751
26572, 19042, 71.66, 72, 48.65, 1, 5751
26573, 19043, 71.66, 72, 48.65, 1, 5751
26574, 19043, 71.66, 72, 48.65, 1, 5752
26575, 19044, 71.66, 72, 48.65, 1, 5752
26576, 19045, 71.66, 72, 48.65, 1, 5752
26577, 19046, 71.66, 72, 48.65, 1, 5752
26578, 19047, 71.66, 72, 48.65, 1, 5752
26579, 19048, 71.67, 72, 48.65, 1, 5752
26580, 19049, 71.67, 72, 48.65, 1, 5752
26581, 19050, 71.67, 72, 48.65, 1, 5752
26582, 19051, 71.67, 72, 48.65, 1, 5752
26583, 19052, 71.67, 72, 48.65, 1, 5752
26584, 19053, 71.67, 72, 48.65, 1, 5752
26585, 19053, 71.67, 72, 48.65, 1, 5753
26586, 19054, 71.67, 72, 48.65, 1, 5753
26587, 19055, 71.67, 72, 48.65, 1, 5753
26588, 19056, 71.67, 72, 48.65, 1, 5753
26589, 19056, 71.67, 72, 48.65, 1, 5754
26590, 19057, 71.67, 72, 48.65, 1, 5754
26591, 19057, 71.67, 72, 48.65, 1, 5755
26592, 19058, 71.67, 72, 48.65, 1, 5755
26593, 19059, 71.67, 72, 48.65, 1, 5755
26594, 19060, 71.67, 72, 48.65, 1, 5755
26595, 19061, 71.67, 72, 48.65, 1, 5755
26596, 19062, 71.67, 72, 48.65, 1, 5755
26597, 19063, 71.67, 72, 48.65, 1, 5755
26598, 19064, 71.67, 72, 48.65, 1, 5755
26599, 19064, 71.67, 72, 48.65, 1, 5755
26600, 19064, 71.67, 72, 48.65, 1, 5755
26601, 19065, 71.67, 72, 48.65, 1, 5755
26602, 19066, 71.67, 72, 48.65, 1, 5755
26603, 19067, 71.67, 72, 48.65, 1, 5755
26604, 19067, 71.67, 72, 48.65, 1, 5755
26605, 19068, 71.67, 72, 48.65, 1, 5755
26606, 19069, 71.67, 72, 48.65, 1, 5755
26607, 19070, 71.67, 72, 48.65, 1, 5755
26608, 19071, 71.67, 72, 48.65, 1, 5755
26609, 19071, 71.67, 72, 48.65, 1, 5755
26610, 19072, 71.67, 72, 48.65, 1, 5755
26611, 19072, 71.67, 72, 48.65, 1, 5755
26612, 19073, 71.67, 72, 48.65, 1, 5755
26613, 19074, 71.67, 72, 48.65, 1, 5755
26614, 19074, 71.67, 72, 48.65, 1, 5756
26615, 19075, 71.67, 72, 48.65, 1, 5756
26616, 19076, 71.67, 72, 48.65, 1, 5756
26617, 19077, 71.67, 72, 48.65, 1, 5756
26618, 19078, 71.67, 72, 48.65, 1, 5756
26619, 19079, 71.67, 72, 48.65, 1, 5756
26620, 19079, 71.67, 72, 48.65, 1, 5757
26621, 19080, 71.67, 72, 48.65, 1, 5757
26622, 19081, 71.67, 72, 48.65, 1, 5757
26623, 19082, 71.67, 72, 48.65, 1, 5757
26624, 19082, 71.67, 72, 48.65, 1, 5757
26625, 19082, 71.67, 72, 48.65, 1, 5757
26626, 19083, 71.67, 72, 48.65, 1, 5757
26627, 19084, 71.67, 72, 48.65, 1, 5757
26628, 19085, 71.67, 72, 48.65, 1, 5757
26629, 19085, 71.67, 72, 48.65, 1, 5757
26630, 19085, 71.67, 72, 48.65, 1, 5757
26631, 19086, 71.67, 72, 48.65, 1, 5757
26632, 19087, 71.67, 72, 48.65, 1, 5757
26633, 19087, 71.67, 72, 48.65, 1, 5758
26634, 19088, 71.67, 72, 48.65, 1, 5758
26635, 19089, 71.67, 72, 48.65, 1, 5758
26636, 19090, 71.67, 72, 48.65, 1, 5758
26637, 19091, 71.67, 72, 48.65, 1, 5758
26638, 19092, 71.67, 72, 48.65, 1, 5758
26639, 19093, 71.67, 72, 48.65, 1, 5758
26640, 19094, 71.67, 72, 48.65, 1, 5758
26641, 19095, 71.68, 72, 48.65, 1, 5758
26642, 19096, 71.68, 72, 48.65, 1, 5758
26643, 19097, 71.68, 72, 48.65, 1, 5758
26644, 19098, 71.68, 72, 48.65, 1, 5758
26645, 19099, 71.68, 72, 48.65, 1, 5758
26646, 19100, 71.68, 72, 48.65, 1, 5758
26647, 19100, 71.68, 72, 48.65, 1, 5759
26648, 19101, 71.68, 72, 48.65, 1, 5759
26649, 19102, 71.68, 72, 48.65, 1, 5759
26650, 19103, 71.68, 72, 48.65, 1, 5759
26651, 19103, 71.68, 72, 48.65, 1, 5759
26652, 19104, 71.68, 72, 48.65, 1, 5759
26653, 19105, 71.68, 72, 48.65, 1, 5759
26654, 19105, 71.68, 72, 48.65, 1, 5760
26655, 19106, 71.68, 72, 48.65, 1, 5760
26656, 19107, 71.68, 72, 48.65, 1, 5760
26657, 19107, 71.68, 72, 48.65, 1, 5761
26658, 19108, 71.68, 72, 48.65, 1, 5761
26659, 19108, 71.68, 72, 48.65, 1, 5762
26660, 19108, 71.67, 72, 48.65, 1, 5763
26661, 19109, 71.67, 72, 48.65, 1, 5763
26662, 19109, 71.67, 72, 48.65, 1, 5764
26663, 19110, 71.67, 72, 48.65, 1, 5764
26664, 19111, 71.67, 72, 48.65, 1, 5764
26665, 19112, 71.67, 72, 48.65, 1, 5764
26666, 19113, 71.68, 72, 48.65, 1, 5764
26667, 19114, 71.68, 72, 48.65, 1, 5764
26668, 19115, 71.68, 72, 48.65, 1, 5764
26669, 19115, 71.67, 72, 48.65, 1, 5765
26670, 19115, 71.67, 72, 48.65, 1, 5766
26671, 19116, 71.67, 72, 48.65, 1, 5766
26672, 19117, 71.67, 72, 48.65, 1, 5766
26673, 19118, 71.68, 72, 48.65, 1, 5766
26674, 19119, 71.68, 72, 48.65, 1, 5766
26675, 19120, 71.68, 72, 48.65, 1, 5766
26676, 19120, 71.67, 72, 48.65, 1, 5767
26677, 19121, 71.68, 72, 48.65, 1, 5767
26678, 19122, 71.68, 72, 48.65, 1, 5767
26679, 19122, 71.67, 72, 48.65, 1, 5768
26680, 19123, 71.68, 72, 48.65, 1, 5768
26681, 19123, 71.67, 72, 48.65, 1, 5769
26682, 19124, 71.67, 72, 48.65, 1, 5769
26683, 19125, 71.67, 72, 48.65, 1, 5769
26684, 19126, 71.68, 72, 48.65, 1, 5769
26685, 19127, 71.68, 72, 48.65, 1, 5769
26686, 19128, 71.68, 72, 48.65, 1, 5769
26687, 19128, 71.68, 72, 48.65, 1, 5769
26688, 19129, 71.68, 72, 48.65, 1, 5769
26689, 19130, 71.68, 72, 48.65, 1, 5769
26690, 19131, 71.68, 72, 48.65, 1, 5769
26691, 19132, 71.68, 72, 48.65, 1, 5769
26692, 19132, 71.68, 72, 48.65, 1, 5770
26693, 19133, 71.68, 72, 48.65, 1, 5770
26694, 19134, 71.68, 72, 48.65, 1, 5770
26695, 19135, 71.68, 72, 48.65, 1, 5770
26696, 19136, 71.68, 72, 48.65, 1, 5770
26697, 19136, 71.68, 72, 48.65, 1, 5771
26698, 19136, 71.68, 72, 48.65, 1, 5772
26699, 19136, 71.67, 72, 48.65, 1, 5773
26700, 19137, 71.67, 72, 48.65, 1, 5773
26701, 19138, 71.68, 72, 48.65, 1, 5773
26702, 19138, 71.67, 72, 48.65, 1, 5774
26703, 19138, 71.67, 72, 48.65, 1, 5774
26704, 19139, 71.67, 72, 48.65, 1, 5774
26705, 19140, 71.67, 72, 48.65, 1, 5774
26706, 19141, 71.67, 72, 48.65, 1, 5774
26707, 19141, 71.67, 72, 48.65, 1, 5775
26708, 19141, 71.67, 72, 48.65, 1, 5776
26709, 19141, 71.66, 72, 48.65, 1, 5776
26710, 19141, 71.66, 72, 48.65, 1, 5777
26711, 19142, 71.66, 72, 48.65, 1, 5777
26712, 19143, 71.66, 72, 48.65, 1, 5777
26713, 19144, 71.67, 72, 48.65, 1, 5777
26714, 19145, 71.67, 72, 48.65, 1, 5777
26715, 19145, 71.66, 72, 48.65, 1, 5778
26716, 19146, 71.66, 72, 48.65, 1, 5778
26717, 19146, 71.66, 72, 48.65, 1, 5778
26718, 19146, 71.66, 72, 48.65, 1, 5778
26719, 19146, 71.66, 72, 48.65, 1, 5779
26720, 19147, 71.66, 72, 48.65, 1, 5779
26721, 19147, 71.66, 72, 48.65, 1, 5780
26722, 19148, 71.66, 72, 48.65, 1, 5780
26723, 19149, 71.66, 72, 48.65, 1, 5780
26724, 19150, 71.66, 72, 48.65, 1, 5780
26725, 19151, 71.66, 72, 48.65, 1, 5780
26726, 19152, 71.66, 72, 48.65, 1, 5780
26727, 19153, 71.66, 72, 48.65, 1, 5780
26728, 19154, 71.66, 72, 48.65, 1, 5780
26729, 19155, 71.66, 72, 48.65, 1, 5780
26730, 19156, 71.66, 72, 48.65, 1, 5780
26731, 19157, 71.67, 72, 48.65, 1, 5780
26732, 19158, 71.67, 72, 48.65, 1, 5780
26733, 19159, 71.67, 72, 48.65, 1, 5780
26734, 19160, 71.67, 72, 48.65, 1, 5780
26735, 19160, 71.67, 72, 48.65, 1, 5781
26736, 19161, 71.67, 72, 48.65, 1, 5781
26737, 19162, 71.67, 72, 48.65, 1, 5781
26738, 19162, 71.67, 72, 48.65, 1, 5782
26739, 19163, 71.67, 72, 48.65, 1, 5782
26740, 19164, 71.67, 72, 48.65, 1, 5782
26741, 19164, 71.67, 72, 48.65, 1, 5782
26742, 19165, 71.67, 72, 48.65, 1, 5782
26743, 19165, 71.66, 72, 48.65, 1, 5782
26744, 19166, 71.66, 72, 48.65, 1, 5782
26745, 19167, 71.67, 72, 48.65, 1, 5782
26746, 19167, 71.66, 72, 48.65, 1, 5783
26747, 19167, 71.66, 72, 48.65, 1, 5784
26748, 19168, 71.66, 72, 48.65, 1, 5784
26749, 19169, 71.66, 72, 48.65, 1, 5784
26750, 19170, 71.66, 72, 48.65, 1, 5784
26751, 19171, 71.66, 72, 48.65, 1, 5784
26752, 19172, 71.67, 72, 48.65, 1, 5784
26753, 19173, 71.67, 72, 48.65, 1, 5784
26754, 19174, 71.67, 72, 48.65, 1, 5784
26755, 19174, 71.67, 72, 48.65, 1, 5784
26756, 19175, 71.67, 72, 48.65, 1, 5784
26757, 19176, 71.67, 72, 48.65, 1, 5784
26758, 19177, 71.67, 72, 48.65, 1, 5784
26759, 19178, 71.67, 72, 48.65, 1, 5784
26760, 19179, 71.67, 72, 48.65, 1, 5784
26761, 19180, 71.67, 72, 48.65, 1, 5784
26762, 19181, 71.67, 72, 48.65, 1, 5784
26763, 19182, 71.67, 72, 48.65, 1, 5784
26764, 19183, 71.67, 72, 48.65, 1, 5784
26765, 19183, 71.67, 72, 48.65, 1, 5785
26766, 19183, 71.67, 72, 48.65, 1, 5786
26767, 19183, 71.67, 72, 48.65, 1, 5786
26768, 19184, 71.67, 72, 48.65, 1, 5786
26769, 19184, 71.66, 72, 48.65, 1, 5786
26770, 19185, 71.67, 72, 48.65, 1, 5786
26771, 19185, 71.66, 72, 48.65, 1, 5787
26772, 19185, 71.66, 72, 48.65, 1, 5788
26773, 19186, 71.66, 72, 48.65, 1, 5788
26774, 19186, 71.66, 72, 48.65, 1, 5788
26775, 19187, 71.66, 72, 48.65, 1, 5788
26776, 19188, 71.66, 72, 48.65, 1, 5788
26777, 19189, 71.66, 72, 48.65, 1, 5788
26778, 19190, 71.66, 72, 48.65, 1, 5788
26779, 19191, 71.66, 72, 48.65, 1, 5788
26780, 19192, 71.67, 72, 48.65, 1, 5788
26781, 19192, 71.66, 72, 48.65, 1, 5788
26782, 19193, 71.66, 72, 48.65, 1, 5788
26783, 19193, 71.66, 72, 48.65, 1, 5789
26784, 19194, 71.66, 72, 48.65, 1, 5789
26785, 19194, 71.66, 72, 48.65, 1, 5790
26786, 19194, 71.66, 72, 48.65, 1, 5791
26787, 19194, 71.65, 72, 48.65, 1, 5792
26788, 19194, 71.65, 72, 48.65, 1, 5793
26789, 19194, 71.65, 72, 48.65, 1, 5794
26790, 19194, 71.65, 72, 48.65, 1, 5795
26791, 19194, 71.64, 72, 48.65, 1, 5796
26792, 19195, 71.64, 72, 48.65, 1, 5796
26793, 19195, 71.64, 72, 48.65, 1, 5797
26794, 19195, 71.64, 72, 48.65, 1, 5798
26795, 19196, 71.64, 72, 48.65, 1, 5798
26796, 19197, 71.64, 72, 48.65, 1, 5798
26797, 19198, 71.64, 72, 48.65, 1, 5798
26798, 19199, 71.64, 72, 48.65, 1, 5798
26799, 19199, 71.64, 72, 48.65, 1, 5799
26800, 19200, 71.64, 72, 48.65, 1, 5799
26801, 19200, 71.64, 72, 48.65, 1, 5800
26802, 19201, 71.64, 72, 48.65, 1, 5800
26803, 19201, 71.64, 72, 48.65, 1, 5801
26804, 19202, 71.64, 72, 48.65, 1, 5801
26805, 19203, 71.64, 72, 48.65, 1, 5801
26806, 19204, 71.64, 72, 48.65, 1, 5801
26807, 19205, 71.64, 72, 48.65, 1, 5801
26808, 19206, 71.64, 72, 48.65, 1, 5801
26809, 19207, 71.64, 72, 48.65, 1, 5801
26810, 19208, 71.64, 72, 48.65, 1, 5801
26811, 19209, 71.65, 72, 48.65, 1, 5801
26812, 19210, 71.65, 72, 48.65, 1, 5801
26813, 19211, 71.65, 72, 48.65, 1, 5801
26814, 19212, 71.65, 72, 48.65, 1, 5801
26815, 19213, 71.65, 72, 48.65, 1, 5801
26816, 19214, 71.65, 72, 48.65, 1, 5801
26817, 19214, 71.65, 72, 48.65, 1, 5801
26818, 19215, 71.65, 72, 48.65, 1, 5801
26819, 19215, 71.65, 72, 48.65, 1, 5801
26820, 19215, 71.64, 72, 48.65, 1, 5802
26821, 19216, 71.65, 72, 48.65, 1, 5802
26822, 19217, 71.65, 72, 48.65, 1, 5802
26823, 19218, 71.65, 72, 48.65, 1, 5802
26824, 19219, 71.65, 72, 48.65, 1, 5802
26825, 19219, 71.65, 72, 48.65, 1, 5803
26826, 19219, 71.64, 72, 48.65, 1, 5804
26827, 19220, 71.64, 72, 48.65, 1, 5804
26828, 19220, 71.64, 72, 48.65, 1, 5805
26829, 19221, 71.64, 72, 48.65, 1, 5805
26830, 19222, 71.64, 72, 48.65, 1, 5805
26831, 19223, 71.64, 72, 48.65, 1, 5805
26832, 19223, 71.64, 72, 48.65, 1, 5806
26833, 19224, 71.64, 72, 48.65, 1, 5806
26834, 19225, 71.64, 72, 48.65, 1, 5806
26835, 19226, 71.65, 72, 48.65, 1, 5806
26836, 19226, 71.64, 72, 48.65, 1, 5807
26837, 19227, 71.64, 72, 48.65, 1, 5807
26838, 19228, 71.64, 72, 48.65, 1, 5807
26839, 19229, 71.65, 72, 48.65, 1, 5807
26840, 19230, 71.65, 72, 48.65, 1, 5807
26841, 19230, 71.64, 72, 48.65, 1, 5807
26842, 19231, 71.65, 72, 48.65, 1, 5807
26843, 19232, 71.65, 72, 48.65, 1, 5807
26844, 19233, 71.65, 72, 48.65, 1, 5807
26845, 19233, 71.64, 72, 48.65, 1, 5808
26846, 19234, 71.65, 72, 48.65, 1, 5808
26847, 19235, 71.65, 72, 48.65, 1, 5808
26848, 19236, 71.65, 72, 48.65, 1, 5808
26849, 19237, 71.65, 72, 48.65, 1, 5808
26850, 19237, 71.65, 72, 48.65, 1, 5809
26851, 19238, 71.65, 72, 48.65, 1, 5809
26852, 19239, 71.65, 72, 48.65, 1, 5809
26853, 19239, 71.65, 72, 48.65, 1, 5810
26854, 19239, 71.64, 72, 48.65, 1, 5810
26855, 19240, 71.64, 72, 48.65, 1, 5810
26856, 19241, 71.65, 72, 48.65, 1, 5810
26857, 19242, 71.65, 72, 48.65, 1, 5810
26858, 19243, 71.65, 72, 48.65, 1, 5810
26859, 19243, 71.64, 72, 48.65, 1, 5810
26860, 19243, 71.64, 72, 48.65, 1, 5811
26861, 19244, 71.64, 72, 48.65, 1, 5811
26862, 19245, 71.64, 72, 48.65, 1, 5811
26863, 19246, 71.65, 72, 48.65, 1, 5811
26864, 19247, 71.65, 72, 48.65, 1, 5811
26865, 19247, 71.64, 72, 48.65, 1, 5812
26866, 19247, 71.64, 72, 48.65, 1, 5813
26867, 19248, 71.64, 72, 48.65, 1, 5813
26868, 19248, 71.64, 72, 48.65, 1, 5813
26869, 19249, 71.64, 72, 48.65, 1, 5813
26870, 19250, 71.64, 72, 48.65, 1, 5813
26871, 19251, 71.64, 72, 48.65, 1, 5813
26872, 19252, 71.64, 72, 48.65, 1, 5813
26873, 19253, 71.64, 72, 48.65, 1, 5813
26874, 19253, 71.64, 72, 48.65, 1, 5814
26875, 19254, 71.64, 72, 48.65, 1, 5814
26876, 19255, 71.64, 72, 48.65, 1, 5814
26877, 19256, 71.64, 72, 48.65, 1, 5814
26878, 19257, 71.65, 72, 48.65, 1, 5814
26879, 19258, 71.65, 72, 48.65, 1, 5814
26880, 19259, 71.65, 72, 48.65, 1, 5814
26881, 19259, 71.65, 72, 48.65, 1, 5815
26882, 19260, 71.65, 72, 48.65, 1, 5815
26883, 19260, 71.64, 72, 48.65, 1, 5816
26884, 19261, 71.64, 72, 48.65, 1, 5816
26885, 19261, 71.64, 72, 48.65, 1, 5817
26886, 19262, 71.64, 72, 48.65, 1, 5817
26887, 19263, 71.64, 72, 48.65, 1, 5817
26888, 19264, 71.65, 72, 48.65, 1, 5817
26889, 19265, 71.65, 72, 48.65, 1, 5817
26890, 19266, 71.65, 72, 48.65, 1, 5817
26891, 19266, 71.64, 72, 48.65, 1, 5818
26892, 19266, 71.64, 72, 48.65, 1, 5819
26893, 19267, 71.64, 72, 48.65, 1, 5819
26894, 19268, 71.64, 72, 48.65, 1, 5819
26895, 19268, 71.64, 72, 48.65, 1, 5820
26896, 19269, 71.64, 72, 48.65, 1, 5820
26897, 19270, 71.64, 72, 48.65, 1, 5820
26898, 19271, 71.64, 72, 48.65, 1, 5820
26899, 19272, 71.65, 72, 48.65, 1, 5820
26900, 19273, 71.65, 72, 48.65, 1, 5820
26901, 19274, 71.65, 72, 48.65, 1, 5820
26902, 19275, 71.65, 72, 48.65, 1, 5820
26903, 19276, 71.65, 72, 48.65, 1, 5820
26904, 19277, 71.65, 72, 48.65, 1, 5820
26905, 19278, 71.65, 72, 48.65, 1, 5820
26906, 19279, 71.65, 72, 48.65, 1, 5820
26907, 19280, 71.65, 72, 48.65, 1, 5820
26908, 19281, 71.66, 72, 48.65, 1, 5820
26909, 19282, 71.66, 72, 48.65, 1, 5820
26910, 19282, 71.65, 72, 48.65, 1, 5821
26911, 19283, 71.65, 72, 48.65, 1, 5821
26912, 19284, 71.66, 72, 48.65, 1, 5821
26913, 19285, 71.66, 72, 48.65, 1, 5821
26914, 19286, 71.66, 72, 48.65, 1, 5821
26915, 19286, 71.66, 72, 48.65, 1, 5822
26916, 19287, 71.66, 72, 48.65, 1, 5822
26917, 19287, 71.65, 72, 48.65, 1, 5823
26918, 19288, 71.65, 72, 48.65, 1, 5823
26919, 19289, 71.66, 72, 48.65, 1, 5823
26920, 19290, 71.66, 72, 48.65, 1, 5823
26921, 19290, 71.65, 72, 48.65, 1, 5823
26922, 19291, 71.66, 72, 48.65, 1, 5823
26923, 19292, 71.66, 72, 48.65, 1, 5823
26924, 19293, 71.66, 72, 48.65, 1, 5823
26925, 19293, 71.65, 72, 48.65, 1, 5823
26926, 19294, 71.66, 72, 48.65, 1, 5823
26927, 19294, 71.65, 72, 48.65, 1, 5824
26928, 19295, 71.65, 72, 48.65, 1, 5824
26929, 19296, 71.66, 72, 48.65, 1, 5824
26930, 19297, 71.66, 72, 48.65, 1, 5824
26931, 19298, 71.66, 72, 48.65, 1, 5824
26932, 19299, 71.66, 72, 48.65, 1, 5824
26933, 19299, 71.66, 72, 48.65, 1, 5825
26934, 19299, 71.65, 72, 48.65, 1, 5826
26935, 19300, 71.65, 72, 48.65, 1, 5826
26936, 19300, 71.65, 72, 48.65, 1, 5826
26937, 19300, 71.65, 72, 48.65, 1, 5827
26938, 19301, 71.65, 72, 48.65, 1, 5827
26939, 19302, 71.65, 72, 48.65, 1, 5827
26940, 19303, 71.65, 72, 48.65, 1, 5827
26941, 19304, 71.65, 72, 48.65, 1, 5827
26942, 19305, 71.65, 72, 48.65, 1, 5827
26943, 19306, 71.65, 72, 48.65, 1, 5827
26944, 19307, 71.66, 72, 48.65, 1, 5827
26945, 19307, 71.65, 72, 48.65, 1, 5828
26946, 19308, 71.65, 72, 48.65, 1, 5828
26947, 19308, 71.65, 72, 48.65, 1, 5829
26948, 19309, 71.65, 72, 48.65, 1, 5829
26949, 19309, 71.65, 72, 48.65, 1, 5829
26950, 19309, 71.65, 72, 48.65, 1, 5829
26951, 19310, 71.65, 72, 48.65, 1, 5829
26952, 19310, 71.65, 72, 48.65, 1, 5830
26953, 19310, 71.64, 72, 48.65, 1, 5831
26954, 19311, 71.64, 72, 48.65, 1, 5831
26955, 19312, 71.65, 72, 48.65, 1, 5831
26956, 19313, 71.65, 72, 48.65, 1, 5831
26957, 19314, 71.65, 72, 48.65, 1, 5831
26958, 19314, 71.64, 72, 48.65, 1, 5832
26959, 19315, 71.65, 72, 48.65, 1, 5832
26960, 19315, 71.64, 72, 48.65, 1, 5832
26961, 19315, 71.64, 72, 48.65, 1, 5832
26962, 19316, 71.64, 72, 48.65, 1, 5832
26963, 19317, 71.64, 72, 48.65, 1, 5832
26964, 19318, 71.64, 72, 48.65, 1, 5832
26965, 19318, 71.64, 72, 48.65, 1, 5832
26966, 19319, 71.64, 72, 48.65, 1, 5832
26967, 19320, 71.64, 72, 48.65, 1, 5832
26968, 19321, 71.64, 72, 48.65, 1, 5832
26969, 19321, 71.64, 72, 48.65, 1, 5833
26970, 19322, 71.64, 72, 48.65, 1, 5833
26971, 19323, 71.64, 72, 48.65, 1, 5833
26972, 19324, 71.64, 72, 48.65, 1, 5833
26973, 19325, 71.65, 72, 48.65, 1, 5833
26974, 19326, 71.65, 72, 48.65, 1, 5833
26975, 19327, 71.65, 72, 48.65, 1, 5833
26976, 19327, 71.65, 72, 48.65, 1, 5834
26977, 19328, 71.65, 72, 48.65, 1, 5834
26978, 19329, 71.65, 72, 48.65, 1, 5834
26979, 19330, 71.65, 72, 48.65, 1, 5834
26980, 19331, 71.65, 72, 48.65, 1, 5834
26981, 19332, 71.65, 72, 48.65, 1, 5834
26982, 19333, 71.65, 72, 48.65, 1, 5834
26983, 19334, 71.65, 72, 48.65, 1, 5834
26984, 19335, 71.65, 72, 48.65, 1, 5834
26985, 19335, 71.65, 72, 48.65, 1, 5835
26986, 19336, 71.65, 72, 48.65, 1, 5835
26987, 19337, 71.65, 72, 48.65, 1, 5835
26988, 19338, 71.65, 72, 48.65, 1, 5835
26989, 19339, 71.66, 72, 48.65, 1, 5835
26990, 19340, 71.66, 72, 48.65, 1, 5835
26991, 19340, 71.65, 72, 48.65, 1, 5835
26992, 19341, 71.65, 72, 48.65, 1, 5835
26993, 19342, 71.66, 72, 48.65, 1, 5835
26994, 19343, 71.66, 72, 48.65, 1, 5835
26995, 19344, 71.66, 72, 48.65, 1, 5835
26996, 19345, 71.66, 72, 48.65, 1, 5835
26997, 19346, 71.66, 72, 48.65, 1, 5835
26998, 19346, 71.66, 72, 48.65, 1, 5835
26999, 19346, 71.65, 72, 48.65, 1, 5835
27000, 19346, 71.65, 72, 48.65, 1, 5836
27001, 19347, 71.65, 72, 48.65, 1, 5836
27002, 19348, 71.65, 72, 48.65, 1, 5836
27003, 19349, 71.66, 72, 48.65, 1, 5836
27004, 19350, 71.66, 72, 48.65, 1, 5836
27005, 19351, 71.66, 72, 48.65, 1, 5836
27006, 19352, 71.66, 72, 48.65, 1, 5836
27007, 19352, 71.66, 72, 48.65, 1, 5837
27008, 19352, 71.65, 72, 48.65, 1, 5838
27009, 19352, 71.65, 72, 48.65, 1, 5839
27010, 19353, 71.65, 72, 48.65, 1, 5839
27011, 19354, 71.65, 72, 48.65, 1, 5839
27012, 19355, 71.65, 72, 48.65, 1, 5839
27013, 19356, 71.65, 72, 48.65, 1, 5839
27014, 19356, 71.65, 72, 48.65, 1, 5840
27015, 19357, 71.65, 72, 48.65, 1, 5840
27016, 19358, 71.65, 72, 48.65, 1, 5840
27017, 19359, 71.65, 72, 48.65, 1, 5840
27018, 19360, 71.66, 72, 48.65, 1, 5840
27019, 19361, 71.66, 72, 48.65, 1, 5840
27020, 19362, 71.66, 72, 48.65, 1, 5840
27021, 19362, 71.66, 72, 48.65, 1, 5841
27022, 19362, 71.65, 72, 48.65, 1, 5841
27023, 19363, 71.65, 72, 48.65, 1, 5841
27024, 19363, 71.65, 72, 48.65, 1, 5841
27025, 19363, 71.65, 72, 48.65, 1, 5842
27026, 19364, 71.65, 72, 48.65, 1, 5842
27027, 19365, 71.65, 72, 48.65, 1, 5842
27028, 19366, 71.65, 72, 48.65, 1, 5842
27029, 19366, 71.65, 72, 48.65, 1, 5843
27030, 19367, 71.65, 72, 48.65, 1, 5843
27031, 19368, 71.65, 72, 48.65, 1, 5843
27032, 19369, 71.65, 72, 48.65, 1, 5843
27033, 19369, 71.65, 72, 48.65, 1, 5844
27034, 19370, 71.65, 72, 48.65, 1, 5844
27035, 19371, 71.65, 72, 48.65, 1, 5844
27036, 19372, 71.65, 72, 48.65, 1, 5844
27037, 19373, 71.65, 72, 48.65, 1, 5844
27038, 19373, 71.65, 72, 48.65, 1, 5845
27039, 19374, 71.65, 72, 48.65, 1, 5845
27040, 19375, 71.65, 72, 48.65, 1, 5845
27041, 19375, 71.65, 72, 48.65, 1, 5846
27042, 19376, 71.65, 72, 48.65, 1, 5846
27043, 19377, 71.65, 72, 48.65, 1, 5846
27044, 19377, 71.65, 72, 48.65, 1, 5847
27045, 19378, 71.65, 72, 48.65, 1, 5847
27046, 19379, 71.65, 72, 48.65, 1, 5847
27047, 19379, 71.65, 72, 48.65, 1, 5848
27048, 19380, 71.65, 72, 48.65, 1, 5848
27049, 19380, 71.65, 72, 48.65, 1, 5849
27050, 19380, 71.65, 72, 48.65, 1, 5850
27051, 19381, 71.65, 72, 48.65, 1, 5850
27052, 19382, 71.65, 72, 48.65, 1, 5850
27053, 19383, 71.65, 72, 48.65, 1, 5850
27054, 19384, 71.65, 72, 48.65, 1, 5850
27055, 19384, 71.65, 72, 48.65, 1, 5851
27056, 19385, 71.65, 72, 48.65, 1, 5851
27057, 19386, 71.65, 72, 48.65, 1, 5851
27058, 19387, 71.65, 72, 48.65, 1, 5851
27059, 19388, 71.65, 72, 48.65, 1, 5851
27060, 19389, 71.65, 72, 48.65, 1, 5851
27061, 19389, 71.65, 72, 48.65, 1, 5852
27062, 19390, 71.65, 72, 48.65, 1, 5852
27063, 19391, 71.65, 72, 48.65, 1, 5852
27064, 19391, 71.65, 72, 48.65, 1, 5853
27065, 19391, 71.65, 72, 48.65, 1, 5854
27066, 19392, 71.65, 72, 48.65, 1, 5854
27067, 19393, 71.65, 72, 48.65, 1, 5854
27068, 19393, 71.65, 72, 48.65, 1, 5855
27069, 19393, 71.64, 72, 48.65, 1, 5856
27070, 19394, 71.64, 72, 48.65, 1, 5856
27071, 19395, 71.64, 72, 48.65, 1, 5856
27072, 19396, 71.65, 72, 48.65, 1, 5856
27073, 19396, 71.64, 72, 48.65, 1, 5857
27074, 19397, 71.64, 72, 48.65, 1, 5857
27075, 19397, 71.64, 72, 48.65, 1, 5858
27076, 19398, 71.64, 72, 48.65, 1, 5858
27077, 19399, 71.64, 72, 48.65, 1, 5858
27078, 19400, 71.64, 72, 48.65, 1, 5858
27079, 19401, 71.65, 72, 48.65, 1, 5858
27080, 19402, 71.65, 72, 48.65, 1, 5858
27081, 19403, 71.65, 72, 48.65, 1, 5858
27082, 19403, 71.65, 72, 48.65, 1, 5858
27083, 19404, 71.65, 72, 48.65, 1, 5858
27084, 19404, 71.64, 72, 48.65, 1, 5858
27085, 19404, 71.64, 72, 48.65, 1, 5858
27086, 19405, 71.64, 72, 48.65, 1, 5858
27087, 19406, 71.64, 72, 48.65, 1, 5858
27088, 19407, 71.64, 72, 48.65, 1, 5858
27089, 19408, 71.65, 72, 48.65, 1, 5858
27090, 19409, 71.65, 72, 48.65, 1, 5858
27091, 19410, 71.65, 72, 48.65, 1, 5858
27092, 19411, 71.65, 72, 48.65, 1, 5858
27093, 19411, 71.65, 72, 48.65, 1, 5859
27094, 19412, 71.65, 72, 48.65, 1, 5859
27095, 19413, 71.65, 72, 48.65, 1, 5859
27096, 19414, 71.65, 72, 48.65, 1, 5859
27097, 19415, 71.65, 72, 48.65, 1, 5859
27098, 19416, 71.65, 72, 48.65, 1, 5859
27099, 19417, 71.65, 72, 48.65, 1, 5859
27100, 19418, 71.65, 72, 48.65, 1, 5859
27101, 19419, 71.65, 72, 48.65, 1, 5859
27102, 19420, 71.66, 72, 48.65, 1, 5859
27103, 19421, 71.66, 72, 48.65, 1, 5859
27104, 19422, 71.66, 72, 48.65, 1, 5859
27105, 19422, 71.65, 72, 48.65, 1, 5860
27106, 19423, 71.66, 72, 48.65, 1, 5860
27107, 19423, 71.65, 72, 48.65, 1, 5861
27108, 19424, 71.65, 72, 48.65, 1, 5861
27109, 19424, 71.65, 72, 48.65, 1, 5861
27110, 19425, 71.65, 72, 48.65, 1, 5861
27111, 19426, 71.65, 72, 48.65, 1, 5861
27112, 19427, 71.65, 72, 48.65, 1, 5861
27113, 19428, 71.66, 72, 48.65, 1, 5861
27114, 19429, 71.66, 72, 48.65, 1, 5861
27115, 19430, 71.66, 72, 48.65, 1, 5861
27116, 19431, 71.66, 72, 48.65, 1, 5861
27117, 19432, 71.66, 72, 48.65, 1, 5861
27118, 19432, 71.66, 72, 48.65, 1, 5861
27119, 19432, 71.65, 72, 48.65, 1, 5862
27120, 19433, 71.66, 72, 48.65, 1, 5862
27121, 19433, 71.65, 72, 48.65, 1, 5863
27122, 19434, 71.65, 72, 48.65, 1, 5863
27123, 19435, 71.66, 72, 48.65, 1, 5863
27124, 19435, 71.65, 72, 48.65, 1, 5864
27125, 19436, 71.65, 72, 48.65, 1, 5864
27126, 19436, 71.65, 72, 48.65, 1, 5865
27127, 19437, 71.65, 72, 48.65, 1, 5865
27128, 19438, 71.65, 72, 48.65, 1, 5865
27129, 19439, 71.65, 72, 48.65, 1, 5865
27130, 19440, 71.65, 72, 48.65, 1, 5865
27131, 19440, 71.65, 72, 48.65, 1, 5866
27132, 19441, 71.65, 72, 48.65, 1, 5866
27133, 19442, 71.65, 72, 48.65, 1, 5866
27134, 19443, 71.66, 72, 48.65, 1, 5866
27135, 19444, 71.66, 72, 48.65, 1, 5866
27136, 19444, 71.65, 72, 48.65, 1, 5867
27137, 19445, 71.65, 72, 48.65, 1, 5867
27138, 19446, 71.66, 72, 48.65, 1, 5867
27139, 19447, 71.66, 72, 48.65, 1, 5867
27140, 19447, 71.65, 72, 48.65, 1, 5868
27141, 19448, 71.66, 72, 48.65, 1, 5868
27142, 19448, 71.65, 72, 48.65, 1, 5869
27143, 19448, 71.65, 72, 48.65, 1, 5869
27144, 19449, 71.65, 72, 48.65, 1, 5869
27145, 19450, 71.65, 72, 48.65, 1, 5869
27146, 19451, 71.65, 72, 48.65, 1, 5869
27147, 19451, 71.65, 72, 48.65, 1, 5870
27148, 19452, 71.65, 72, 48.65, 1, 5870
27149, 19453, 71.65, 72, 48.65, 1, 5870
27150, 19454, 71.65, 72, 48.65, 1, 5870
27151, 19454, 71.65, 72, 48.65, 1, 5871
27152, 19454, 71.65, 72, 48.65, 1, 5871
27153, 19454, 71.65, 72, 48.65, 1, 5871
27154, 19455, 71.65, 72, 48.65, 1, 5871
27155, 19455, 71.64, 72, 48.65, 1, 5872
27156, 19456, 71.65, 72, 48.65, 1, 5872
27157, 19457, 71.65, 72, 48.65, 1, 5872
27158, 19458, 71.65, 72, 48.65, 1, 5872
27159, 19459, 71.65, 72, 48.65, 1, 5872
27160, 19460, 71.65, 72, 48.65, 1, 5872
27161, 19460, 71.65, 72, 48.65, 1, 5873
27162, 19460, 71.64, 72, 48.65, 1, 5874
27163, 19461, 71.65, 72, 48.65, 1, 5874
27164, 19462, 71.65, 72, 48.65, 1, 5874
27165, 19463, 71.65, 72, 48.65, 1, 5874
27166, 19464, 71.65, 72, 48.65, 1, 5874
27167, 19465, 71.65, 72, 48.65, 1, 5874
27168, 19466, 71.65, 72, 48.65, 1, 5874
27169, 19466, 71.65, 72, 48.65, 1, 5874
27170, 19466, 71.65, 72, 48.65, 1, 5875
27171, 19467, 71.65, 72, 48.65, 1, 5875
27172, 19468, 71.65, 72, 48.65, 1, 5875
27173, 19468, 71.64, 72, 48.65, 1, 5876
27174, 19469, 71.65, 72, 48.65, 1, 5876
27175, 19469, 71.64, 72, 48.65, 1, 5877
27176, 19469, 71.64, 72, 48.65, 1, 5878
27177, 19470, 71.64, 72, 48.65, 1, 5878
27178, 19471, 71.64, 72, 48.65, 1, 5878
27179, 19472, 71.64, 72, 48.65, 1, 5878
27180, 19472, 71.64, 72, 48.65, 1, 5879
27181, 19473, 71.64, 72, 48.65, 1, 5879
27182, 19473, 71.64, 72, 48.65, 1, 5880
27183, 19474, 71.64, 72, 48.65, 1, 5880
27184, 19474, 71.64, 72, 48.65, 1, 5881
27185, 19475, 71.64, 72, 48.65, 1, 5881
27186, 19476, 71.64, 72, 48.65, 1, 5881
27187, 19477, 71.64, 72, 48.65, 1, 5881
27188, 19478, 71.64, 72, 48.65, 1, 5881
27189, 19479, 71.64, 72, 48.65, 1, 5881
27190, 19479, 71.64, 72, 48.65, 1, 5881
27191, 19480, 71.64, 72, 48.65, 1, 5881
27192, 19481, 71.64, 72, 48.65, 1, 5881
27193, 19481, 71.64, 72, 48.65, 1, 5882
27194, 19482, 71.64, 72, 48.65, 1, 5882
27195, 19483, 71.64, 72, 48.65, 1, 5882
27196, 19484, 71.64, 72, 48.65, 1, 5882
27197, 19484, 71.64, 72, 48.65, 1, 5883
27198, 19484, 71.64, 72, 48.65, 1, 5884
27199, 19484, 71.63, 72, 48.65, 1, 5885
27200, 19485, 71.64, 72, 48.65, 1, 5885
27201, 19485, 71.63, 72, 48.65, 1, 5886
27202, 19485, 71.63, 72, 48.65, 1, 5886
27203, 19486, 71.63, 72, 48.65, 1, 5886
27204, 19487, 71.63, 72, 48.65, 1, 5886
27205, 19488, 71.63, 72, 48.65, 1, 5886
27206, 19489, 71.63, 72, 48.65, 1, 5886
27207, 19490, 71.64, 72, 48.65, 1, 5886
27208, 19490, 71.63, 72, 48.65, 1, 5886
27209, 19491, 71.63, 72, 48.65, 1, 5886
27210, 19492, 71.64, 72, 48.65, 1, 5886
27211, 19493, 71.64, 72, 48.65, 1, 5886
27212, 19494, 71.64, 72, 48.65, 1, 5886
27213, 19495, 71.64, 72, 48.65, 1, 5886
27214, 19496, 71.64, 72, 48.65, 1, 5886
27215, 19497, 71.64, 72, 48.65, 1, 5886
27216, 19498, 71.64, 72, 48.65, 1, 5886
27217, 19499, 71.64, 72, 48.65, 1, 5886
27218, 19499, 71.64, 72, 48.65, 1, 5887
27219, 19500, 71.64, 72, 48.65, 1, 5887
27220, 19500, 71.64, 72, 48.65, 1, 5888
27221, 19500, 71.64, 72, 48.65, 1, 5889
27222, 19500, 71.63, 72, 48.65, 1, 5890
27223, 19501, 71.63, 72, 48.65, 1, 5890
27224, 19501, 71.63, 72, 48.65, 1, 5890
27225, 19502, 71.63, 72, 48.65, 1, 5890
27226, 19502, 71.63, 72, 48.65, 1, 5890
27227, 19502, 71.63, 72, 48.65, 1, 5891
27228, 19503, 71.63, 72, 48.65, 1, 5891
27229, 19504, 71.63, 72, 48.65, 1, 5891
27230, 19505, 71.63, 72, 48.65, 1, 5891
27231, 19506, 71.63, 72, 48.65, 1, 5891
27232, 19506, 71.63, 72, 48.65, 1, 5892
27233, 19506, 71.63, 72, 48.65, 1, 5892
27234, 19507, 71.63, 72, 48.65, 1, 5892
27235, 19508, 71.63, 72, 48.65, 1, 5892
27236, 19509, 71.63, 72, 48.65, 1, 5892
27237, 19510, 71.63, 72, 48.65, 1, 5892
27238, 19511, 71.63, 72, 48.65, 1, 5892
27239, 19511, 71.63, 72, 48.65, 1, 5893
27240, 19512, 71.63, 72, 48.65, 1, 5893
27241, 19513, 71.63, 72, 48.65, 1, 5893
27242, 19514, 71.63, 72, 48.65, 1, 5893
27243, 19515, 71.63, 72, 48.65, 1, 5893
27244, 19516, 71.63, 72, 48.65, 1, 5893
27245, 19517, 71.64, 72, 48.65, 1, 5893
27246, 19518, 71.64, 72, 48.65, 1, 5893
27247, 19519, 71.64, 72, 48.65, 1, 5893
27248, 19520, 71.64, 72, 48.65, 1, 5893
27249, 19521, 71.64, 72, 48.65, 1, 5893
27250, 19522, 71.64, 72, 48.65, 1, 5893
27251, 19522, 71.64, 72, 48.65, 1, 5894
27252, 19523, 71.64, 72, 48.65, 1, 5894
27253, 19523, 71.64, 72, 48.65, 1, 5895
27254, 19524, 71.64, 72, 48.65, 1, 5895
27255, 19524, 71.63, 72, 48.65, 1, 5896
27256, 19525, 71.64, 72, 48.65, 1, 5896
27257, 19526, 71.64, 72, 48.65, 1, 5896
27258, 19526, 71.63, 72, 48.65, 1, 5897
27259, 19527, 71.64, 72, 48.65, 1, 5897
27260, 19528, 71.64, 72, 48.65, 1, 5897
27261, 19529, 71.64, 72, 48.65, 1, 5897
27262, 19530, 71.64, 72, 48.65, 1, 5897
27263, 19531, 71.64, 72, 48.65, 1, 5897
27264, 19532, 71.64, 72, 48.65, 1, 5897
27265, 19532, 71.64, 72, 48.65, 1, 5897
27266, 19533, 71.64, 72, 48.65, 1, 5897
27267, 19533, 71.64, 72, 48.65, 1, 5897
27268, 19534, 71.64, 72, 48.65, 1, 5897
27269, 19534, 71.63, 72, 48.65, 1, 5898
27270, 19535, 71.64, 72, 48.65, 1, 5898
27271, 19536, 71.64, 72, 48.65, 1, 5898
27272, 19537, 71.64, 72, 48.65, 1, 5898
27273, 19538, 71.64, 72, 48.65, 1, 5898
27274, 19539, 71.64, 72, 48.65, 1, 5898
27275, 19539, 71.64, 72, 48.65, 1, 5899
27276, 19540, 71.64, 72, 48.65, 1, 5899
27277, 19541, 71.64, 72, 48.65, 1, 5899
27278, 19542, 71.64, 72, 48.65, 1, 5899
27279, 19543, 71.64, 72, 48.65, 1, 5899
27280, 19543, 71.64, 72, 48.65, 1, 5900
27281, 19543, 71.64, 72, 48.65, 1, 5901
27282, 19544, 71.64, 72, 48.65, 1, 5901
27283, 19545, 71.64, 72, 48.65, 1, 5901
27284, 19545, 71.64, 72, 48.65, 1, 5902
27285, 19546, 71.64, 72, 48.65, 1, 5902
27286, 19547, 71.64, 72, 48.65, 1, 5902
27287, 19548, 71.64, 72, 48.65, 1, 5902
27288, 19549, 71.64, 72, 48.65, 1, 5902
27289, 19550, 71.64, 72, 48.65, 1, 5902
27290, 19550, 71.64, 72, 48.65, 1, 5903
27291, 19551, 71.64, 72, 48.65, 1, 5903
27292, 19552, 71.64, 72, 48.65, 1, 5903
27293, 19552, 71.64, 72, 48.65, 1, 5904
27294, 19552, 71.63, 72, 48.65, 1, 5905
27295, 19553, 71.64, 72, 48.65, 1, 5905
27296, 19553, 71.63, 72, 48.65, 1, 5906
27297, 19554, 71.63, 72, 48.65, 1, 5906
27298, 19555, 71.64, 72, 48.65, 1, 5906
27299, 19556, 71.64, 72, 48.65, 1, 5906
27300, 19557, 71.64, 72, 48.65, 1, 5906
27301, 19557, 71.63, 72, 48.65, 1, 5907
27302, 19558, 71.64, 72, 48.65, 1, 5907
27303, 19559, 71.64, 72, 48.65, 1, 5907
27304, 19560, 71.64, 72, 48.65, 1, 5907
27305, 19561, 71.64, 72, 48.65, 1, 5907
27306, 19562, 71.64, 72, 48.65, 1, 5907
27307, 19562, 71.64, 72, 48.65, 1, 5908
27308, 19562, 71.63, 72, 48.65, 1, 5909
27309, 19562, 71.63, 72, 48.65, 1, 5910
27310, 19563, 71.63, 72, 48.65, 1, 5910
27311, 19564, 71.63, 72, 48.65, 1, 5910
27312, 19564, 71.63, 72, 48.65, 1, 5910
27313, 19564, 71.63, 72, 48.65, 1, 5910
27314, 19565, 71.63, 72, 48.65, 1, 5910
27315, 19566, 71.63, 72, 48.65, 1, 5910
27316, 19567, 71.63, 72, 48.65, 1, 5910
27317, 19568, 71.63, 72, 48.65, 1, 5910
27318, 19569, 71.63, 72, 48.65, 1, 5910
27319, 19570, 71.64, 72, 48.65, 1, 5910
27320, 19571, 71.64, 72, 48.65, 1, 5910
27321, 19572, 71.64, 72, 48.65, 1, 5910
27322, 19572, 71.63, 72, 48.65, 1, 5911
27323, 19573, 71.64, 72, 48.65, 1, 5911
27324, 19574, 71.64, 72, 48.65, 1, 5911
27325, 19575, 71.64, 72, 48.65, 1, 5911
27326, 19576, 71.64, 72, 48.65, 1, 5911
27327, 19577, 71.64, 72, 48.65, 1, 5911
27328, 19578, 71.64, 72, 48.65, 1, 5911
27329, 19579, 71.64, 72, 48.65, 1, 5911
27330, 19579, 71.64, 72, 48.65, 1, 5912
27331, 19579, 71.64, 72, 48.65, 1, 5913
27332, 19580, 71.64, 72, 48.65, 1, 5913
27333, 19580, 71.64, 72, 48.65, 1, 5914
27334, 19581, 71.64, 72, 48.65, 1, 5914
27335, 19581, 71.63, 72, 48.65, 1, 5915
27336, 19582, 71.63, 72, 48.65, 1, 5915
27337, 19583, 71.64, 72, 48.65, 1, 5915
27338, 19584, 71.64, 72, 48.65, 1, 5915
27339, 19584, 71.63, 72, 48.65, 1, 5916
27340, 19585, 71.63, 72, 48.65, 1, 5916
27341, 19585, 71.63, 72, 48.65, 1, 5916
27342, 19586, 71.63, 72, 48.65, 1, 5916
27343, 19587, 71.63, 72, 48.65, 1, 5916
27344, 19588, 71.64, 72, 48.65, 1, 5916
27345, 19588, 71.63, 72, 48.65, 1, 5916
27346, 19589, 71.63, 72, 48.65, 1, 5916
27347, 19589, 71.63, 72, 48.65, 1, 5916
27348, 19590, 71.63, 72, 48.65, 1, 5916
27349, 19591, 71.63, 72, 48.65, 1, 5916
27350, 19591, 71.63, 72, 48.65, 1, 5917
27351, 19592, 71.63, 72, 48.65, 1, 5917
27352, 19593, 71.63, 72, 48.65, 1, 5917
27353, 19593, 71.63, 72, 48.65, 1, 5918
27354, 19594, 71.63, 72, 48.65, 1, 5918
27355, 19595, 71.63, 72, 48.65, 1, 5918
27356, 19596, 71.63, 72, 48.65, 1, 5918
27357, 19597, 71.63, 72, 48.65, 1, 5918
27358, 19598, 71.64, 72, 48.65, 1, 5918
27359, 19599, 71.64, 72, 48.65, 1, 5918
27360, 19600, 71.64, 72, 48.65, 1, 5918
27361, 19600, 71.63, 72, 48.65, 1, 5919
27362, 19601, 71.64, 72, 48.65, 1, 5919
27363, 19602, 71.64, 72, 48.65, 1, 5919
27364, 19603, 71.64, 72, 48.65, 1, 5919
27365, 19604, 71.64, 72, 48.65, 1, 5919
27366, 19605, 71.64, 72, 48.65, 1, 5919
27367, 19605, 71.64, 72, 48.65, 1, 5920
27368, 19605, 71.63, 72, 48.65, 1, 5921
27369, 19605, 71.63, 72, 48.65, 1, 5922
27370, 19605, 71.63, 72, 48.65, 1, 5923
27371, 19606, 71.63, 72, 48.65, 1, 5923
27372, 19607, 71.63, 72, 48.65, 1, 5923
27373, 19608, 71.63, 72, 48.65, 1, 5923
27374, 19609, 71.63, 72, 48.65, 1, 5923
27375, 19609, 71.63, 72, 48.65, 1, 5924
27376, 19610, 71.63, 72, 48.65, 1, 5924
27377, 19611, 71.63, 72, 48.65, 1, 5924
27378, 19612, 71.63, 72, 48.65, 1, 5924
27379, 19612, 71.63, 72, 48.65, 1, 5925
27380, 19612, 71.63, 72, 48.65, 1, 5926
27381, 19613, 71.63, 72, 48.65, 1, 5926
27382, 19614, 71.63, 72, 48.65, 1, 5926
27383, 19615, 71.63, 72, 48.65, 1, 5926
27384, 19615, 71.63, 72, 48.65, 1, 5927
27385, 19616, 71.63, 72, 48.65, 1, 5927
27386, 19616, 71.63, 72, 48.65, 1, 5928
27387, 19616, 71.63, 72, 48.65, 1, 5929
27388, 19617, 71.63, 72, 48.65, 1, 5929
27389, 19617, 71.62, 72, 48.65, 1, 5930
27390, 19617, 71.62, 72, 48.65, 1, 5931
27391, 19618, 71.62, 72, 48.65, 1, 5931
27392, 19619, 71.62, 72, 48.65, 1, 5931
27393, 19619, 71.62, 72, 48.65, 1, 5932
27394, 19620, 71.62, 72, 48.65, 1, 5932
27395, 19621, 71.62, 72, 48.65, 1, 5932
27396, 19622, 71.62, 72, 48.65, 1, 5932
27397, 19623, 71.62, 72, 48.65, 1, 5932
27398, 19624, 71.63, 72, 48.65, 1, 5932
27399, 19624, 71.62, 72, 48.65, 1, 5933
27400, 19625, 71.62, 72, 48.65, 1, 5933
27401, 19626, 71.63, 72, 48.65, 1, 5933
27402, 19626, 71.62, 72, 48.65, 1, 5934
27403, 19627, 71.62, 72, 48.65, 1, 5934
27404, 19628, 71.62, 72, 48.65, 1, 5934
27405, 19629, 71.63, 72, 48.65, 1, 5934
27406, 19630, 71.63, 72, 48.65, 1, 5934
27407, 19631, 71.63, 72, 48.65, 1, 5934
27408, 19632, 71.63, 72, 48.65, 1, 5934
27409, 19633, 71.63, 72, 48.65, 1, 5934
27410, 19634, 71.63, 72, 48.65, 1, 5934
27411, 19635, 71.63, 72, 48.65, 1, 5934
27412, 19636, 71.63, 72, 48.65, 1, 5934
27413, 19637, 71.63, 72, 48.65, 1, 5934
27414, 19638, 71.63, 72, 48.65, 1, 5934
27415, 19638, 71.63, 72, 48.65, 1, 5935
27416, 19639, 71.63, 72, 48.65, 1, 5935
27417, 19640, 71.63, 72, 48.65, 1, 5935
27418, 19641, 71.64, 72, 48.65, 1, 5935
27419, 19642, 71.64, 72, 48.65, 1, 5935
27420, 19643, 71.64, 72, 48.65, 1, 5935
27421, 19644, 71.64, 72, 48.65, 1, 5935
27422, 19645, 71.64, 72, 48.65, 1, 5935
27423, 19646, 71.64, 72, 48.65, 1, 5935
27424, 19647, 71.64, 72, 48.65, 1, 5935
27425, 19647, 71.64, 72, 48.65, 1, 5936
27426, 19648, 71.64, 72, 48.65, 1, 5936
27427, 19649, 71.64, 72, 48.65, 1, 5936
27428, 19650, 71.64, 72, 48.65, 1, 5936
27429, 19651, 71.64, 72, 48.65, 1, 5936
27430, 19651, 71.64, 72, 48.65, 1, 5936
27431, 19652, 71.64, 72, 48.65, 1, 5936
27432, 19653, 71.64, 72, 48.65, 1, 5936
27433, 19654, 71.64, 72, 48.65, 1, 5936
27434, 19655, 71.64, 72, 48.65, 1, 5936
27435, 19656, 71.65, 72, 48.65, 1, 5936
27436, 19657, 71.65, 72, 48.65, 1, 5936
27437, 19658, 71.65, 72, 48.65, 1, 5936
27438, 19658, 71.65, 72, 48.65, 1, 5936
27439, 19658, 71.64, 72, 48.65, 1, 5937
27440, 19658, 71.64, 72, 48.65, 1, 5938
27441, 19658, 71.64, 72, 48.65, 1, 5939
27442, 19658, 71.63, 72, 48.65, 1, 5940
27443, 19659, 71.64, 72, 48.65, 1, 5940
27444, 19660, 71.64, 72, 48.65, 1, 5940
27445, 19661, 71.64, 72, 48.65, 1, 5940
27446, 19662, 71.64, 72, 48.65, 1, 5940
27447, 19663, 71.64, 72, 48.65, 1, 5940
27448, 19664, 71.64, 72, 48.65, 1, 5940
27449, 19664, 71.64, 72, 48.65, 1, 5941
27450, 19664, 71.64, 72, 48.65, 1, 5942
27451, 19664, 71.63, 72, 48.65, 1, 5943
27452, 19665, 71.63, 72, 48.65, 1, 5943
27453, 19666, 71.64, 72, 48.65, 1, 5943
27454, 19667, 71.64, 72, 48.65, 1, 5943
27455, 19667, 71.63, 72, 48.65, 1, 5944
27456, 19667, 71.63, 72, 48.65, 1, 5945
27457, 19668, 71.63, 72, 48.65, 1, 5945
27458, 19669, 71.63, 72, 48.65, 1, 5945
27459, 19670, 71.63, 72, 48.65, 1, 5945
27460, 19671, 71.64, 72, 48.65, 1, 5945
27461, 19671, 71.63, 72, 48.65, 1, 5945
27462, 19671, 71.63, 72, 48.65, 1, 5946
27463, 19672, 71.63, 72, 48.65, 1, 5946
27464, 19673, 71.63, 72, 48.65, 1, 5946
27465, 19674, 71.63, 72, 48.65, 1, 5946
27466, 19675, 71.63, 72, 48.65, 1, 5946
27467, 19676, 71.64, 72, 48.65, 1, 5946
27468, 19677, 71.64, 72, 48.65, 1, 5946
27469, 19677, 71.63, 72, 48.65, 1, 5947
27470, 19678, 71.63, 72, 48.65, 1, 5947
27471, 19679, 71.64, 72, 48.65, 1, 5947
27472, 19680, 71.64, 72, 48.65, 1, 5947
27473, 19680, 71.63, 72, 48.65, 1, 5948
27474, 19681, 71.64, 72, 48.65, 1, 5948
27475, 19682, 71.64, 72, 48.65, 1, 5948
27476, 19683, 71.64, 72, 48.65, 1, 5948
27477, 19684, 71.64, 72, 48.65, 1, 5948
27478, 19685, 71.64, 72, 48.65, 1, 5948
27479, 19686, 71.64, 72, 48.65, 1, 5948
27480, 19687, 71.64, 72, 48.65, 1, 5948
27481, 19687, 71.64, 72, 48.65, 1, 5949
27482, 19687, 71.64, 72, 48.65, 1, 5950
27483, 19688, 71.64, 72, 48.65, 1, 5950
27484, 19688, 71.63, 72, 48.65, 1, 5950
27485, 19689, 71.64, 72, 48.65, 1, 5950
27486, 19690, 71.64, 72, 48.65, 1, 5950
27487, 19690, 71.63, 72, 48.65, 1, 5950
27488, 19691, 71.63, 72, 48.65, 1, 5950
27489, 19691, 71.63, 72, 48.65, 1, 5950
27490, 19691, 71.63, 72, 48.65, 1, 5950
27491, 19692, 71.63, 72, 48.65, 1, 5950
27492, 19693, 71.63, 72, 48.65, 1, 5950
27493, 19694, 71.63, 72, 48.65, 1, 5950
27494, 19694, 71.63, 72, 48.65, 1, 5951
27495, 19695, 71.63, 72, 48.65, 1, 5951
27496, 19696, 71.63, 72, 48.65, 1, 5951
27497, 19697, 71.63, 72, 48.65, 1, 5951
27498, 19698, 71.63, 72, 48.65, 1, 5951
27499, 19698, 71.63, 72, 48.65, 1, 5952
27500, 19699, 71.63, 72, 48.65, 1, 5952
27501, 19700, 71.63, 72, 48.65, 1, 5952
27502, 19701, 71.63, 72, 48.65, 1, 5952
27503, 19702, 71.64, 72, 48.65, 1, 5952
27504, 19703, 71.64, 72, 48.65, 1, 5952
27505, 19704, 71.64, 72, 48.65, 1, 5952
27506, 19705, 71.64, 72, 48.65, 1, 5952
27507, 19705, 71.64, 72, 48.65, 1, 5953
27508, 19706, 71.64, 72, 48.65, 1, 5953
27509, 19707, 71.64, 72, 48.65, 1, 5953
27510, 19708, 71.64, 72, 48.65, 1, 5953
27511, 19709, 71.64, 72, 48.65, 1, 5953
27512, 19709, 71.64, 72, 48.65, 1, 5954
27513, 19710, 71.64, 72, 48.65, 1, 5954
27514, 19711, 71.64, 72, 48.65, 1, 5954
27515, 19712, 71.64, 72, 48.65, 1, 5954
27516, 19712, 71.64, 72, 48.65, 1, 5955
27517, 19713, 71.64, 72, 48.65, 1, 5955
27518, 19713, 71.64, 72, 48.65, 1, 5956
27519, 19713, 71.63, 72, 48.65, 1, 5957
27520, 19714, 71.64, 72, 48.65, 1, 5957
27521, 19714, 71.63, 72, 48.65, 1, 5957
27522, 19715, 71.63, 72, 48.65, 1, 5957
27523, 19715, 71.63, 72, 48.65, 1, 5957
27524, 19716, 71.63, 72, 48.65, 1, 5957
27525, 19717, 71.63, 72, 48.65, 1, 5957
27526, 19717, 71.63, 72, 48.65, 1, 5957
27527, 19718, 71.63, 72, 48.65, 1, 5957
27528, 19719, 71.63, 72, 48.65, 1, 5957
27529, 19720, 71.63, 72, 48.65, 1, 5957
27530, 19720, 71.63, 72, 48.65, 1, 5958
27531, 19720, 71.63, 72, 48.65, 1, 5959
27532, 19720, 71.63, 72, 48.65, 1, 5959
27533, 19720, 71.62, 72, 48.65, 1, 5960
27534, 19721, 71.62, 72, 48.65, 1, 5960
27535, 19722, 71.63, 72, 48.65, 1, 5960
27536, 19722, 71.62, 72, 48.65, 1, 5961
27537, 19723, 71.62, 72, 48.65, 1, 5961
27538, 19724, 71.62, 72, 48.65, 1, 5961
27539, 19725, 71.63, 72, 48.65, 1, 5961
27540, 19726, 71.63, 72, 48.65, 1, 5961
27541, 19727, 71.63, 72, 48.65, 1, 5961
27542, 19728, 71.63, 72, 48.65, 1, 5961
27543, 19729, 71.63, 72, 48.65, 1, 5961
27544, 19729, 71.63, 72, 48.65, 1, 5961
27545, 19729, 71.62, 72, 48.65, 1, 5961
27546, 19730, 71.63, 72, 48.65, 1, 5961
27547, 19730, 71.62, 72, 48.65, 1, 5961
27548, 19731, 71.62, 72, 48.65, 1, 5961
27549, 19732, 71.63, 72, 48.65, 1, 5961
27550, 19733, 71.63, 72, 48.65, 1, 5961
27551, 19734, 71.63, 72, 48.65, 1, 5961
27552, 19735, 71.63, 72, 48.65, 1, 5961
27553, 19735, 71.63, 72, 48.65, 1, 5961
27554, 19736, 71.63, 72, 48.65, 1, 5961
27555, 19737, 71.63, 72, 48.65, 1, 5961
27556, 19738, 71.63, 72, 48.65, 1, 5961
27557, 19739, 71.63, 72, 48.65, 1, 5961
27558, 19740, 71.63, 72, 48.65, 1, 5961
27559, 19741, 71.63, 72, 48.65, 1, 5961
27560, 19742, 71.63, 72, 48.65, 1, 5961
27561, 19743, 71.63, 72, 48.65, 1, 5961
27562, 19744, 71.63, 72, 48.65, 1, 5961
27563, 19745, 71.64, 72, 48.65, 1, 5961
27564, 19745, 71.63, 72, 48.65, 1, 5961
27565, 19746, 71.63, 72, 48.65, 1, 5961
27566, 19746, 71.63, 72, 48.65, 1, 5961
27567, 19746, 71.63, 72, 48.65, 1, 5962
27568, 19747, 71.63, 72, 48.65, 1, 5962
27569, 19748, 71.63, 72, 48.65, 1, 5962
27570, 19749, 71.63, 72, 48.65, 1, 5962
27571, 19749, 71.63, 72, 48.65, 1, 5963
27572, 19750, 71.63, 72, 48.65, 1, 5963
27573, 19751, 71.63, 72, 48.65, 1, 5963
27574, 19751, 71.63, 72, 48.65, 1, 5964
27575, 19751, 71.63, 72, 48.65, 1, 5965
27576, 19752, 71.63, 72, 48.65, 1, 5965
27577, 19753, 71.63, 72, 48.65, 1, 5965
27578, 19753, 71.63, 72, 48.65, 1, 5965
27579, 19753, 71.62, 72, 48.65, 1, 5966
27580, 19753, 71.62, 72, 48.65, 1, 5967
27581, 19754, 71.62, 72, 48.65, 1, 5967
27582, 19754, 71.62, 72, 48.65, 1, 5968
27583, 19754, 71.62, 72, 48.65, 1, 5969
27584, 19755, 71.62, 72, 48.65, 1, 5969
27585, 19756, 71.62, 72, 48.65, 1, 5969
27586, 19757, 71.62, 72, 48.65, 1, 5969
27587, 19758, 71.62, 72, 48.65, 1, 5969
27588, 19759, 71.62, 72, 48.65, 1, 5969
27589, 19760, 71.62, 72, 48.65, 1, 5969
27590, 19761, 71.62, 72, 48.65, 1, 5969
27591, 19762, 71.62, 72, 48.65, 1, 5969
27592, 19763, 71.63, 72, 48.65, 1, 5969
27593, 19764, 71.63, 72, 48.65, 1, 5969
27594, 19765, 71.63, 72, 48.65, 1, 5969
27595, 19765, 71.63, 72, 48.65, 1, 5970
27596, 19766, 71.63, 72, 48.65, 1, 5970
27597, 19766, 71.62, 72, 48.65, 1, 5971
27598, 19766, 71.62, 72, 48.65, 1, 5972
27599, 19767, 71.62, 72, 48.65, 1, 5972
27600, 19768, 71.62, 72, 48.65, 1, 5972
27601, 19769, 71.62, 72, 48.65, 1, 5972
27602, 19770, 71.63, 72, 48.65, 1, 5972
27603, 19770, 71.62, 72, 48.65, 1, 5973
27604, 19771, 71.62, 72, 48.65, 1, 5973
27605, 19772, 71.62, 72, 48.65, 1, 5973
27606, 19773, 71.63, 72, 48.65, 1, 5973
27607, 19773, 71.62, 72, 48.65, 1, 5973
27608, 19774, 71.62, 72, 48.65, 1, 5973
27609, 19775, 71.63, 72, 48.65, 1, 5973
27610, 19775, 71.62, 72, 48.65, 1, 5973
27611, 19775, 71.62, 72, 48.65, 1, 5973
27612, 19776, 71.62, 72, 48.65, 1, 5973
27613, 19777, 71.62, 72, 48.65, 1, 5973
27614, 19778, 71.62, 72, 48.65, 1, 5973
27615, 19779, 71.62, 72, 48.65, 1, 5973
27616, 19780, 71.63, 72, 48.65, 1, 5973
27617, 19781, 71.63, 72, 48.65, 1, 5973
27618, 19781, 71.62, 72, 48.65, 1, 5973
27619, 19782, 71.62, 72, 48.65, 1, 5973
27620, 19783, 71.63, 72, 48.65, 1, 5973
27621, 19784, 71.63, 72, 48.65, 1, 5973
27622, 19785, 71.63, 72, 48.65, 1, 5973
27623, 19786, 71.63, 72, 48.65, 1, 5973
27624, 19787, 71.63, 72, 48.65, 1, 5973
27625, 19788, 71.63, 72, 48.65, 1, 5973
27626, 19789, 71.63, 72, 48.65, 1, 5973
27627, 19790, 71.63, 72, 48.65, 1, 5973
27628, 19791, 71.63, 72, 48.65, 1, 5973
27629, 19791, 71.63, 72, 48.65, 1, 5973
27630, 19792, 71.63, 72, 48.65, 1, 5973
27631, 19793, 71.63, 72, 48.65, 1, 5973
27632, 19794, 71.63, 72, 48.65, 1, 5973
27633, 19794, 71.63, 72, 48.65, 1, 5974
27634, 19795, 71.63, 72, 48.65, 1, 5974
27635, 19796, 71.63, 72, 48.65, 1, 5974
27636, 19797, 71.63, 72, 48.65, 1, 5974
27637, 19798, 71.64, 72, 48.65, 1, 5974
27638, 19799, 71.64, 72, 48.65, 1, 5974
27639, 19800, 71.64, 72, 48.65, 1, 5974
27640, 19801, 71.64, 72, 48.65, 1, 5974
27641, 19802, 71.64, 72, 48.65, 1, 5974
27642, 19803, 71.64, 72, 48.65, 1, 5974
27643, 19804, 71.64, 72, 48.65, 1, 5974
27644, 19805, 71.64, 72, 48.65, 1, 5974
27645, 19806, 71.64, 72, 48.65, 1, 5974
27646, 19806, 71.64, 72, 48.65, 1, 5975
27647, 19807, 71.64, 72, 48.65, 1, 5975
27648, 19808, 71.64, 72, 48.65, 1, 5975
27649, 19809, 71.64, 72, 48.65, 1, 5975
27650, 19810, 71.65, 72, 48.65, 1, 5975
27651, 19811, 71.65, 72, 48.65, 1, 5975
27652, 19811, 71.64, 72, 48.65, 1, 5976
27653, 19811, 71.64, 72, 48.65, 1, 5977
27654, 19811, 71.64, 72, 48.65, 1, 5978
27655, 19812, 71.64, 72, 48.65, 1, 5978
27656, 19813, 71.64, 72, 48.65, 1, 5978
27657, 19814, 71.64, 72, 48.65, 1, 5978
27658, 19815, 71.64, 72, 48.65, 1, 5978
27659, 19816, 71.64, 72, 48.65, 1, 5978
27660, 19817, 71.64, 72, 48.65, 1, 5978
27661, 19818, 71.65, 72, 48.65, 1, 5978
27662, 19819, 71.65, 72, 48.65, 1, 5978
27663, 19820, 71.65, 72, 48.65, 1, 5978
27664, 19821, 71.65, 72, 48.65, 1, 5978
27665, 19822, 71.65, 72, 48.65, 1, 5978
27666, 19823, 71.65, 72, 48.65, 1, 5978
27667, 19824, 71.65, 72, 48.65, 1, 5978
27668, 19824, 71.65, 72, 48.65, 1, 5979
27669, 19825, 71.65, 72, 48.65, 1, 5979
27670, 19826, 71.65, 72, 48.65, 1, 5979
27671, 19827, 71.65, 72, 48.65, 1, 5979
27672, 19828, 71.65, 72, 48.65, 1, 5979
27673, 19829, 71.65, 72, 48.65, 1, 5979
27674, 19830, 71.66, 72, 48.65, 1, 5979
27675, 19830, 71.65, 72, 48.65, 1, 5980
27676, 19830, 71.65, 72, 48.65, 1, 5981
27677, 19831, 71.65, 72, 48.65, 1, 5981
27678, 19832, 71.65, 72, 48.65, 1, 5981
27679, 19832, 71.65, 72, 48.65, 1, 5981
27680, 19833, 71.65, 72, 48.65, 1, 5981
27681, 19833, 71.65, 72, 48.65, 1, 5981
27682, 19834, 71.65, 72, 48.65, 1, 5981
27683, 19835, 71.65, 72, 48.65, 1, 5981
27684, 19836, 71.65, 72, 48.65, 1, 5981
27685, 19837, 71.65, 72, 48.65, 1, 5981
27686, 19837, 71.65, 72, 48.65, 1, 5981
27687, 19838, 71.65, 72, 48.65, 1, 5981
27688, 19838, 71.65, 72, 48.65, 1, 5981
27689, 19838, 71.65, 72, 48.65, 1, 5981
27690, 19838, 71.64, 72, 48.65, 1, 5981
27691, 19839, 71.64, 72, 48.65, 1, 5981
27692, 19840, 71.65, 72, 48.65, 1, 5981
27693, 19841, 71.65, 72, 48.65, 1, 5981
27694, 19842, 71.65, 72, 48.65, 1, 5981
27695, 19843, 71.65, 72, 48.65, 1, 5981
27696, 19844, 71.65, 72, 48.65, 1, 5981
27697, 19844, 71.65, 72, 48.65, 1, 5982
27698, 19845, 71.65, 72, 48.65, 1, 5982
27699, 19845, 71.65, 72, 48.65, 1, 5983
27700, 19846, 71.65, 72, 48.65, 1, 5983
27701, 19846, 71.64, 72, 48.65, 1, 5984
27702, 19847, 71.64, 72, 48.65, 1, 5984
27703, 19848, 71.65, 72, 48.65, 1, 5984
27704, 19849, 71.65, 72, 48.65, 1, 5984
27705, 19850, 71.65, 72, 48.65, 1, 5984
27706, 19851, 71.65, 72, 48.65, 1, 5984
27707, 19852, 71.65, 72, 48.65, 1, 5984
27708, 19853, 71.65, 72, 48.65, 1, 5984
27709, 19853, 71.65, 72, 48.65, 1, 5984
27710, 19853, 71.65, 72, 48.65, 1, 5984
27711, 19854, 71.65, 72, 48.65, 1, 5984
27712, 19855, 71.65, 72, 48.65, 1, 5984
27713, 19856, 71.65, 72, 48.65, 1, 5984
27714, 19856, 71.65, 72, 48.65, 1, 5984
27715, 19857, 71.65, 72, 48.65, 1, 5984
27716, 19858, 71.65, 72, 48.65, 1, 5984
27717, 19859, 71.65, 72, 48.65, 1, 5984
27718, 19860, 71.65, 72, 48.65, 1, 5984
27719, 19861, 71.65, 72, 48.65, 1, 5984
27720, 19862, 71.65, 72, 48.65, 1, 5984
27721, 19862, 71.65, 72, 48.65, 1, 5985
27722, 19863, 71.65, 72, 48.65, 1, 5985
27723, 19864, 71.65, 72, 48.65, 1, 5985
27724, 19865, 71.65, 72, 48.65, 1, 5985
27725, 19866, 71.65, 72, 48.65, 1, 5985
27726, 19867, 71.65, 72, 48.65, 1, 5985
27727, 19867, 71.65, 72, 48.65, 1, 5986
27728, 19867, 71.65, 72, 48.65, 1, 5987
27729, 19867, 71.65, 72, 48.65, 1, 5988
27730, 19868, 71.65, 72, 48.65, 1, 5988
27731, 19868, 71.65, 72, 48.65, 1, 5989
27732, 19869, 71.65, 72, 48.65, 1, 5989
27733, 19870, 71.65, 72, 48.65, 1, 5989
27734, 19871, 71.65, 72, 48.65, 1, 5989
27735, 19871, 71.65, 72, 48.65, 1, 5990
27736, 19872, 71.65, 72, 48.65, 1, 5990
27737, 19872, 71.64, 72, 48.65, 1, 5991
27738, 19873, 71.65, 72, 48.65, 1, 5991
27739, 19874, 71.65, 72, 48.65, 1, 5991
27740, 19874, 71.64, 72, 48.65, 1, 5992
27741, 19875, 71.64, 72, 48.65, 1, 5992
27742, 19875, 71.64, 72, 48.65, 1, 5993
27743, 19876, 71.64, 72, 48.65, 1, 5993
27744, 19877, 71.64, 72, 48.65, 1, 5993
27745, 19878, 71.65, 72, 48.65, 1, 5993
27746, 19879, 71.65, 72, 48.65, 1, 5993
27747, 19879, 71.64, 72, 48.65, 1, 5994
27748, 19880, 71.64, 72, 48.65, 1, 5994
27749, 19881, 71.65, 72, 48.65, 1, 5994
27750, 19881, 71.64, 72, 48.65, 1, 5995
27751, 19881, 71.64, 72, 48.65, 1, 5996
27752, 19882, 71.64, 72, 48.65, 1, 5996
27753, 19883, 71.64, 72, 48.65, 1, 5996
27754, 19884, 71.64, 72, 48.65, 1, 5996
27755, 19885, 71.64, 72, 48.65, 1, 5996
27756, 19886, 71.65, 72, 48.65, 1, 5996
27757, 19887, 71.65, 72, 48.65, 1, 5996
27758, 19888, 71.65, 72, 48.65, 1, 5996
27759, 19888, 71.65, 72, 48.65, 1, 5997
27760, 19889, 71.65, 72, 48.65, 1, 5997
27761, 19889, 71.64, 72, 48.65, 1, 5998
27762, 19889, 71.64, 72, 48.65, 1, 5998
27763, 19889, 71.64, 72, 48.65, 1, 5999
27764, 19890, 71.64, 72, 48.65, 1, 5999
27765, 19891, 71.64, 72, 48.65, 1, 5999
27766, 19891, 71.64, 72, 48.65, 1, 6000
27767, 19892, 71.64, 72, 48.65, 1, 6000
27768, 19893, 71.64, 72, 48.65, 1, 6000
27769, 19894, 71.64, 72, 48.65, 1, 6000
27770, 19894, 71.64, 72, 48.65, 1, 6001
27771, 19894, 71.64, 72, 48.65, 1, 6002
27772, 19894, 71.63, 72, 48.65, 1, 6003
27773, 19894, 71.63, 72, 48.65, 1, 6004
27774, 19895, 71.63, 72, 48.65, 1, 6004
27775, 19896, 71.63, 72, 48.65, 1, 6004
27776, 19897, 71.63, 72, 48.65, 1, 6004
27777, 19898, 71.63, 72, 48.65, 1, 6004
27778, 19899, 71.64, 72, 48.65, 1, 6004
27779, 19900, 71.64, 72, 48.65, 1, 6004
27780, 19900, 71.63, 72, 48.65, 1, 6004
27781, 19901, 71.64, 72, 48.65, 1, 6004
27782, 19902, 71.64, 72, 48.65, 1, 6004
27783, 19903, 71.64, 72, 48.65, 1, 6004
27784, 19904, 71.64, 72, 48.65, 1, 6004
27785, 19904, 71.64, 72, 48.65, 1, 6004
27786, 19905, 71.64, 72, 48.65, 1, 6004
27787, 19906, 71.64, 72, 48.65, 1, 6004
27788, 19907, 71.64, 72, 48.65, 1, 6004
27789, 19907, 71.64, 72, 48.65, 1, 6005
27790, 19908, 71.64, 72, 48.65, 1, 6005
27791, 19908, 71.63, 72, 48.65, 1, 6006
27792, 19908, 71.63, 72, 48.65, 1, 6007
27793, 19909, 71.63, 72, 48.65, 1, 6007
27794, 19910, 71.63, 72, 48.65, 1, 6007
27795, 19911, 71.64, 72, 48.65, 1, 6007
27796, 19911, 71.63, 72, 48.65, 1, 6008
27797, 19912, 71.63, 72, 48.65, 1, 6008
27798, 19913, 71.63, 72, 48.65, 1, 6008
27799, 19914, 71.64, 72, 48.65, 1, 6008
27800, 19915, 71.64, 72, 48.65, 1, 6008
27801, 19915, 71.63, 72, 48.65, 1, 6009
27802, 19916, 71.64, 72, 48.65, 1, 6009
27803, 19916, 71.63, 72, 48.65, 1, 6009
27804, 19916, 71.63, 72, 48.65, 1, 6009
27805, 19917, 71.63, 72, 48.65, 1, 6009
27806, 19918, 71.63, 72, 48.65, 1, 6009
27807, 19919, 71.63, 72, 48.65, 1, 6009
27808, 19920, 71.63, 72, 48.65, 1, 6009
27809, 19921, 71.64, 72, 48.65, 1, 6009
27810, 19922, 71.64, 72, 48.65, 1, 6009
27811, 19923, 71.64, 72, 48.65, 1, 6009
27812, 19923, 71.63, 72, 48.65, 1, 6010
27813, 19923, 71.63, 72, 48.65, 1, 6011
27814, 19923, 71.63, 72, 48.65, 1, 6012
27815, 19923, 71.63, 72, 48.65, 1, 6013
27816, 19924, 71.63, 72, 48.65, 1, 6013
27817, 19925, 71.63, 72, 48.65, 1, 6013
27818, 19925, 71.63, 72, 48.65, 1, 6014
27819, 19925, 71.62, 72, 48.65, 1, 6015
27820, 19925, 71.62, 72, 48.65, 1, 6015
27821, 19925, 71.62, 72, 48.65, 1, 6016
27822, 19926, 71.62, 72, 48.65, 1, 6016
27823, 19927, 71.62, 72, 48.65, 1, 6016
27824, 19928, 71.62, 72, 48.65, 1, 6016
27825, 19929, 71.62, 72, 48.65, 1, 6016
27826, 19930, 71.62, 72, 48.65, 1, 6016
27827, 19931, 71.62, 72, 48.65, 1, 6016
27828, 19932, 71.63, 72, 48.65, 1, 6016
27829, 19932, 71.62, 72, 48.65, 1, 6017
27830, 19933, 71.62, 72, 48.65, 1, 6017
27831, 19933, 71.62, 72, 48.65, 1, 6018
27832, 19934, 71.62, 72, 48.65, 1, 6018
27833, 19934, 71.62, 72, 48.65, 1, 6019
27834, 19935, 71.62, 72, 48.65, 1, 6019
27835, 19936, 71.62, 72, 48.65, 1, 6019
27836, 19937, 71.62, 72, 48.65, 1, 6019
27837, 19937, 71.62, 72, 48.65, 1, 6020
27838, 19938, 71.62, 72, 48.65, 1, 6020
27839, 19939, 71.62, 72, 48.65, 1, 6020
27840, 19940, 71.62, 72, 48.65, 1, 6020
27841, 19941, 71.62, 72, 48.65, 1, 6020
27842, 19941, 71.62, 72, 48.65, 1, 6020
27843, 19942, 71.62, 72, 48.65, 1, 6020
27844, 19942, 71.62, 72, 48.65, 1, 6021
27845, 19943, 71.62, 72, 48.65, 1, 6021
27846, 19944, 71.62, 72, 48.65, 1, 6021
27847, 19945, 71.62, 72, 48.65, 1, 6021
27848, 19946, 71.62, 72, 48.65, 1, 6021
27849, 19947, 71.63, 72, 48.65, 1, 6021
27850, 19948, 71.63, 72, 48.65, 1, 6021
27851, 19949, 71.63, 72, 48.65, 1, 6021
27852, 19950, 71.63, 72, 48.65, 1, 6021
27853, 19950, 71.63, 72, 48.65, 1, 6022
27854, 19950, 71.62, 72, 48.65, 1, 6022
27855, 19951, 71.62, 72, 48.65, 1, 6022
27856, 19951, 71.62, 72, 48.65, 1, 6022
27857, 19952, 71.62, 72, 48.65, 1, 6022
27858, 19953, 71.62, 72, 48.65, 1, 6022
27859, 19954, 71.62, 72, 48.65, 1, 6022
27860, 19955, 71.63, 72, 48.65, 1, 6022
27861, 19955, 71.62, 72, 48.65, 1, 6023
27862, 19956, 71.62, 72, 48.65, 1, 6023
27863, 19956, 71.62, 72, 48.65, 1, 6024
27864, 19957, 71.62, 72, 48.65, 1, 6024
27865, 19958, 71.62, 72, 48.65, 1, 6024
27866, 19959, 71.62, 72, 48.65, 1, 6024
27867, 19960, 71.63, 72, 48.65, 1, 6024
27868, 19960, 71.62, 72, 48.65, 1, 6025
27869, 19960, 71.62, 72, 48.65, 1, 6026
27870, 19960, 71.62, 72, 48.65, 1, 6026
27871, 19961, 71.62, 72, 48.65, 1, 6026
27872, 19962, 71.62, 72, 48.65, 1, 6026
27873, 19963, 71.62, 72, 48.65, 1, 6026
27874, 19964, 71.62, 72, 48.65, 1, 6026
27875, 19965, 71.62, 72, 48.65, 1, 6026
27876, 19966, 71.62, 72, 48.65, 1, 6026
27877, 19967, 71.63, 72, 48.65, 1, 6026
27878, 19968, 71.63, 72, 48.65, 1, 6026
27879, 19969, 71.63, 72, 48.65, 1, 6026
27880, 19969, 71.62, 72, 48.65, 1, 6027
27881, 19970, 71.63, 72, 48.65, 1, 6027
27882, 19971, 71.63, 72, 48.65, 1, 6027
27883, 19972, 71.63, 72, 48.65, 1, 6027
27884, 19972, 71.63, 72, 48.65, 1, 6028
27885, 19973, 71.63, 72, 48.65, 1, 6028
27886, 19973, 71.62, 72, 48.65, 1, 6029
27887, 19973, 71.62, 72, 48.65, 1, 6030
27888, 19974, 71.62, 72, 48.65, 1, 6030
27889, 19975, 71.62, 72, 48.65, 1, 6030
27890, 19975, 71.62, 72, 48.65, 1, 6031
27891, 19976, 71.62, 72, 48.65, 1, 6031
27892, 19977, 71.62, 72, 48.65, 1, 6031
27893, 19978, 71.62, 72, 48.65, 1, 6031
27894, 19979, 71.62, 72, 48.65, 1, 6031
27895, 19980, 71.63, 72, 48.65, 1, 6031
27896, 19981, 71.63, 72, 48.65, 1, 6031
27897, 19982, 71.63, 72, 48.65, 1, 6031
27898, 19982, 71.63, 72, 48.65, 1, 6032
27899, 19983, 71.63, 72, 48.65, 1, 6032
27900, 19984, 71.63, 72, 48.65, 1, 6032
27901, 19985, 71.63, 72, 48.65, 1, 6032
27902, 19986, 71.63, 72, 48.65, 1, 6032
27903, 19987, 71.63, 72, 48.65, 1, 6032
27904, 19988, 71.63, 72, 48.65, 1, 6032
27905, 19989, 71.63, 72, 48.65, 1, 6032
27906, 19989, 71.63, 72, 48.65, 1, 6033
27907, 19990, 71.63, 72, 48.65, 1, 6033
27908, 19990, 71.63, 72, 48.65, 1, 6034
27909, 19990, 71.63, 72, 48.65, 1, 6035
27910, 19991, 71.63, 72, 48.65, 1, 6035
27911, 19992, 71.63, 72, 48.65, 1, 6035
27912, 19993, 71.63, 72, 48.65, 1, 6035
27913, 19994, 71.63, 72, 48.65, 1, 6035
27914, 19994, 71.63, 72, 48.65, 1, 6035
27915, 19994, 71.62, 72, 48.65, 1, 6036
27916, 19995, 71.63, 72, 48.65, 1, 6036
27917, 19995, 71.62, 72, 48.65, 1, 6037
27918, 19996, 71.62, 72, 48.65, 1, 6037
27919, 19996, 71.62, 72, 48.65, 1, 6037
27920, 19997, 71.62, 72, 48.65, 1, 6037
27921, 19998, 71.62, 72, 48.65, 1, 6037
27922, 19999, 71.62, 72, 48.65, 1, 6037
27923, 19999, 71.62, 72, 48.65, 1, 6037
27924, 20000, 71.62, 72, 48.65, 1, 6037
27925, 20001, 71.62, 72, 48.65, 1, 6037
27926, 20001, 71.62, 72, 48.65, 1, 6037
27927, 20002, 71.62, 72, 48.65, 1, 6037
27928, 20003, 71.62, 72, 48.65, 1, 6037
27929, 20004, 71.62, 72, 48.65, 1, 6037
27930, 20005, 71.63, 72, 48.65, 1, 6037
27931, 20006, 71.63, 72, 48.65, 1, 6037
27932, 20006, 71.62, 72, 48.65, 1, 6037
27933, 20007, 71.62, 72, 48.65, 1, 6037
27934, 20008, 71.63, 72, 48.65, 1, 6037
27935, 20009, 71.63, 72, 48.65, 1, 6037
27936, 20010, 71.63, 72, 48.65, 1, 6037
27937, 20011, 71.63, 72, 48.65, 1, 6037
27938, 20012, 71.63, 72, 48.65, 1, 6037
27939, 20013, 71.63, 72, 48.65, 1, 6037
27940, 20014, 71.63, 72, 48.65, 1, 6037
27941, 20015, 71.63, 72, 48.65, 1, 6037
27942, 20016, 71.63, 72, 48.65, 1, 6037
27943, 20017, 71.64, 72, 48.65, 1, 6037
27944, 20018, 71.64, 72, 48.65, 1, 6037
27945, 20018, 71.63, 72, 48.65, 1, 6038
27946, 20019, 71.63, 72, 48.65, 1, 6038
27947, 20019, 71.63, 72, 48.65, 1, 6039
27948, 20020, 71.63, 72, 48.65, 1, 6039
27949, 20021, 71.63, 72, 48.65, 1, 6039
27950, 20022, 71.64, 72, 48.65, 1, 6039
27951, 20023, 71.64, 72, 48.65, 1, 6039
27952, 20024, 71.64, 72, 48.65, 1, 6039
27953, 20025, 71.64, 72, 48.65, 1, 6039
27954, 20026, 71.64, 72, 48.65, 1, 6039
27955, 20026, 71.64, 72, 48.65, 1, 6040
27956, 20027, 71.64, 72, 48.65, 1, 6040
27957, 20028, 71.64, 72, 48.65, 1, 6040
27958, 20029, 71.64, 72, 48.65, 1, 6040
27959, 20030, 71.64, 72, 48.65, 1, 6040
27960, 20031, 71.64, 72, 48.65, 1, 6040
27961, 20031, 71.64, 72, 48.65, 1, 6041
27962, 20032, 71.64, 72, 48.65, 1, 6041
27963, 20032, 71.64, 72, 48.65, 1, 6042
27964, 20033, 71.64, 72, 48.65, 1, 6042
27965, 20034, 71.64, 72, 48.65, 1, 6042
27966, 20035, 71.64, 72, 48.65, 1, 6042
27967, 20036, 71.64, 72, 48.65, 1, 6042
27968, 20037, 71.64, 72, 48.65, 1, 6042
27969, 20038, 71.64, 72, 48.65, 1, 6042
27970, 20038, 71.64, 72, 48.65, 1, 6043
27971, 20039, 71.64, 72, 48.65, 1, 6043
27972, 20040, 71.64, 72, 48.65, 1, 6043
27973, 20041, 71.64, 72, 48.65, 1, 6043
27974, 20042, 71.65, 72, 48.65, 1, 6043
27975, 20043, 71.65, 72, 48.65, 1, 6043
27976, 20044, 71.65, 72, 48.65, 1, 6043
27977, 20045, 71.65, 72, 48.65, 1, 6043
27978, 20045, 71.65, 72, 48.65, 1, 6044
27979, 20046, 71.65, 72, 48.65, 1, 6044
27980, 20047, 71.65, 72, 48.65, 1, 6044
27981, 20048, 71.65, 72, 48.65, 1, 6044
27982, 20049, 71.65, 72, 48.65, 1, 6044
27983, 20050, 71.65, 72, 48.65, 1, 6044
27984, 20051, 71.65, 72, 48.65, 1, 6044
27985, 20052, 71.65, 72, 48.65, 1, 6044
27986, 20053, 71.65, 72, 48.65, 1, 6044
27987, 20054, 71.65, 72, 48.65, 1, 6044
27988, 20055, 71.66, 72, 48.65, 1, 6044
27989, 20055, 71.65, 72, 48.65, 1, 6045
27990, 20055, 71.65, 72, 48.65, 1, 6046
27991, 20055, 71.65, 72, 48.65, 1, 6047
27992, 20056, 71.65, 72, 48.65, 1, 6047
27993, 20056, 71.65, 72, 48.65, 1, 6047
27994, 20057, 71.65, 72, 48.65, 1, 6047
27995, 20058, 71.65, 72, 48.65, 1, 6047
27996, 20059, 71.65, 72, 48.65, 1, 6047
27997, 20060, 71.65, 72, 48.65, 1, 6047
27998, 20060, 71.65, 72, 48.65, 1, 6048
27999, 20061, 71.65, 72, 48.65, 1, 6048
28000, 20062, 71.65, 72, 48.65, 1, 6048
28001, 20063, 71.65, 72, 48.65, 1, 6048
28002, 20064, 71.65, 72, 48.65, 1, 6048
28003, 20065, 71.65, 72, 48.65, 1, 6048
28004, 20066, 71.65, 72, 48.65, 1, 6048
28005, 20067, 71.66, 72, 48.65, 1, 6048
28006, 20068, 71.66, 72, 48.65, 1, 6048
28007, 20069, 71.66, 72, 48.65, 1, 6048
28008, 20070, 71.66, 72, 48.65, 1, 6048
28009, 20071, 71.66, 72, 48.65, 1, 6048
28010, 20072, 71.66, 72, 48.65, 1, 6048
28011, 20073, 71.66, 72, 48.65, 1, 6048
28012, 20074, 71.66, 72, 48.65, 1, 6048
28013, 20074, 71.66, 72, 48.65, 1, 6049
28014, 20074, 71.66, 72, 48.65, 1, 6050
28015, 20075, 71.66, 72, 48.65, 1, 6050
28016, 20075, 71.66, 72, 48.65, 1, 6051
28017, 20075, 71.65, 72, 48.65, 1, 6052
28018, 20075, 71.65, 72, 48.65, 1, 6053
28019, 20076, 71.65, 72, 48.65, 1, 6053
28020, 20077, 71.65, 72, 48.65, 1, 6053
28021, 20078, 71.65, 72, 48.65, 1, 6053
28022, 20079, 71.65, 72, 48.65, 1, 6053
28023, 20080, 71.66, 72, 48.65, 1, 6053
28024, 20081, 71.66, 72, 48.65, 1, 6053
28025, 20081, 71.65, 72, 48.65, 1, 6053
28026, 20082, 71.65, 72, 48.65, 1, 6053
28027, 20083, 71.66, 72, 48.65, 1, 6053
28028, 20083, 71.65, 72, 48.65, 1, 6053
28029, 20084, 71.65, 72, 48.65, 1, 6053
28030, 20084, 71.65, 72, 48.65, 1, 6054
28031, 20085, 71.65, 72, 48.65, 1, 6054
28032, 20086, 71.65, 72, 48.65, 1, 6054
28033, 20086, 71.65, 72, 48.65, 1, 6055
28034, 20087, 71.65, 72, 48.65, 1, 6055
28035, 20088, 71.65, 72, 48.65, 1, 6055
28036, 20089, 71.65, 72, 48.65, 1, 6055
28037, 20089, 71.65, 72, 48.65, 1, 6056
28038, 20089, 71.65, 72, 48.65, 1, 6057
28039, 20090, 71.65, 72, 48.65, 1, 6057
28040, 20091, 71.65, 72, 48.65, 1, 6057
28041, 20091, 71.65, 72, 48.65, 1, 6058
28042, 20092, 71.65, 72, 48.65, 1, 6058
28043, 20093, 71.65, 72, 48.65, 1, 6058
28044, 20093, 71.65, 72, 48.65, 1, 6059
28045, 20093, 71.65, 72, 48.65, 1, 6060
28046, 20094, 71.65, 72, 48.65, 1, 6060
28047, 20095, 71.65, 72, 48.65, 1, 6060
28048, 20095, 71.65, 72, 48.65, 1, 6061
28049, 20096, 71.65, 72, 48.65, 1, 6061
28050, 20097, 71.65, 72, 48.65, 1, 6061
28051, 20098, 71.65, 72, 48.65, 1, 6061
28052, 20098, 71.65, 72, 48.65, 1, 6061
28053, 20099, 71.65, 72, 48.65, 1, 6061
28054, 20099, 71.64, 72, 48.65, 1, 6062
28055, 20100, 71.64, 72, 48.65, 1, 6062
28056, 20100, 71.64, 72, 48.65, 1, 6063
28057, 20101, 71.64, 72, 48.65, 1, 6063
28058, 20102, 71.64, 72, 48.65, 1, 6063
28059, 20103, 71.65, 72, 48.65, 1, 6063
28060, 20103, 71.64, 72, 48.65, 1, 6064
28061, 20104, 71.64, 72, 48.65, 1, 6064
28062, 20105, 71.64, 72, 48.65, 1, 6064
28063, 20106, 71.65, 72, 48.65, 1, 6064
28064, 20107, 71.65, 72, 48.65, 1, 6064
28065, 20107, 71.64, 72, 48.65, 1, 6065
28066, 20108, 71.65, 72, 48.65, 1, 6065
28067, 20109, 71.65, 72, 48.65, 1, 6065
28068, 20109, 71.64, 72, 48.65, 1, 6066
28069, 20110, 71.64, 72, 48.65, 1, 6066
28070, 20111, 71.65, 72, 48.65, 1, 6066
28071, 20112, 71.65, 72, 48.65, 1, 6066
28072, 20113, 71.65, 72, 48.65, 1, 6066
28073, 20114, 71.65, 72, 48.65, 1, 6066
28074, 20115, 71.65, 72, 48.65, 1, 6066
28075, 20116, 71.65, 72, 48.65, 1, 6066
28076, 20116, 71.65, 72, 48.65, 1, 6067
28077, 20117, 71.65, 72, 48.65, 1, 6067
28078, 20118, 71.65, 72, 48.65, 1, 6067
28079, 20119, 71.65, 72, 48.65, 1, 6067
28080, 20120, 71.65, 72, 48.65, 1, 6067
28081, 20121, 71.65, 72, 48.65, 1, 6067
28082, 20122, 71.65, 72, 48.65, 1, 6067
28083, 20123, 71.66, 72, 48.65, 1, 6067
28084, 20124, 71.66, 72, 48.65, 1, 6067
28085, 20124, 71.65, 72, 48.65, 1, 6068
28086, 20125, 71.65, 72, 48.65, 1, 6068
28087, 20126, 71.66, 72, 48.65, 1, 6068
28088, 20127, 71.66, 72, 48.65, 1, 6068
28089, 20127, 71.65, 72, 48.65, 1, 6068
28090, 20128, 71.66, 72, 48.65, 1, 6068
28091, 20129, 71.66, 72, 48.65, 1, 6068
28092, 20130, 71.66, 72, 48.65, 1, 6068
28093, 20131, 71.66, 72, 48.65, 1, 6068
28094, 20132, 71.66, 72, 48.65, 1, 6068
28095, 20132, 71.66, 72, 48.65, 1, 6069
28096, 20133, 71.66, 72, 48.65, 1, 6069
28097, 20134, 71.66, 72, 48.65, 1, 6069
28098, 20135, 71.66, 72, 48.65, 1, 6069
28099, 20136, 71.66, 72, 48.65, 1, 6069
28100, 20137, 71.66, 72, 48.65, 1, 6069
28101, 20138, 71.66, 72, 48.65, 1, 6069
28102, 20139, 71.66, 72, 48.65, 1, 6069
28103, 20140, 71.66, 72, 48.65, 1, 6069
28104, 20140, 71.66, 72, 48.65, 1, 6070
28105, 20140, 71.66, 72, 48.65, 1, 6071
28106, 20141, 71.66, 72, 48.65, 1, 6071
28107, 20142, 71.66, 72, 48.65, 1, 6071
28108, 20143, 71.66, 72, 48.65, 1, 6071
28109, 20144, 71.66, 72, 48.65, 1, 6071
28110, 20145, 71.66, 72, 48.65, 1, 6071
28111, 20146, 71.67, 72, 48.65, 1, 6071
28112, 20147, 71.67, 72, 48.65, 1, 6071
28113, 20148, 71.67, 72, 48.65, 1, 6071
28114, 20149, 71.67, 72, 48.65, 1, 6071
28115, 20149, 71.67, 72, 48.65, 1, 6072
28116, 20150, 71.67, 72, 48.65, 1, 6072
28117, 20151, 71.67, 72, 48.65, 1, 6072
28118, 20151, 71.67, 72, 48.65, 1, 6073
28119, 20151, 71.66, 72, 48.65, 1, 6074
28120, 20152, 71.66, 72, 48.65, 1, 6074
28121, 20153, 71.67, 72, 48.65, 1, 6074
28122, 20154, 71.67, 72, 48.65, 1, 6074
28123, 20155, 71.67, 72, 48.65, 1, 6074
28124, 20156, 71.67, 72, 48.65, 1, 6074
28125, 20157, 71.67, 72, 48.65, 1, 6074
28126, 20157, 71.67, 72, 48.65, 1, 6074
28127, 20158, 71.67, 72, 48.65, 1, 6074
28128, 20159, 71.67, 72, 48.65, 1, 6074
28129, 20159, 71.67, 72, 48.65, 1, 6074
28130, 20160, 71.67, 72, 48.65, 1, 6074
28131, 20160, 71.66, 72, 48.65, 1, 6075
28132, 20161, 71.67, 72, 48.65, 1, 6075
28133, 20162, 71.67, 72, 48.65, 1, 6075
28134, 20162, 71.66, 72, 48.65, 1, 6076
28135, 20163, 71.67, 72, 48.65, 1, 6076
28136, 20164, 71.67, 72, 48.65, 1, 6076
28137, 20165, 71.67, 72, 48.65, 1, 6076
28138, 20165, 71.66, 72, 48.65, 1, 6077
28139, 20165, 71.66, 72, 48.65, 1, 6078
28140, 20166, 71.66, 72, 48.65, 1, 6078
28141, 20167, 71.66, 72, 48.65, 1, 6078
28142, 20168, 71.67, 72, 48.65, 1, 6078
28143, 20168, 71.66, 72, 48.65, 1, 6079
28144, 20169, 71.66, 72, 48.65, 1, 6079
28145, 20170, 71.66, 72, 48.65, 1, 6079
28146, 20171, 71.67, 72, 48.65, 1, 6079
28147, 20172, 71.67, 72, 48.65, 1, 6079
28148, 20173, 71.67, 72, 48.65, 1, 6079
28149, 20174, 71.67, 72, 48.65, 1, 6079
28150, 20174, 71.67, 72, 48.65, 1, 6080
28151, 20174, 71.66, 72, 48.65, 1, 6081
28152, 20175, 71.66, 72, 48.65, 1, 6081
28153, 20176, 71.67, 72, 48.65, 1, 6081
28154, 20177, 71.67, 72, 48.65, 1, 6081
28155, 20178, 71.67, 72, 48.65, 1, 6081
28156, 20179, 71.67, 72, 48.65, 1, 6081
28157, 20180, 71.67, 72, 48.65, 1, 6081
28158, 20181, 71.67, 72, 48.65, 1, 6081
28159, 20182, 71.67, 72, 48.65, 1, 6081
28160, 20183, 71.67, 72, 48.65, 1, 6081
28161, 20184, 71.67, 72, 48.65, 1, 6081
28162, 20185, 71.67, 72, 48.65, 1, 6081
28163, 20186, 71.68, 72, 48.65, 1, 6081
28164, 20187, 71.68, 72, 48.65, 1, 6081
28165, 20187, 71.67, 72, 48.65, 1, 6082
28166, 20187, 71.67, 72, 48.65, 1, 6083
28167, 20188, 71.67, 72, 48.65, 1, 6083
28168, 20189, 71.67, 72, 48.65, 1, 6083
28169, 20190, 71.67, 72, 48.65, 1, 6083
28170, 20190, 71.67, 72, 48.65, 1, 6084
28171, 20190, 71.67, 72, 48.65, 1, 6084
28172, 20191, 71.67, 72, 48.65, 1, 6084
28173, 20191, 71.67, 72, 48.65, 1, 6084
28174, 20191, 71.67, 72, 48.65, 1, 6085
28175, 20192, 71.67, 72, 48.65, 1, 6085
28176, 20193, 71.67, 72, 48.65, 1, 6085
28177, 20194, 71.67, 72, 48.65, 1, 6085
28178, 20195, 71.67, 72, 48.65, 1, 6085
28179, 20195, 71.67, 72, 48.65, 1, 6086
28180, 20196, 71.67, 72, 48.65, 1, 6086
28181, 20197, 71.67, 72, 48.65, 1, 6086
28182, 20197, 71.67, 72, 48.65, 1, 6086
28183, 20197, 71.66, 72, 48.65, 1, 6086
28184, 20197, 71.66, 72, 48.65, 1, 6087
28185, 20198, 71.66, 72, 48.65, 1, 6087
28186, 20199, 71.66, 72, 48.65, 1, 6087
28187, 20200, 71.66, 72, 48.65, 1, 6087
28188, 20200, 71.66, 72, 48.65, 1, 6088
28189, 20200, 71.66, 72, 48.65, 1, 6088
28190, 20201, 71.66, 72, 48.65, 1, 6088
28191, 20202, 71.66, 72, 48.65, 1, 6088
28192, 20203, 71.66, 72, 48.65, 1, 6088
28193, 20204, 71.66, 72, 48.65, 1, 6088
28194, 20205, 71.66, 72, 48.65, 1, 6088
28195, 20206, 71.67, 72, 48.65, 1, 6088
28196, 20207, 71.67, 72, 48.65, 1, 6088
28197, 20208, 71.67, 72, 48.65, 1, 6088
28198, 20208, 71.66, 72, 48.65, 1, 6088
28199, 20209, 71.67, 72, 48.65, 1, 6088
28200, 20209, 71.66, 72, 48.65, 1, 6089
28201, 20209, 71.66, 72, 48.65, 1, 6090
28202, 20210, 71.66, 72, 48.65, 1, 6090
28203, 20211, 71.66, 72, 48.65, 1, 6090
28204, 20212, 71.66, 72, 48.65, 1, 6090
28205, 20213, 71.66, 72, 48.65, 1, 6090
28206, 20214, 71.67, 72, 48.65, 1, 6090
28207, 20215, 71.67, 72, 48.65, 1, 6090
28208, 20215, 71.66, 72, 48.65, 1, 6091
28209, 20216, 71.67, 72, 48.65, 1, 6091
28210, 20217, 71.67, 72, 48.65, 1, 6091
28211, 20218, 71.67, 72, 48.65, 1, 6091
28212, 20218, 71.66, 72, 48.65, 1, 6091
28213, 20219, 71.67, 72, 48.65, 1, 6091
28214, 20220, 71.67, 72, 48.65, 1, 6091
28215, 20221, 71.67, 72, 48.65, 1, 6091
28216, 20221, 71.67, 72, 48.65, 1, 6092
28217, 20222, 71.67, 72, 48.65, 1, 6092
28218, 20223, 71.67, 72, 48.65, 1, 6092
28219, 20224, 71.67, 72, 48.65, 1, 6092
28220, 20225, 71.67, 72, 48.65, 1, 6092
28221, 20226, 71.67, 72, 48.65, 1, 6092
28222, 20226, 71.67, 72, 48.65, 1, 6093
28223, 20227, 71.67, 72, 48.65, 1, 6093
28224, 20228, 71.67, 72, 48.65, 1, 6093
28225, 20228, 71.67, 72, 48.65, 1, 6093
28226, 20229, 71.67, 72, 48.65, 1, 6093
28227, 20230, 71.67, 72, 48.65, 1, 6093
28228, 20230, 71.67, 72, 48.65, 1, 6093
28229, 20231, 71.67, 72, 48.65, 1, 6093
28230, 20232, 71.67, 72, 48.65, 1, 6093
28231, 20233, 71.67, 72, 48.65, 1, 6093
28232, 20234, 71.67, 72, 48.65, 1, 6093
28233, 20235, 71.67, 72, 48.65, 1, 6093
28234, 20236, 71.67, 72, 48.65, 1, 6093
28235, 20237, 71.67, 72, 48.65, 1, 6093
28236, 20237, 71.67, 72, 48.65, 1, 6094
28237, 20237, 71.67, 72, 48.65, 1, 6095
28238, 20238, 71.67, 72, 48.65, 1, 6095
28239, 20238, 71.67, 72, 48.65, 1, 6096
28240, 20239, 71.67, 72, 48.65, 1, 6096
28241, 20239, 71.67, 72, 48.65, 1, 6097
28242, 20239, 71.66, 72, 48.65, 1, 6098
28243, 20239, 71.66, 72, 48.65, 1, 6099
28244, 20240, 71.66, 72, 48.65, 1, 6099
28245, 20241, 71.66, 72, 48.65, 1, 6099
28246, 20241, 71.66, 72, 48.65, 1, 6100
28247, 20242, 71.66, 72, 48.65, 1, 6100
28248, 20243, 71.66, 72, 48.65, 1, 6100
28249, 20244, 71.66, 72, 48.65, 1, 6100
28250, 20244, 71.66, 72, 48.65, 1, 6101
28251, 20245, 71.66, 72, 48.65, 1, 6101
28252, 20246, 71.66, 72, 48.65, 1, 6101
28253, 20247, 71.66, 72, 48.65, 1, 6101
28254, 20248, 71.66, 72, 48.65, 1, 6101
28255, 20249, 71.67, 72, 48.65, 1, 6101
28256, 20250, 71.67, 72, 48.65, 1, 6101
28257, 20250, 71.66, 72, 48.65, 1, 6102
28258, 20251, 71.66, 72, 48.65, 1, 6102
28259, 20252, 71.67, 72, 48.65, 1, 6102
28260, 20252, 71.66, 72, 48.65, 1, 6103
28261, 20252, 71.66, 72, 48.65, 1, 6103
28262, 20252, 71.66, 72, 48.65, 1, 6104
28263, 20253, 71.66, 72, 48.65, 1, 6104
28264, 20254, 71.66, 72, 48.65, 1, 6104
28265, 20255, 71.66, 72, 48.65, 1, 6104
28266, 20256, 71.66, 72, 48.65, 1, 6104
28267, 20257, 71.66, 72, 48.65, 1, 6104
28268, 20258, 71.66, 72, 48.65, 1, 6104
28269, 20259, 71.67, 72, 48.65, 1, 6104
28270, 20260, 71.67, 72, 48.65, 1, 6104
28271, 20261, 71.67, 72, 48.65, 1, 6104
28272, 20262, 71.67, 72, 48.65, 1, 6104
28273, 20263, 71.67, 72, 48.65, 1, 6104
28274, 20264, 71.67, 72, 48.65, 1, 6104
28275, 20264, 71.67, 72, 48.65, 1, 6105
28276, 20264, 71.67, 72, 48.65, 1, 6105
28277, 20264, 71.66, 72, 48.65, 1, 6105
28278, 20264, 71.66, 72, 48.65, 1, 6106
28279, 20265, 71.66, 72, 48.65, 1, 6106
28280, 20266, 71.66, 72, 48.65, 1, 6106
28281, 20267, 71.66, 72, 48.65, 1, 6106
28282, 20268, 71.66, 72, 48.65, 1, 6106
28283, 20269, 71.66, 72, 48.65, 1, 6106
28284, 20270, 71.67, 72, 48.65, 1, 6106
28285, 20270, 71.66, 72, 48.65, 1, 6107
28286, 20270, 71.66, 72, 48.65, 1, 6108
28287, 20271, 71.66, 72, 48.65, 1, 6108
28288, 20271, 71.66, 72, 48.65, 1, 6109
28289, 20271, 71.66, 72, 48.65, 1, 6109
28290, 20271, 71.65, 72, 48.65, 1, 6109
28291, 20272, 71.66, 72, 48.65, 1, 6109
28292, 20272, 71.65, 72, 48.65, 1, 6109
28293, 20273, 71.65, 72, 48.65, 1, 6109
28294, 20273, 71.65, 72, 48.65, 1, 6110
28295, 20274, 71.65, 72, 48.65, 1, 6110
28296, 20274, 71.65, 72, 48.65, 1, 6111
28297, 20275, 71.65, 72, 48.65, 1, 6111
28298, 20276, 71.65, 72, 48.65, 1, 6111
28299, 20277, 71.65, 72, 48.65, 1, 6111
28300, 20277, 71.65, 72, 48.65, 1, 6111
28301, 20278, 71.65, 72, 48.65, 1, 6111
28302, 20278, 71.65, 72, 48.65, 1, 6112
28303, 20279, 71.65, 72, 48.65, 1, 6112
28304, 20280, 71.65, 72, 48.65, 1, 6112
28305, 20281, 71.65, 72, 48.65, 1, 6112
28306, 20281, 71.65, 72, 48.65, 1, 6113
28307, 20282, 71.65, 72, 48.65, 1, 6113
28308, 20283, 71.65, 72, 48.65, 1, 6113
28309, 20284, 71.65, 72, 48.65, 1, 6113
28310, 20285, 71.65, 72, 48.65, 1, 6113
28311, 20286, 71.65, 72, 48.65, 1, 6113
28312, 20287, 71.66, 72, 48.65, 1, 6113
28313, 20287, 71.65, 72, 48.65, 1, 6114
28314, 20288, 71.65, 72, 48.65, 1, 6114
28315, 20289, 71.65, 72, 48.65, 1, 6114
28316, 20289, 71.65, 72, 48.65, 1, 6115
28317, 20290, 71.65, 72, 48.65, 1, 6115
28318, 20291, 71.65, 72, 48.65, 1, 6115
28319, 20292, 71.66, 72, 48.65, 1, 6115
28320, 20293, 71.66, 72, 48.65, 1, 6115
28321, 20294, 71.66, 72, 48.65, 1, 6115
28322, 20294, 71.65, 72, 48.65, 1, 6116
28323, 20294, 71.65, 72, 48.65, 1, 6116
28324, 20295, 71.65, 72, 48.65, 1, 6116
28325, 20295, 71.65, 72, 48.65, 1, 6117
28326, 20295, 71.65, 72, 48.65, 1, 6118
28327, 20296, 71.65, 72, 48.65, 1, 6118
28328, 20296, 71.65, 72, 48.65, 1, 6119
28329, 20296, 71.64, 72, 48.65, 1, 6120
28330, 20297, 71.64, 72, 48.65, 1, 6120
28331, 20298, 71.65, 72, 48.65, 1, 6120
28332, 20299, 71.65, 72, 48.65, 1, 6120
28333, 20299, 71.64, 72, 48.65, 1, 6121
28334, 20300, 71.65, 72, 48.65, 1, 6121
28335, 20300, 71.64, 72, 48.65, 1, 6122
28336, 20301, 71.64, 72, 48.65, 1, 6122
28337, 20302, 71.64, 72, 48.65, 1, 6122
28338, 20303, 71.65, 72, 48.65, 1, 6122
28339, 20303, 71.64, 72, 48.65, 1, 6123
28340, 20303, 71.64, 72, 48.65, 1, 6124
28341, 20303, 71.64, 72, 48.65, 1, 6125
28342, 20304, 71.64, 72, 48.65, 1, 6125
28343, 20304, 71.64, 72, 48.65, 1, 6126
28344, 20305, 71.64, 72, 48.65, 1, 6126
28345, 20306, 71.64, 72, 48.65, 1, 6126
28346, 20306, 71.64, 72, 48.65, 1, 6127
28347, 20307, 71.64, 72, 48.65, 1, 6127
28348, 20307, 71.63, 72, 48.65, 1, 6128
28349, 20308, 71.64, 72, 48.65, 1, 6128
28350, 20308, 71.63, 72, 48.65, 1, 6129
28351, 20308, 71.63, 72, 48.65, 1, 6130
28352, 20308, 71.63, 72, 48.65, 1, 6131
28353, 20308, 71.63, 72, 48.65, 1, 6132
28354, 20309, 71.63, 72, 48.65, 1, 6132
28355, 20309, 71.62, 72, 48.65, 1, 6133
28356, 20310, 71.63, 72, 48.65, 1, 6133
28357, 20310, 71.62, 72, 48.65, 1, 6134
28358, 20310, 71.62, 72, 48.65, 1, 6135
28359, 20311, 71.62, 72, 48.65, 1, 6135
28360, 20312, 71.62, 72, 48.65, 1, 6135
28361, 20313, 71.62, 72, 48.65, 1, 6135
28362, 20313, 71.62, 72, 48.65, 1, 6136
28363, 20313, 71.62, 72, 48.65, 1, 6137
28364, 20314, 71.62, 72, 48.65, 1, 6137
28365, 20314, 71.62, 72, 48.65, 1, 6137
28366, 20314, 71.61, 72, 48.65, 1, 6138
28367, 20314, 71.61, 72, 48.65, 1, 6139
28368, 20314, 71.61, 72, 48.65, 1, 6140
28369, 20315, 71.61, 72, 48.65, 1, 6140
28370, 20316, 71.61, 72, 48.65, 1, 6140
28371, 20317, 71.61, 72, 48.65, 1, 6140
28372, 20317, 71.61, 72, 48.65, 1, 6141
28373, 20318, 71.61, 72, 48.65, 1, 6141
28374, 20319, 71.61, 72, 48.65, 1, 6141
28375, 20320, 71.61, 72, 48.65, 1, 6141
28376, 20321, 71.61, 72, 48.65, 1, 6141
28377, 20322, 71.61, 72, 48.65, 1, 6141
28378, 20323, 71.62, 72, 48.65, 1, 6141
28379, 20324, 71.62, 72, 48.65, 1, 6141
28380, 20325, 71.62, 72, 48.65, 1, 6141
28381, 20326, 71.62, 72, 48.65, 1, 6141
28382, 20327, 71.62, 72, 48.65, 1, 6141
28383, 20328, 71.62, 72, 48.65, 1, 6141
28384, 20329, 71.62, 72, 48.65, 1, 6141
28385, 20329, 71.62, 72, 48.65, 1, 6142
28386, 20330, 71.62, 72, 48.65, 1, 6142
28387, 20330, 71.62, 72, 48.65, 1, 6143
28388, 20330, 71.61, 72, 48.65, 1, 6144
28389, 20331, 71.62, 72, 48.65, 1, 6144
28390, 20332, 71.62, 72, 48.65, 1, 6144
28391, 20333, 71.62, 72, 48.65, 1, 6144
28392, 20333, 71.62, 72, 48.65, 1, 6144
28393, 20333, 71.61, 72, 48.65, 1, 6145
28394, 20333, 71.61, 72, 48.65, 1, 6146
28395, 20333, 71.61, 72, 48.65, 1, 6147
28396, 20334, 71.61, 72, 48.65, 1, 6147
28397, 20334, 71.61, 72, 48.65, 1, 6148
28398, 20335, 71.61, 72, 48.65, 1, 6148
28399, 20336, 71.61, 72, 48.65, 1, 6148
28400, 20336, 71.61, 72, 48.65, 1, 6148
28401, 20336, 71.60, 72, 48.65, 1, 6148
28402, 20337, 71.60, 72, 48.65, 1, 6148
28403, 20338, 71.61, 72, 48.65, 1, 6148
28404, 20339, 71.61, 72, 48.65, 1, 6148
28405, 20340, 71.61, 72, 48.65, 1, 6148
28406, 20341, 71.61, 72, 48.65, 1, 6148
28407, 20341, 71.61, 72, 48.65, 1, 6149
28408, 20342, 71.61, 72, 48.65, 1, 6149
28409, 20343, 71.61, 72, 48.65, 1, 6149
28410, 20344, 71.61, 72, 48.65, 1, 6149
28411, 20344, 71.61, 72, 48.65, 1, 6150
28412, 20344, 71.60, 72, 48.65, 1, 6151
28413, 20345, 71.60, 72, 48.65, 1, 6151
28414, 20346, 71.61, 72, 48.65, 1, 6151
28415, 20346, 71.60, 72, 48.65, 1, 6152
28416, 20347, 71.60, 72, 48.65, 1, 6152
28417, 20348, 71.61, 72, 48.65, 1, 6152
28418, 20349, 71.61, 72, 48.65, 1, 6152
28419, 20350, 71.61, 72, 48.65, 1, 6152
28420, 20351, 71.61, 72, 48.65, 1, 6152
28421, 20352, 71.61, 72, 48.65, 1, 6152
28422, 20353, 71.61, 72, 48.65, 1, 6152
28423, 20354, 71.61, 72, 48.65, 1, 6152
28424, 20354, 71.61, 72, 48.65, 1, 6152
28425, 20355, 71.61, 72, 48.65, 1, 6152
28426, 20356, 71.61, 72, 48.65, 1, 6152
28427, 20357, 71.61, 72, 48.65, 1, 6152
28428, 20358, 71.61, 72, 48.65, 1, 6152
28429, 20359, 71.61, 72, 48.65, 1, 6152
28430, 20359, 71.61, 72, 48.65, 1, 6153
28431, 20359, 71.61, 72, 48.65, 1, 6154
28432, 20360, 71.61, 72, 48.65, 1, 6154
28433, 20361, 71.61, 72, 48.65, 1, 6154
28434, 20362, 71.61, 72, 48.65, 1, 6154
28435, 20363, 71.61, 72, 48.65, 1, 6154
28436, 20364, 71.61, 72, 48.65, 1, 6154
28437, 20364, 71.61, 72, 48.65, 1, 6155
28438, 20365, 71.61, 72, 48.65, 1, 6155
28439, 20365, 71.61, 72, 48.65, 1, 6156
28440, 20365, 71.61, 72, 48.65, 1, 6157
28441, 20366, 71.61, 72, 48.65, 1, 6157
28442, 20366, 71.61, 72, 48.65, 1, 6158
28443, 20367, 71.61, 72, 48.65, 1, 6158
28444, 20368, 71.61, 72, 48.65, 1, 6158
28445, 20369, 71.61, 72, 48.65, 1, 6158
28446, 20369, 71.61, 72, 48.65, 1, 6159
28447, 20370, 71.61, 72, 48.65, 1, 6159
28448, 20370, 71.60, 72, 48.65, 1, 6160
28449, 20370, 71.60, 72, 48.65, 1, 6160
28450, 20371, 71.60, 72, 48.65, 1, 6160
28451, 20372, 71.60, 72, 48.65, 1, 6160
28452, 20373, 71.60, 72, 48.65, 1, 6160
28453, 20374, 71.61, 72, 48.65, 1, 6160
28454, 20375, 71.61, 72, 48.65, 1, 6160
28455, 20376, 71.61, 72, 48.65, 1, 6160
28456, 20377, 71.61, 72, 48.65, 1, 6160
28457, 20377, 71.61, 72, 48.65, 1, 6161
28458, 20378, 71.61, 72, 48.65, 1, 6161
28459, 20379, 71.61, 72, 48.65, 1, 6161
28460, 20379, 71.61, 72, 48.65, 1, 6162
28461, 20380, 71.61, 72, 48.65, 1, 6162
28462, 20381, 71.61, 72, 48.65, 1, 6162
28463, 20381, 71.61, 72, 48.65, 1, 6163
28464, 20381, 71.60, 72, 48.65, 1, 6163
28465, 20382, 71.60, 72, 48.65, 1, 6163
28466, 20382, 71.60, 72, 48.65, 1, 6164
28467, 20383, 71.60, 72, 48.65, 1, 6164
28468, 20384, 71.60, 72, 48.65, 1, 6164
28469, 20385, 71.60, 72, 48.65, 1, 6164
28470, 20385, 71.60, 72, 48.65, 1, 6165
28471, 20386, 71.60, 72, 48.65, 1, 6165
28472, 20387, 71.60, 72, 48.65, 1, 6165
28473, 20387, 71.60, 72, 48.65, 1, 6166
28474, 20388, 71.60, 72, 48.65, 1, 6166
28475, 20388, 71.60, 72, 48.65, 1, 6167
28476, 20388, 71.60, 72, 48.65, 1, 6168
28477, 20388, 71.59, 72, 48.65, 1, 6169
28478, 20389, 71.60, 72, 48.65, 1, 6169
28479, 20390, 71.60, 72, 48.65, 1, 6169
28480, 20391, 71.60, 72, 48.65, 1, 6169
28481, 20392, 71.60, 72, 48.65, 1, 6169
28482, 20393, 71.60, 72, 48.65, 1, 6169
28483, 20394, 71.60, 72, 48.65, 1, 6169
28484, 20395, 71.60, 72, 48.65, 1, 6169
28485, 20396, 71.60, 72, 48.65, 1, 6169
28486, 20397, 71.60, 72, 48.65, 1, 6169
28487, 20398, 71.60, 72, 48.65, 1, 6169
28488, 20398, 71.60, 72, 48.65, 1, 6170
28489, 20398, 71.60, 72, 48.65, 1, 6171
28490, 20399, 71.60, 72, 48.65, 1, 6171
28491, 20400, 71.60, 72, 48.65, 1, 6171
28492, 20401, 71.60, 72, 48.65, 1, 6171
28493, 20402, 71.60, 72, 48.65, 1, 6171
28494, 20403, 71.60, 72, 48.65, 1, 6171
28495, 20404, 71.61, 72, 48.65, 1, 6171
28496, 20404, 71.60, 72, 48.65, 1, 6172
28497, 20405, 71.60, 72, 48.65, 1, 6172
28498, 20406, 71.61, 72, 48.65, 1, 6172
28499, 20407, 71.61, 72, 48.65, 1, 6172
28500, 20408, 71.61, 72, 48.65, 1, 6172
28501, 20409, 71.61, 72, 48.65, 1, 6172
28502, 20410, 71.61, 72, 48.65, 1, 6172
28503, 20411, 71.61, 72, 48.65, 1, 6172
28504, 20412, 71.61, 72, 48.65, 1, 6172
28505, 20413, 71.61, 72, 48.65, 1, 6172
28506, 20414, 71.61, 72, 48.65, 1, 6172
28507, 20415, 71.61, 72, 48.65, 1, 6172
28508, 20416, 71.61, 72, 48.65, 1, 6172
28509, 20417, 71.62, 72, 48.65, 1, 6172
28510, 20418, 71.62, 72, 48.65, 1, 6172
28511, 20419, 71.62, 72, 48.65, 1, 6172
28512, 20420, 71.62, 72, 48.65, 1, 6172
28513, 20420, 71.62, 72, 48.65, 1, 6173
28514, 20420, 71.61, 72, 48.65, 1, 6174
28515, 20420, 71.61, 72, 48.65, 1, 6174
28516, 20421, 71.61, 72, 48.65, 1, 6174
28517, 20422, 71.61, 72, 48.65, 1, 6174
28518, 20423, 71.61, 72, 48.65, 1, 6174
28519, 20424, 71.62, 72, 48.65, 1, 6174
28520, 20425, 71.62, 72, 48.65, 1, 6174
28521, 20425, 71.61, 72, 48.65, 1, 6174
28522, 20426, 71.61, 72, 48.65, 1, 6174
28523, 20427, 71.62, 72, 48.65, 1, 6174
28524, 20428, 71.62, 72, 48.65, 1, 6174
28525, 20429, 71.62, 72, 48.65, 1, 6174
28526, 20430, 71.62, 72, 48.65, 1, 6174
28527, 20430, 71.62, 72, 48.65, 1, 6175
28528, 20430, 71.61, 72, 48.65, 1, 6176
28529, 20430, 71.61, 72, 48.65, 1, 6177
28530, 20431, 71.61, 72, 48.65, 1, 6177
28531, 20431, 71.61, 72, 48.65, 1, 6177
28532, 20431, 71.61, 72, 48.65, 1, 6178
28533, 20431, 71.60, 72, 48.65, 1, 6179
28534, 20432, 71.61, 72, 48.65, 1, 6179
28535, 20433, 71.61, 72, 48.65, 1, 6179
28536, 20434, 71.61, 72, 48.65, 1, 6179
28537, 20434, 71.61, 72, 48.65, 1, 6179
28538, 20434, 71.60, 72, 48.65, 1, 6180
28539, 20434, 71.60, 72, 48.65, 1, 6181
28540, 20435, 71.60, 72, 48.65, 1, 6181
28541, 20436, 71.60, 72, 48.65, 1, 6181
28542, 20437, 71.60, 72, 48.65, 1, 6181
28543, 20438, 71.60, 72, 48.65, 1, 6181
28544, 20439, 71.61, 72, 48.65, 1, 6181
28545, 20440, 71.61, 72, 48.65, 1, 6181
28546, 20441, 71.61, 72, 48.65, 1, 6181
28547, 20442, 71.61, 72, 48.65, 1, 6181
28548, 20443, 71.61, 72, 48.65, 1, 6181
28549, 20444, 71.61, 72, 48.65, 1, 6181
28550, 20445, 71.61, 72, 48.65, 1, 6181
28551, 20445, 71.61, 72, 48.65, 1, 6182
28552, 20446, 71.61, 72, 48.65, 1, 6182
28553, 20446, 71.61, 72, 48.65, 1, 6183
28554, 20447, 71.61, 72, 48.65, 1, 6183
28555, 20448, 71.61, 72, 48.65, 1, 6183
28556, 20449, 71.61, 72, 48.65, 1, 6183
28557, 20450, 71.61, 72, 48.65, 1, 6183
28558, 20451, 71.61, 72, 48.65, 1, 6183
28559, 20451, 71.61, 72, 48.65, 1, 6184
28560, 20451, 71.61, 72, 48.65, 1, 6184
28561, 20452, 71.61, 72, 48.65, 1, 6184
28562, 20453, 71.61, 72, 48.65, 1, 6184
28563, 20454, 71.61, 72, 48.65, 1, 6184
28564, 20454, 71.61, 72, 48.65, 1, 6184
28565, 20455, 71.61, 72, 48.65, 1, 6184
28566, 20456, 71.61, 72, 48.65, 1, 6184
28567, 20457, 71.61, 72, 48.65, 1, 6184
28568, 20458, 71.61, 72, 48.65, 1, 6184
28569, 20458, 71.61, 72, 48.65, 1, 6185
28570, 20459, 71.61, 72, 48.65, 1, 6185
28571, 20460, 71.61, 72, 48.65, 1, 6185
28572, 20460, 71.61, 72, 48.65, 1, 6186
28573, 20461, 71.61, 72, 48.65, 1, 6186
28574, 20461, 71.61, 72, 48.65, 1, 6187
28575, 20462, 71.61, 72, 48.65, 1, 6187
28576, 20463, 71.61, 72, 48.65, 1, 6187
28577, 20463, 71.61, 72, 48.65, 1, 6188
28578, 20464, 71.61, 72, 48.65, 1, 6188
28579, 20465, 71.61, 72, 48.65, 1, 6188
28580, 20466, 71.61, 72, 48.65, 1, 6188
28581, 20466, 71.61, 72, 48.65, 1, 6189
28582, 20466, 71.60, 72, 48.65, 1, 6189
28583, 20466, 71.60, 72, 48.65, 1, 6190
28584, 20467, 71.60, 72, 48.65, 1, 6190
28585, 20468, 71.60, 72, 48.65, 1, 6190
28586, 20469, 71.60, 72, 48.65, 1, 6190
28587, 20469, 71.60, 72, 48.65, 1, 6191
28588, 20469, 71.60, 72, 48.65, 1, 6192
28589, 20470, 71.60, 72, 48.65, 1, 6192
28590, 20470, 71.60, 72, 48.65, 1, 6193
28591, 20471, 71.60, 72, 48.65, 1, 6193
28592, 20472, 71.60, 72, 48.65, 1, 6193
28593, 20473, 71.60, 72, 48.65, 1, 6193
28594, 20474, 71.60, 72, 48.65, 1, 6193
28595, 20474, 71.60, 72, 48.65, 1, 6194
28596, 20475, 71.60, 72, 48.65, 1, 6194
28597, 20476, 71.60, 72, 48.65, 1, 6194
28598, 20476, 71.60, 72, 48.65, 1, 6195
28599, 20476, 71.60, 72, 48.65, 1, 6196
28600, 20477, 71.60, 72, 48.65, 1, 6196
28601, 20478, 71.60, 72, 48.65, 1, 6196
28602, 20479, 71.60, 72, 48.65, 1, 6196
28603, 20479, 71.60, 72, 48.65, 1, 6197
28604, 20479, 71.59, 72, 48.65, 1, 6198
28605, 20479, 71.59, 72, 48.65, 1, 6199
28606, 20480, 71.59, 72, 48.65, 1, 6199
28607, 20481, 71.59, 72, 48.65, 1, 6199
28608, 20482, 71.60, 72, 48.65, 1, 6199
28609, 20483, 71.60, 72, 48.65, 1, 6199
28610, 20483, 71.59, 72, 48.65, 1, 6200
28611, 20483, 71.59, 72, 48.65, 1, 6201
28612, 20484, 71.59, 72, 48.65, 1, 6201
28613, 20485, 71.59, 72, 48.65, 1, 6201
28614, 20485, 71.59, 72, 48.65, 1, 6202
28615, 20485, 71.59, 72, 48.65, 1, 6203
28616, 20486, 71.59, 72, 48.65, 1, 6203
28617, 20487, 71.59, 72, 48.65, 1, 6203
28618, 20488, 71.59, 72, 48.65, 1, 6203
28619, 20489, 71.59, 72, 48.65, 1, 6203
28620, 20490, 71.59, 72, 48.65, 1, 6203
28621, 20491, 71.59, 72, 48.65, 1, 6203
28622, 20491, 71.59, 72, 48.65, 1, 6204
28623, 20492, 71.59, 72, 48.65, 1, 6204
28624, 20493, 71.59, 72, 48.65, 1, 6204
28625, 20494, 71.59, 72, 48.65, 1, 6204
28626, 20495, 71.60, 72, 48.65, 1, 6204
28627, 20496, 71.60, 72, 48.65, 1, 6204
28628, 20497, 71.60, 72, 48.65, 1, 6204
28629, 20498, 71.60, 72, 48.65, 1, 6204
28630, 20499, 71.60, 72, 48.65, 1, 6204
28631, 20500, 71.60, 72, 48.65, 1, 6204
28632, 20501, 71.60, 72, 48.65, 1, 6204
28633, 20502, 71.60, 72, 48.65, 1, 6204
28634, 20503, 71.60, 72, 48.65, 1, 6204
28635, 20504, 71.60, 72, 48.65, 1, 6204
28636, 20505, 71.61, 72, 48.65, 1, 6204
28637, 20505, 71.60, 72, 48.65, 1, 6205
28638, 20506, 71.60, 72, 48.65, 1, 6205
28639, 20506, 71.60, 72, 48.65, 1, 6205
28640, 20507, 71.60, 72, 48.65, 1, 6205
28641, 20508, 71.60, 72, 48.65, 1, 6205
28642, 20509, 71.60, 72, 48.65, 1, 6205
28643, 20509, 71.60, 72, 48.65, 1, 6205
28644, 20509, 71.60, 72, 48.65, 1, 6206
28645, 20510, 71.60, 72, 48.65, 1, 6206
28646, 20511, 71.60, 72, 48.65, 1, 6206
28647, 20512, 71.60, 72, 48.65, 1, 6206
28648, 20512, 71.60, 72, 48.65, 1, 6207
28649, 20513, 71.60, 72, 48.65, 1, 6207
28650, 20514, 71.60, 72, 48.65, 1, 6207
28651, 20515, 71.60, 72, 48.65, 1, 6207
28652, 20516, 71.60, 72, 48.65, 1, 6207
28653, 20517, 71.61, 72, 48.65, 1, 6207
28654, 20518, 71.61, 72, 48.65, 1, 6207
28655, 20519, 71.61, 72, 48.65, 1, 6207
28656, 20519, 71.60, 72, 48.65, 1, 6207
28657, 20519, 71.60, 72, 48.65, 1, 6207
28658, 20519, 71.60, 72, 48.65, 1, 6208
28659, 20520, 71.60, 72, 48.65, 1, 6208
28660, 20520, 71.60, 72, 48.65, 1, 6209
28661, 20521, 71.60, 72, 48.65, 1, 6209
28662, 20521, 71.60, 72, 48.65, 1, 6210
28663, 20521, 71.59, 72, 48.65, 1, 6211
28664, 20522, 71.60, 72, 48.65, 1, 6211
28665, 20523, 71.60, 72, 48.65, 1, 6211
28666, 20524, 71.60, 72, 48.65, 1, 6211
28667, 20525, 71.60, 72, 48.65, 1, 6211
28668, 20525, 71.60, 72, 48.65, 1, 6212
28669, 20526, 71.60, 72, 48.65, 1, 6212
28670, 20527, 71.60, 72, 48.65, 1, 6212
28671, 20527, 71.59, 72, 48.65, 1, 6213
28672, 20528, 71.60, 72, 48.65, 1, 6213
28673, 20529, 71.60, 72, 48.65, 1, 6213
28674, 20530, 71.60, 72, 48.65, 1, 6213
28675, 20530, 71.60, 72, 48.65, 1, 6214
28676, 20531, 71.60, 72, 48.65, 1, 6214
28677, 20532, 71.60, 72, 48.65, 1, 6214
28678, 20532, 71.59, 72, 48.65, 1, 6215
28679, 20533, 71.60, 72, 48.65, 1, 6215
28680, 20534, 71.60, 72, 48.65, 1, 6215
28681, 20535, 71.60, 72, 48.65, 1, 6215
28682, 20536, 71.60, 72, 48.65, 1, 6215
28683, 20536, 71.60, 72, 48.65, 1, 6216
28684, 20537, 71.60, 72, 48.65, 1, 6216
28685, 20537, 71.59, 72, 48.65, 1, 6217
28686, 20538, 71.60, 72, 48.65, 1, 6217
28687, 20539, 71.60, 72, 48.65, 1, 6217
28688, 20540, 71.60, 72, 48.65, 1, 6217
28689, 20541, 71.60, 72, 48.65, 1, 6217
28690, 20542, 71.60, 72, 48.65, 1, 6217
28691, 20543, 71.60, 72, 48.65, 1, 6217
28692, 20544, 71.60, 72, 48.65, 1, 6217
28693, 20545, 71.60, 72, 48.65, 1, 6217
28694, 20546, 71.60, 72, 48.65, 1, 6217
28695, 20547, 71.60, 72, 48.65, 1, 6217
28696, 20547, 71.60, 72, 48.65, 1, 6218
28697, 20548, 71.60, 72, 48.65, 1, 6218
28698, 20549, 71.60, 72, 48.65, 1, 6218
28699, 20550, 71.61, 72, 48.65, 1, 6218
28700, 20551, 71.61, 72, 48.65, 1, 6218
28701, 20552, 71.61, 72, 48.65, 1, 6218
28702, 20553, 71.61, 72, 48.65, 1, 6218
28703, 20554, 71.61, 72, 48.65, 1, 6218
28704, 20555, 71.61, 72, 48.65, 1, 6218
28705, 20556, 71.61, 72, 48.65, 1, 6218
28706, 20557, 71.61, 72, 48.65, 1, 6218
28707, 20557, 71.61, 72, 48.65, 1, 6218
28708, 20558, 71.61, 72, 48.65, 1, 6218
28709, 20558, 71.61, 72, 48.65, 1, 6218
28710, 20559, 71.61, 72, 48.65, 1, 6218
28711, 20559, 71.61, 72, 48.65, 1, 6218
28712, 20560, 71.61, 72, 48.65, 1, 6218
28713, 20560, 71.61, 72, 48.65, 1, 6218
28714, 20560, 71.60, 72, 48.65, 1, 6219
28715, 20561, 71.60, 72, 48.65, 1, 6219
28716, 20562, 71.60, 72, 48.65, 1, 6219
28717, 20563, 71.61, 72, 48.65, 1, 6219
28718, 20564, 71.61, 72, 48.65, 1, 6219
28719, 20564, 71.60, 72, 48.65, 1, 6220
28720, 20565, 71.61, 72, 48.65, 1, 6220
28721, 20566, 71.61, 72, 48.65, 1, 6220
28722, 20567, 71.61, 72, 48.65, 1, 6220
28723, 20567, 71.60, 72, 48.65, 1, 6221
28724, 20567, 71.60, 72, 48.65, 1, 6222
28725, 20568, 71.60, 72, 48.65, 1, 6222
28726, 20568, 71.60, 72, 48.65, 1, 6223
28727, 20569, 71.60, 72, 48.65, 1, 6223
28728, 20570, 71.60, 72, 48.65, 1, 6223
28729, 20571, 71.60, 72, 48.65, 1, 6223
28730, 20571, 71.60, 72, 48.65, 1, 6224
28731, 20572, 71.60, 72, 48.65, 1, 6224
28732, 20572, 71.60, 72, 48.65, 1, 6225
28733, 20572, 71.60, 72, 48.65, 1, 6226
28734, 20573, 71.60, 72, 48.65, 1, 6226
28735, 20573, 71.60, 72, 48.65, 1, 6227
28736, 20574, 71.60, 72, 48.65, 1, 6227
28737, 20575, 71.60, 72, 48.65, 1, 6227
28738, 20576, 71.60, 72, 48.65, 1, 6227
28739, 20577, 71.60, 72, 48.65, 1, 6227
28740, 20577, 71.60, 72, 48.65, 1, 6228
28741, 20578, 71.60, 72, 48.65, 1, 6228
28742, 20579, 71.60, 72, 48.65, 1, 6228
28743, 20580, 71.60, 72, 48.65, 1, 6228
28744, 20581, 71.60, 72, 48.65, 1, 6228
28745, 20582, 71.60, 72, 48.65, 1, 6228
28746, 20582, 71.60, 72, 48.65, 1, 6229
28747, 20582, 71.60, 72, 48.65, 1, 6230
28748, 20582, 71.59, 72, 48.65, 1, 6231
28749, 20583, 71.60, 72, 48.65, 1, 6231
28750, 20584, 71.60, 72, 48.65, 1, 6231
28751, 20584, 71.59, 72, 48.65, 1, 6232
28752, 20585, 71.60, 72, 48.65, 1, 6232
28753, 20586, 71.60, 72, 48.65, 1, 6232
28754, 20587, 71.60, 72, 48.65, 1, 6232
28755, 20587, 71.59, 72, 48.65, 1, 6233
28756, 20588, 71.60, 72, 48.65, 1, 6233
28757, 20588, 71.59, 72, 48.65, 1, 6234
28758, 20588, 71.59, 72, 48.65, 1, 6235
28759, 20589, 71.59, 72, 48.65, 1, 6235
28760, 20590, 71.59, 72, 48.65, 1, 6235
28761, 20591, 71.59, 72, 48.65, 1, 6235
28762, 20592, 71.59, 72, 48.65, 1, 6235
28763, 20593, 71.60, 72, 48.65, 1, 6235
28764, 20594, 71.60, 72, 48.65, 1, 6235
28765, 20595, 71.60, 72, 48.65, 1, 6235
28766, 20596, 71.60, 72, 48.65, 1, 6235
28767, 20596, 71.60, 72, 48.65, 1, 6236
28768, 20597, 71.60, 72, 48.65, 1, 6236
28769, 20598, 71.60, 72, 48.65, 1, 6236
28770, 20599, 71.60, 72, 48.65, 1, 6236
28771, 20600, 71.60, 72, 48.65, 1, 6236
28772, 20601, 71.60, 72, 48.65, 1, 6236
28773, 20602, 71.60, 72, 48.65, 1, 6236
28774, 20603, 71.60, 72, 48.65, 1, 6236
28775, 20604, 71.60, 72, 48.65, 1, 6236
28776, 20604, 71.60, 72, 48.65, 1, 6236
28777, 20604, 71.60, 72, 48.65, 1, 6237
28778, 20604, 71.60, 72, 48.65, 1, 6238
28779, 20604, 71.59, 72, 48.65, 1, 6238
28780, 20604, 71.59, 72, 48.65, 1, 6238
28781, 20605, 71.59, 72, 48.65, 1, 6238
28782, 20606, 71.59, 72, 48.65, 1, 6238
28783, 20607, 71.59, 72, 48.65, 1, 6238
28784, 20607, 71.59, 72, 48.65, 1, 6239
28785, 20608, 71.59, 72, 48.65, 1, 6239
28786, 20609, 71.59, 72, 48.65, 1, 6239
28787, 20610, 71.59, 72, 48.65, 1, 6239
28788, 20611, 71.60, 72, 48.65, 1, 6239
28789, 20612, 71.60, 72, 48.65, 1, 6239
28790, 20613, 71.60, 72, 48.65, 1, 6239
28791, 20614, 71.60, 72, 48.65, 1, 6239
28792, 20615, 71.60, 72, 48.65, 1, 6239
28793, 20616, 71.60, 72, 48.65, 1, 6239
28794, 20617, 71.60, 72, 48.65, 1, 6239
28795, 20618, 71.60, 72, 48.65, 1, 6239
28796, 20619, 71.60, 72, 48.65, 1, 6239
28797, 20620, 71.60, 72, 48.65, 1, 6239
28798, 20621, 71.61, 72, 48.65, 1, 6239
28799, 20622, 71.61, 72, 48.65, 1, 6239
28800, 20623, 71.61, 72, 48.65, 1, 6239
28801, 20624, 71.61, 72, 48.65, 1, 6239
28802, 20625, 71.61, 72, 48.65, 1, 6239
28803, 20625, 71.61, 72, 48.65, 1, 6240
28804, 20625, 71.60, 72, 48.65, 1, 6241
28805, 20625, 71.60, 72, 48.65, 1, 6242
28806, 20626, 71.60, 72, 48.65, 1, 6242
28807, 20626, 71.60, 72, 48.65, 1, 6243
28808, 20627, 71.60, 72, 48.65, 1, 6243
28809, 20628, 71.60, 72, 48.65, 1, 6243
28810, 20629, 71.60, 72, 48.65, 1, 6243
28811, 20630, 71.60, 72, 48.65, 1, 6243
28812, 20631, 71.61, 72, 48.65, 1, 6243
28813, 20632, 71.61, 72, 48.65, 1, 6243
28814, 20633, 71.61, 72, 48.65, 1, 6243
28815, 20634, 71.61, 72, 48.65, 1, 6243
28816, 20635, 71.61, 72, 48.65, 1, 6243
28817, 20635, 71.61, 72, 48.65, 1, 6244
28818, 20636, 71.61, 72, 48.65, 1, 6244
28819, 20636, 71.61, 72, 48.65, 1, 6245
28820, 20637, 71.61, 72, 48.65, 1, 6245
28821, 20637, 71.60, 72, 48.65, 1, 6245
28822, 20638, 71.61, 72, 48.65, 1, 6245
28823, 20639, 71.61, 72, 48.65, 1, 6245
28824, 20640, 71.61, 72, 48.65, 1, 6245
28825, 20640, 71.60, 72, 48.65, 1, 6245
28826, 20641, 71.61, 72, 48.65, 1, 6245
28827, 20642, 71.61, 72, 48.65, 1, 6245
28828, 20643, 71.61, 72, 48.65, 1, 6245
28829, 20644, 71.61, 72, 48.65, 1, 6245
28830, 20645, 71.61, 72, 48.65, 1, 6245
28831, 20646, 71.61, 72, 48.65, 1, 6245
28832, 20646, 71.61, 72, 48.65, 1, 6246
28833, 20647, 71.61, 72, 48.65, 1, 6246
28834, 20647, 71.61, 72, 48.65, 1, 6247
28835, 20648, 71.61, 72, 48.65, 1, 6247
28836, 20649, 71.61, 72, 48.65, 1, 6247
28837, 20650, 71.61, 72, 48.65, 1, 6247
28838, 20651, 71.61, 72, 48.65, 1, 6247
28839, 20652, 71.61, 72, 48.65, 1, 6247
28840, 20653, 71.61, 72, 48.65, 1, 6247
28841, 20654, 71.61, 72, 48.65, 1, 6247
28842, 20654, 71.61, 72, 48.65, 1, 6248
28843, 20655, 71.61, 72, 48.65, 1, 6248
28844, 20656, 71.61, 72, 48.65, 1, 6248
28845, 20657, 71.61, 72, 48.65, 1, 6248
28846, 20658, 71.61, 72, 48.65, 1, 6248
28847, 20659, 71.62, 72, 48.65, 1, 6248
28848, 20660, 71.62, 72, 48.65, 1, 6248
28849, 20660, 71.61, 72, 48.65, 1, 6249
28850, 20661, 71.62, 72, 48.65, 1, 6249
28851, 20662, 71.62, 72, 48.65, 1, 6249
28852, 20663, 71.62, 72, 48.65, 1, 6249
28853, 20664, 71.62, 72, 48.65, 1, 6249
28854, 20664, 71.62, 72, 48.65, 1, 6250
28855, 20665, 71.62, 72, 48.65, 1, 6250
28856, 20665, 71.61, 72, 48.65, 1, 6251
28857, 20665, 71.61, 72, 48.65, 1, 6252
28858, 20666, 71.61, 72, 48.65, 1, 6252
28859, 20667, 71.61, 72, 48.65, 1, 6252
28860, 20668, 71.61, 72, 48.65, 1, 6252
28861, 20669, 71.62, 72, 48.65, 1, 6252
28862, 20669, 71.61, 72, 48.65, 1, 6253
28863, 20670, 71.61, 72, 48.65, 1, 6253
28864, 20670, 71.61, 72, 48.65, 1, 6254
28865, 20671, 71.61, 72, 48.65, 1, 6254
28866, 20672, 71.61, 72, 48.65, 1, 6254
28867, 20673, 71.61, 72, 48.65, 1, 6254
28868, 20674, 71.62, 72, 48.65, 1, 6254
28869, 20675, 71.62, 72, 48.65, 1, 6254
28870, 20676, 71.62, 72, 48.65, 1, 6254
28871, 20677, 71.62, 72, 48.65, 1, 6254
28872, 20678, 71.62, 72, 48.65, 1, 6254
28873, 20679, 71.62, 72, 48.65, 1, 6254
28874, 20679, 71.62, 72, 48.65, 1, 6254
28875, 20680, 71.62, 72, 48.65, 1, 6254
28876, 20681, 71.62, 72, 48.65, 1, 6254
28877, 20681, 71.62, 72, 48.65, 1, 6254
28878, 20682, 71.62, 72, 48.65, 1, 6254
28879, 20683, 71.62, 72, 48.65, 1, 6254
28880, 20683, 71.62, 72, 48.65, 1, 6254
28881, 20684, 71.62, 72, 48.65, 1, 6254
28882, 20685, 71.62, 72, 48.65, 1, 6254
28883, 20685, 71.62, 72, 48.65, 1, 6254
28884, 20686, 71.62, 72, 48.65, 1, 6254
28885, 20686, 71.62, 72, 48.65, 1, 6255
28886, 20686, 71.61, 72, 48.65, 1, 6256
28887, 20687, 71.61, 72, 48.65, 1, 6256
28888, 20687, 71.61, 72, 48.65, 1, 6257
28889, 20688, 71.61, 72, 48.65, 1, 6257
28890, 20689, 71.61, 72, 48.65, 1, 6257
28891, 20690, 71.61, 72, 48.65, 1, 6257
28892, 20691, 71.61, 72, 48.65, 1, 6257
28893, 20692, 71.62, 72, 48.65, 1, 6257
28894, 20693, 71.62, 72, 48.65, 1, 6257
28895, 20693, 71.61, 72, 48.65, 1, 6258
28896, 20694, 71.62, 72, 48.65, 1, 6258
28897, 20695, 71.62, 72, 48.65, 1, 6258
28898, 20695, 71.61, 72, 48.65, 1, 6259
28899, 20696, 71.61, 72, 48.65, 1, 6259
28900, 20697, 71.62, 72, 48.65, 1, 6259
28901, 20698, 71.62, 72, 48.65, 1, 6259
28902, 20699, 71.62, 72, 48.65, 1, 6259
28903, 20700, 71.62, 72, 48.65, 1, 6259
28904, 20701, 71.62, 72, 48.65, 1, 6259
28905, 20702, 71.62, 72, 48.65, 1, 6259
28906, 20702, 71.62, 72, 48.65, 1, 6260
28907, 20703, 71.62, 72, 48.65, 1, 6260
28908, 20703, 71.62, 72, 48.65, 1, 6261
28909, 20704, 71.62, 72, 48.65, 1, 6261
28910, 20704, 71.62, 72, 48.65, 1, 6262
28911, 20705, 71.62, 72, 48.65, 1, 6262
28912, 20706, 71.62, 72, 48.65, 1, 6262
28913, 20707, 71.62, 72, 48.65, 1, 6262
28914, 20708, 71.62, 72, 48.65, 1, 6262
28915, 20709, 71.62, 72, 48.65, 1, 6262
28916, 20710, 71.62, 72, 48.65, 1, 6262
28917, 20711, 71.62, 72, 48.65, 1, 6262
28918, 20711, 71.62, 72, 48.65, 1, 6263
28919, 20712, 71.62, 72, 48.65, 1, 6263
28920, 20712, 71.62, 72, 48.65, 1, 6264
28921, 20713, 71.62, 72, 48.65, 1, 6264
28922, 20714, 71.62, 72, 48.65, 1, 6264
28923, 20715, 71.62, 72, 48.65, 1, 6264
28924, 20716, 71.62, 72, 48.65, 1, 6264
28925, 20717, 71.62, 72, 48.65, 1, 6264
28926, 20717, 71.62, 72, 48.65, 1, 6265
28927, 20718, 71.62, 72, 48.65, 1, 6265
28928, 20719, 71.62, 72, 48.65, 1, 6265
28929, 20720, 71.62, 72, 48.65, 1, 6265
28930, 20721, 71.62, 72, 48.65, 1, 6265
28931, 20721, 71.62, 72, 48.65, 1, 6266
28932, 20721, 71.62, 72, 48.65, 1, 6267
28933, 20722, 71.62, 72, 48.65, 1, 6267
28934, 20723, 71.62, 72, 48.65, 1, 6267
28935, 20724, 71.62, 72, 48.65, 1, 6267
28936, 20725, 71.62, 72, 48.65, 1, 6267
28937, 20726, 71.62, 72, 48.65, 1, 6267
28938, 20727, 71.63, 72, 48.65, 1, 6267
28939, 20728, 71.63, 72, 48.65, 1, 6267
28940, 20729, 71.63, 72, 48.65, 1, 6267
28941, 20729, 71.63, 72, 48.65, 1, 6268
28942, 20730, 71.63, 72, 48.65, 1, 6268
28943, 20730, 71.62, 72, 48.65, 1, 6269
28944, 20731, 71.62, 72, 48.65, 1, 6269
28945, 20731, 71.62, 72, 48.65, 1, 6270
28946, 20732, 71.62, 72, 48.65, 1, 6270
28947, 20733, 71.62, 72, 48.65, 1, 6270
28948, 20733, 71.62, 72, 48.65, 1, 6271
28949, 20734, 71.62, 72, 48.65, 1, 6271
28950, 20735, 71.62, 72, 48.65, 1, 6271
28951, 20736, 71.62, 72, 48.65, 1, 6271
28952, 20736, 71.62, 72, 48.65, 1, 6272
28953, 20736, 71.62, 72, 48.65, 1, 6273
28954, 20737, 71.62, 72, 48.65, 1, 6273
28955, 20738, 71.62, 72, 48.65, 1, 6273
28956, 20738, 71.62, 72, 48.65, 1, 6274
28957, 20739, 71.62, 72, 48.65, 1, 6274
28958, 20740, 71.62, 72, 48.65, 1, 6274
28959, 20741, 71.62, 72, 48.65, 1, 6274
28960, 20742, 71.62, 72, 48.65, 1, 6274
28961, 20743, 71.62, 72, 48.65, 1, 6274
28962, 20744, 71.62, 72, 48.65, 1, 6274
28963, 20745, 71.63, 72, 48.65, 1, 6274
28964, 20746, 71.63, 72, 48.65, 1, 6274
28965, 20747, 71.63, 72, 48.65, 1, 6274
28966, 20747, 71.63, 72, 48.65, 1, 6275
28967, 20747, 71.62, 72, 48.65, 1, 6276
28968, 20748, 71.62, 72, 48.65, 1, 6276
28969, 20749, 71.62, 72, 48.65, 1, 6276
28970, 20750, 71.63, 72, 48.65, 1, 6276
28971, 20750, 71.62, 72, 48.65, 1, 6277
28972, 20751, 71.62, 72, 48.65, 1, 6277
28973, 20752, 71.63, 72, 48.65, 1, 6277
28974, 20753, 71.63, 72, 48.65, 1, 6277
28975, 20753, 71.62, 72, 48.65, 1, 6278
28976, 20754, 71.62, 72, 48.65, 1, 6278
28977, 20754, 71.62, 72, 48.65, 1, 6279
28978, 20755, 71.62, 72, 48.65, 1, 6279
28979, 20755, 71.62, 72, 48.65, 1, 6279
28980, 20756, 71.62, 72, 48.65, 1, 6279
28981, 20757, 71.62, 72, 48.65, 1, 6279
28982, 20758, 71.62, 72, 48.65, 1, 6279
28983, 20759, 71.62, 72, 48.65, 1, 6279
28984, 20759, 71.62, 72, 48.65, 1, 6280
28985, 20760, 71.62, 72, 48.65, 1, 6280
28986, 20761, 71.62, 72, 48.65, 1, 6280
28987, 20762, 71.63, 72, 48.65, 1, 6280
28988, 20762, 71.62, 72, 48.65, 1, 6281
28989, 20763, 71.62, 72, 48.65, 1, 6281
28990, 20764, 71.62, 72, 48.65, 1, 6281
28991, 20764, 71.62, 72, 48.65, 1, 6282
28992, 20765, 71.62, 72, 48.65, 1, 6282
28993, 20766, 71.62, 72, 48.65, 1, 6282
28994, 20766, 71.62, 72, 48.65, 1, 6282
28995, 20767, 71.62, 72, 48.65, 1, 6282
28996, 20768, 71.62, 72, 48.65, 1, 6282
28997, 20769, 71.62, 72, 48.65, 1, 6282
28998, 20769, 71.62, 72, 48.65, 1, 6282
28999, 20770, 71.62, 72, 48.65, 1, 6282
29000, 20770, 71.62, 72, 48.65, 1, 6282
29001, 20771, 71.62, 72, 48.65, 1, 6282
29002, 20772, 71.62, 72, 48.65, 1, 6282
29003, 20773, 71.62, 72, 48.65, 1, 6282
29004, 20774, 71.62, 72, 48.65, 1, 6282
29005, 20775, 71.63, 72, 48.65, 1, 6282
29006, 20776, 71.63, 72, 48.65, 1, 6282
29007, 20777, 71.63, 72, 48.65, 1, 6282
29008, 20778, 71.63, 72, 48.65, 1, 6282
29009, 20779, 71.63, 72, 48.65, 1, 6282
29010, 20780, 71.63, 72, 48.65, 1, 6282
29011, 20780, 71.63, 72, 48.65, 1, 6283
29012, 20781, 71.63, 72, 48.65, 1, 6283
29013, 20781, 71.63, 72, 48.65, 1, 6284
29014, 20782, 71.63, 72, 48.65, 1, 6284
29015, 20783, 71.63, 72, 48.65, 1, 6284
29016, 20783, 71.63, 72, 48.65, 1, 6285
29017, 20784, 71.63, 72, 48.65, 1, 6285
29018, 20785, 71.63, 72, 48.65, 1, 6285
29019, 20786, 71.63, 72, 48.65, 1, 6285
29020, 20787, 71.63, 72, 48.65, 1, 6285
29021, 20788, 71.63, 72, 48.65, 1, 6285
29022, 20789, 71.63, 72, 48.65, 1, 6285
29023, 20790, 71.63, 72, 48.65, 1, 6285
29024, 20790, 71.63, 72, 48.65, 1, 6286
29025, 20790, 71.63, 72, 48.65, 1, 6287
29026, 20790, 71.63, 72, 48.65, 1, 6288
29027, 20791, 71.63, 72, 48.65, 1, 6288
29028, 20792, 71.63, 72, 48.65, 1, 6288
29029, 20793, 71.63, 72, 48.65, 1, 6288
29030, 20793, 71.63, 72, 48.65, 1, 6289
29031, 20793, 71.62, 72, 48.65, 1, 6290
29032, 20794, 71.62, 72, 48.65, 1, 6290
29033, 20795, 71.63, 72, 48.65, 1, 6290
29034, 20796, 71.63, 72, 48.65, 1, 6290
29035, 20797, 71.63, 72, 48.65, 1, 6290
29036, 20798, 71.63, 72, 48.65, 1, 6290
29037, 20799, 71.63, 72, 48.65, 1, 6290
29038, 20800, 71.63, 72, 48.65, 1, 6290
29039, 20801, 71.63, 72, 48.65, 1, 6290
29040, 20802, 71.63, 72, 48.65, 1, 6290
29041, 20803, 71.63, 72, 48.65, 1, 6290
29042, 20804, 71.63, 72, 48.65, 1, 6290
29043, 20804, 71.63, 72, 48.65, 1, 6291
29044, 20804, 71.63, 72, 48.65, 1, 6291
29045, 20805, 71.63, 72, 48.65, 1, 6291
29046, 20806, 71.63, 72, 48.65, 1, 6291
29047, 20807, 71.63, 72, 48.65, 1, 6291
29048, 20808, 71.63, 72, 48.65, 1, 6291
29049, 20809, 71.63, 72, 48.65, 1, 6291
29050, 20809, 71.63, 72, 48.65, 1, 6292
29051, 20809, 71.63, 72, 48.65, 1, 6293
29052, 20809, 71.63, 72, 48.65, 1, 6294
29053, 20810, 71.63, 72, 48.65, 1, 6294
29054, 20811, 71.63, 72, 48.65, 1, 6294
29055, 20811, 71.63, 72, 48.65, 1, 6295
29056, 20812, 71.63, 72, 48.65, 1, 6295
29057, 20813, 71.63, 72, 48.65, 1, 6295
29058, 20814, 71.63, 72, 48.65, 1, 6295
29059, 20815, 71.63, 72, 48.65, 1, 6295
29060, 20816, 71.63, 72, 48.65, 1, 6295
29061, 20817, 71.63, 72, 48.65, 1, 6295
29062, 20818, 71.63, 72, 48.65, 1, 6295
29063, 20818, 71.63, 72, 48.65, 1, 6296
29064, 20819, 71.63, 72, 48.65, 1, 6296
29065, 20820, 71.63, 72, 48.65, 1, 6296
29066, 20821, 71.63, 72, 48.65, 1, 6296
29067, 20822, 71.63, 72, 48.65, 1, 6296
29068, 20823, 71.64, 72, 48.65, 1, 6296
29069, 20824, 71.64, 72, 48.65, 1, 6296
29070, 20825, 71.64, 72, 48.65, 1, 6296
29071, 20825, 71.63, 72, 48.65, 1, 6297
29072, 20826, 71.64, 72, 48.65, 1, 6297
29073, 20827, 71.64, 72, 48.65, 1, 6297
29074, 20827, 71.63, 72, 48.65, 1, 6298
29075, 20828, 71.64, 72, 48.65, 1, 6298
29076, 20829, 71.64, 72, 48.65, 1, 6298
29077, 20830, 71.64, 72, 48.65, 1, 6298
29078, 20831, 71.64, 72, 48.65, 1, 6298
29079, 20831, 71.64, 72, 48.65, 1, 6299
29080, 20832, 71.64, 72, 48.65, 1, 6299
29081, 20833, 71.64, 72, 48.65, 1, 6299
29082, 20834, 71.64, 72, 48.65, 1, 6299
29083, 20835, 71.64, 72, 48.65, 1, 6299
29084, 20836, 71.64, 72, 48.65, 1, 6299
29085, 20836, 71.64, 72, 48.65, 1, 6300
29086, 20837, 71.64, 72, 48.65, 1, 6300
29087, 20838, 71.64, 72, 48.65, 1, 6300
29088, 20839, 71.64, 72, 48.65, 1, 6300
29089, 20840, 71.64, 72, 48.65, 1, 6300
29090, 20841, 71.64, 72, 48.65, 1, 6300
29091, 20841, 71.64, 72, 48.65, 1, 6301
29092, 20842, 71.64, 72, 48.65, 1, 6301
29093, 20843, 71.64, 72, 48.65, 1, 6301
29094, 20844, 71.64, 72, 48.65, 1, 6301
29095, 20845, 71.64, 72, 48.65, 1, 6301
29096, 20846, 71.65, 72, 48.65, 1, 6301
29097, 20846, 71.64, 72, 48.65, 1, 6301
29098, 20846, 71.64, 72, 48.65, 1, 6301
29099, 20846, 71.64, 72, 48.65, 1, 6302
29100, 20846, 71.64, 72, 48.65, 1, 6303
29101, 20846, 71.63, 72, 48.65, 1, 6303
29102, 20847, 71.63, 72, 48.65, 1, 6303
29103, 20848, 71.64, 72, 48.65, 1, 6303
29104, 20848, 71.63, 72, 48.65, 1, 6303
29105, 20848, 71.63, 72, 48.65, 1, 6304
29106, 20849, 71.63, 72, 48.65, 1, 6304
29107, 20850, 71.63, 72, 48.65, 1, 6304
29108, 20851, 71.63, 72, 48.65, 1, 6304
29109, 20851, 71.63, 72, 48.65, 1, 6305
29110, 20852, 71.63, 72, 48.65, 1, 6305
29111, 20853, 71.63, 72, 48.65, 1, 6305
29112, 20854, 71.63, 72, 48.65, 1, 6305
29113, 20855, 71.63, 72, 48.65, 1, 6305
29114, 20855, 71.63, 72, 48.65, 1, 6306
29115, 20855, 71.63, 72, 48.65, 1, 6307
29116, 20856, 71.63, 72, 48.65, 1, 6307
29117, 20857, 71.63, 72, 48.65, 1, 6307
29118, 20858, 71.63, 72, 48.65, 1, 6307
29119, 20859, 71.63, 72, 48.65, 1, 6307
29120, 20859, 71.63, 72, 48.65, 1, 6308
29121, 20860, 71.63, 72, 48.65, 1, 6308
29122, 20861, 71.63, 72, 48.65, 1, 6308
29123, 20862, 71.63, 72, 48.65, 1, 6308
29124, 20863, 71.64, 72, 48.65, 1, 6308
29125, 20864, 71.64, 72, 48.65, 1, 6308
29126, 20865, 71.64, 72, 48.65, 1, 6308
29127, 20865, 71.63, 72, 48.65, 1, 6309
29128, 20866, 71.64, 72, 48.65, 1, 6309
29129, 20867, 71.64, 72, 48.65, 1, 6309
29130, 20867, 71.63, 72, 48.65, 1, 6310
29131, 20868, 71.64, 72, 48.65, 1, 6310
29132, 20869, 71.64, 72, 48.65, 1, 6310
29133, 20870, 71.64, 72, 48.65, 1, 6310
29134, 20871, 71.64, 72, 48.65, 1, 6310
29135, 20872, 71.64, 72, 48.65, 1, 6310
29136, 20872, 71.64, 72, 48.65, 1, 6311
29137, 20872, 71.63, 72, 48.65, 1, 6311
29138, 20873, 71.63, 72, 48.65, 1, 6311
29139, 20874, 71.64, 72, 48.65, 1, 6311
29140, 20875, 71.64, 72, 48.65, 1, 6311
29141, 20876, 71.64, 72, 48.65, 1, 6311
29142, 20876, 71.64, 72, 48.65, 1, 6312
29143, 20877, 71.64, 72, 48.65, 1, 6312
29144, 20878, 71.64, 72, 48.65, 1, 6312
29145, 20879, 71.64, 72, 48.65, 1, 6312
29146, 20880, 71.64, 72, 48.65, 1, 6312
29147, 20881, 71.64, 72, 48.65, 1, 6312
29148, 20882, 71.64, 72, 48.65, 1, 6312
29149, 20883, 71.64, 72, 48.65, 1, 6312
29150, 20883, 71.64, 72, 48.65, 1, 6313
29151, 20884, 71.64, 72, 48.65, 1, 6313
29152, 20885, 71.64, 72, 48.65, 1, 6313
29153, 20886, 71.64, 72, 48.65, 1, 6313
29154, 20887, 71.64, 72, 48.65, 1, 6313
29155, 20888, 71.64, 72, 48.65, 1, 6313
29156, 20889, 71.65, 72, 48.65, 1, 6313
29157, 20890, 71.65, 72, 48.65, 1, 6313
29158, 20890, 71.64, 72, 48.65, 1, 6314
29159, 20891, 71.65, 72, 48.65, 1, 6314
29160, 20891, 71.64, 72, 48.65, 1, 6315
29161, 20891, 71.64, 72, 48.65, 1, 6316
29162, 20892, 71.64, 72, 48.65, 1, 6316
29163, 20893, 71.64, 72, 48.65, 1, 6316
29164, 20893, 71.64, 72, 48.65, 1, 6316
29165, 20894, 71.64, 72, 48.65, 1, 6316
29166, 20894, 71.64, 72, 48.65, 1, 6316
29167, 20895, 71.64, 72, 48.65, 1, 6316
29168, 20895, 71.64, 72, 48.65, 1, 6317
29169, 20896, 71.64, 72, 48.65, 1, 6317
29170, 20896, 71.64, 72, 48.65, 1, 6318
29171, 20897, 71.64, 72, 48.65, 1, 6318
29172, 20898, 71.64, 72, 48.65, 1, 6318
29173, 20899, 71.64, 72, 48.65, 1, 6318
29174, 20899, 71.64, 72, 48.65, 1, 6319
29175, 20899, 71.63, 72, 48.65, 1, 6320
29176, 20899, 71.63, 72, 48.65, 1, 6321
29177, 20900, 71.63, 72, 48.65, 1, 6321
29178, 20900, 71.63, 72, 48.65, 1, 6322
29179, 20900, 71.63, 72, 48.65, 1, 6323
29180, 20901, 71.63, 72, 48.65, 1, 6323
29181, 20901, 71.63, 72, 48.65, 1, 6324
29182, 20901, 71.62, 72, 48.65, 1, 6325
29183, 20902, 71.62, 72, 48.65, 1, 6325
29184, 20903, 71.62, 72, 48.65, 1, 6325
29185, 20904, 71.63, 72, 48.65, 1, 6325
29186, 20904, 71.62, 72, 48.65, 1, 6325
29187, 20905, 71.62, 72, 48.65, 1, 6325
29188, 20905, 71.62, 72, 48.65, 1, 6325
29189, 20906, 71.62, 72, 48.65, 1, 6325
29190, 20907, 71.62, 72, 48.65, 1, 6325
29191, 20908, 71.62, 72, 48.65, 1, 6325
29192, 20908, 71.62, 72, 48.65, 1, 6325
29193, 20909, 71.62, 72, 48.65, 1, 6325
29194, 20910, 71.62, 72, 48.65, 1, 6325
29195, 20911, 71.63, 72, 48.65, 1, 6325
29196, 20912, 71.63, 72, 48.65, 1, 6325
29197, 20913, 71.63, 72, 48.65, 1, 6325
29198, 20914, 71.63, 72, 48.65, 1, 6325
29199, 20915, 71.63, 72, 48.65, 1, 6325
29200, 20916, 71.63, 72, 48.65, 1, 6325
29201, 20917, 71.63, 72, 48.65, 1, 6325
29202, 20918, 71.63, 72, 48.65, 1, 6325
29203, 20919, 71.63, 72, 48.65, 1, 6325
29204, 20919, 71.63, 72, 48.65, 1, 6326
29205, 20920, 71.63, 72, 48.65, 1, 6326
29206, 20921, 71.63, 72, 48.65, 1, 6326
29207, 20921, 71.63, 72, 48.65, 1, 6327
29208, 20921, 71.63, 72, 48.65, 1, 6328
29209, 20922, 71.63, 72, 48.65, 1, 6328
29210, 20923, 71.63, 72, 48.65, 1, 6328
29211, 20923, 71.63, 72, 48.65, 1, 6329
29212, 20923, 71.62, 72, 48.65, 1, 6330
29213, 20924, 71.63, 72, 48.65, 1, 6330
29214, 20925, 71.63, 72, 48.65, 1, 6330
29215, 20926, 71.63, 72, 48.65, 1, 6330
29216, 20927, 71.63, 72, 48.65, 1, 6330
29217, 20928, 71.63, 72, 48.65, 1, 6330
29218, 20929, 71.63, 72, 48.65, 1, 6330
29219, 20929, 71.63, 72, 48.65, 1, 6331
29220, 20930, 71.63, 72, 48.65, 1, 6331
29221, 20930, 71.63, 72, 48.65, 1, 6332
29222, 20931, 71.63, 72, 48.65, 1, 6332
29223, 20932, 71.63, 72, 48.65, 1, 6332
29224, 20932, 71.63, 72, 48.65, 1, 6332
29225, 20933, 71.63, 72, 48.65, 1, 6332
29226, 20934, 71.63, 72, 48.65, 1, 6332
29227, 20935, 71.63, 72, 48.65, 1, 6332
29228, 20936, 71.63, 72, 48.65, 1, 6332
29229, 20937, 71.63, 72, 48.65, 1, 6332
29230, 20938, 71.63, 72, 48.65, 1, 6332
29231, 20939, 71.63, 72, 48.65, 1, 6332
29232, 20940, 71.63, 72, 48.65, 1, 6332
29233, 20941, 71.63, 72, 48.65, 1, 6332
29234, 20942, 71.64, 72, 48.65, 1, 6332
29235, 20943, 71.64, 72, 48.65, 1, 6332
29236, 20944, 71.64, 72, 48.65, 1, 6332
29237, 20945, 71.64, 72, 48.65, 1, 6332
29238, 20945, 71.64, 72, 48.65, 1, 6332
29239, 20946, 71.64, 72, 48.65, 1, 6332
29240, 20946, 71.63, 72, 48.65, 1, 6332
29241, 20947, 71.64, 72, 48.65, 1, 6332
29242, 20948, 71.64, 72, 48.65, 1, 6332
29243, 20949, 71.64, 72, 48.65, 1, 6332
29244, 20949, 71.64, 72, 48.65, 1, 6333
29245, 20949, 71.63, 72, 48.65, 1, 6334
29246, 20950, 71.63, 72, 48.65, 1, 6334
29247, 20951, 71.63, 72, 48.65, 1, 6334
29248, 20952, 71.64, 72, 48.65, 1, 6334
29249, 20952, 71.63, 72, 48.65, 1, 6335
29250, 20953, 71.63, 72, 48.65, 1, 6335
29251, 20954, 71.64, 72, 48.65, 1, 6335
29252, 20955, 71.64, 72, 48.65, 1, 6335
29253, 20956, 71.64, 72, 48.65, 1, 6335
29254, 20957, 71.64, 72, 48.65, 1, 6335
29255, 20957, 71.64, 72, 48.65, 1, 6335
29256, 20958, 71.64, 72, 48.65, 1, 6335
29257, 20958, 71.63, 72, 48.65, 1, 6335
29258, 20959, 71.64, 72, 48.65, 1, 6335
29259, 20960, 71.64, 72, 48.65, 1, 6335
29260, 20960, 71.63, 72, 48.65, 1, 6335
29261, 20961, 71.63, 72, 48.65, 1, 6335
29262, 20962, 71.64, 72, 48.65, 1, 6335
29263, 20963, 71.64, 72, 48.65, 1, 6335
29264, 20964, 71.64, 72, 48.65, 1, 6335
29265, 20964, 71.64, 72, 48.65, 1, 6336
29266, 20964, 71.63, 72, 48.65, 1, 6337
29267, 20964, 71.63, 72, 48.65, 1, 6337
29268, 20964, 71.63, 72, 48.65, 1, 6338
29269, 20965, 71.63, 72, 48.65, 1, 6338
29270, 20965, 71.63, 72, 48.65, 1, 6339
29271, 20966, 71.63, 72, 48.65, 1, 6339
29272, 20967, 71.63, 72, 48.65, 1, 6339
29273, 20967, 71.63, 72, 48.65, 1, 6339
29274, 20968, 71.63, 72, 48.65, 1, 6339
29275, 20969, 71.63, 72, 48.65, 1, 6339
29276, 20970, 71.63, 72, 48.65, 1, 6339
29277, 20970, 71.63, 72, 48.65, 1, 6339
29278, 20971, 71.63, 72, 48.65, 1, 6339
29279, 20972, 71.63, 72, 48.65, 1, 6339
29280, 20973, 71.63, 72, 48.65, 1, 6339
29281, 20974, 71.63, 72, 48.65, 1, 6339
29282, 20975, 71.63, 72, 48.65, 1, 6339
29283, 20976, 71.63, 72, 48.65, 1, 6339
29284, 20976, 71.63, 72, 48.65, 1, 6340
29285, 20976, 71.63, 72, 48.65, 1, 6341
29286, 20976, 71.62, 72, 48.65, 1, 6341
29287, 20977, 71.63, 72, 48.65, 1, 6341
29288, 20978, 71.63, 72, 48.65, 1, 6341
29289, 20979, 71.63, 72, 48.65, 1, 6341
29290, 20980, 71.63, 72, 48.65, 1, 6341
29291, 20981, 71.63, 72, 48.65, 1, 6341
29292, 20982, 71.63, 72, 48.65, 1, 6341
29293, 20982, 71.63, 72, 48.65, 1, 6341
29294, 20983, 71.63, 72, 48.65, 1, 6341
29295, 20984, 71.63, 72, 48.65, 1, 6341
29296, 20984, 71.63, 72, 48.65, 1, 6341
29297, 20984, 71.63, 72, 48.65, 1, 6341
29298, 20985, 71.63, 72, 48.65, 1, 6341
29299, 20985, 71.62, 72, 48.65, 1, 6341
29300, 20986, 71.62, 72, 48.65, 1, 6341
29301, 20987, 71.63, 72, 48.65, 1, 6341
29302, 20988, 71.63, 72, 48.65, 1, 6341
29303, 20988, 71.62, 72, 48.65, 1, 6341
29304, 20989, 71.63, 72, 48.65, 1, 6341
29305, 20990, 71.63, 72, 48.65, 1, 6341
29306, 20991, 71.63, 72, 48.65, 1, 6341
29307, 20991, 71.62, 72, 48.65, 1, 6341
29308, 20992, 71.63, 72, 48.65, 1, 6341
29309, 20992, 71.62, 72, 48.65, 1, 6341
29310, 20992, 71.62, 72, 48.65, 1, 6342
29311, 20993, 71.62, 72, 48.65, 1, 6342
29312, 20993, 71.62, 72, 48.65, 1, 6343
29313, 20994, 71.62, 72, 48.65, 1, 6343
29314, 20995, 71.62, 72, 48.65, 1, 6343
29315, 20996, 71.62, 72, 48.65, 1, 6343
29316, 20997, 71.62, 72, 48.65, 1, 6343
29317, 20998, 71.62, 72, 48.65, 1, 6343
29318, 20999, 71.62, 72, 48.65, 1, 6343
29319, 21000, 71.63, 72, 48.65, 1, 6343
29320, 21000, 71.62, 72, 48.65, 1, 6343
29321, 21001, 71.62, 72, 48.65, 1, 6343
29322, 21002, 71.63, 72, 48.65, 1, 6343
29323, 21003, 71.63, 72, 48.65, 1, 6343
29324, 21003, 71.62, 72, 48.65, 1, 6343
29325, 21004, 71.62, 72, 48.65, 1, 6343
29326, 21005, 71.63, 72, 48.65, 1, 6343
29327, 21006, 71.63, 72, 48.65, 1, 6343
29328, 21007, 71.63, 72, 48.65, 1, 6343
29329, 21007, 71.63, 72, 48.65, 1, 6343
29330, 21008, 71.63, 72, 48.65, 1, 6343
29331, 21008, 71.62, 72, 48.65, 1, 6343
29332, 21008, 71.62, 72, 48.65, 1, 6344
29333, 21008, 71.62, 72, 48.65, 1, 6345
29334, 21008, 71.62, 72, 48.65, 1, 6346
29335, 21009, 71.62, 72, 48.65, 1, 6346
29336, 21009, 71.62, 72, 48.65, 1, 6347
29337, 21010, 71.62, 72, 48.65, 1, 6347
29338, 21011, 71.62, 72, 48.65, 1, 6347
29339, 21011, 71.61, 72, 48.65, 1, 6347
29340, 21012, 71.62, 72, 48.65, 1, 6347
29341, 21013, 71.62, 72, 48.65, 1, 6347
29342, 21014, 71.62, 72, 48.65, 1, 6347
29343, 21015, 71.62, 72, 48.65, 1, 6347
29344, 21016, 71.62, 72, 48.65, 1, 6347
29345, 21016, 71.62, 72, 48.65, 1, 6348
29346, 21017, 71.62, 72, 48.65, 1, 6348
29347, 21017, 71.62, 72, 48.65, 1, 6349
29348, 21017, 71.61, 72, 48.65, 1, 6350
29349, 21018, 71.61, 72, 48.65, 1, 6350
29350, 21019, 71.61, 72, 48.65, 1, 6350
29351, 21020, 71.62, 72, 48.65, 1, 6350
29352, 21021, 71.62, 72, 48.65, 1, 6350
29353, 21022, 71.62, 72, 48.65, 1, 6350
29354, 21022, 71.62, 72, 48.65, 1, 6351
29355, 21023, 71.62, 72, 48.65, 1, 6351
29356, 21023, 71.61, 72, 48.65, 1, 6352
29357, 21024, 71.61, 72, 48.65, 1, 6352
29358, 21024, 71.61, 72, 48.65, 1, 6353
29359, 21024, 71.61, 72, 48.65, 1, 6354
29360, 21025, 71.61, 72, 48.65, 1, 6354
29361, 21026, 71.61, 72, 48.65, 1, 6354
29362, 21027, 71.61, 72, 48.65, 1, 6354
29363, 21028, 71.61, 72, 48.65, 1, 6354
29364, 21029, 71.61, 72, 48.65, 1, 6354
29365, 21029, 71.61, 72, 48.65, 1, 6355
29366, 21030, 71.61, 72, 48.65, 1, 6355
29367, 21030, 71.61, 72, 48.65, 1, 6356
29368, 21031, 71.61, 72, 48.65, 1, 6356
29369, 21032, 71.61, 72, 48.65, 1, 6356
29370, 21033, 71.61, 72, 48.65, 1, 6356
29371, 21034, 71.61, 72, 48.65, 1, 6356
29372, 21034, 71.61, 72, 48.65, 1, 6357
29373, 21035, 71.61, 72, 48.65, 1, 6357
29374, 21035, 71.61, 72, 48.65, 1, 6357
29375, 21036, 71.61, 72, 48.65, 1, 6357
29376, 21037, 71.61, 72, 48.65, 1, 6357
29377, 21037, 71.61, 72, 48.65, 1, 6358
29378, 21038, 71.61, 72, 48.65, 1, 6358
29379, 21039, 71.61, 72, 48.65, 1, 6358
29380, 21040, 71.61, 72, 48.65, 1, 6358
29381, 21041, 71.61, 72, 48.65, 1, 6358
29382, 21042, 71.62, 72, 48.65, 1, 6358
29383, 21043, 71.62, 72, 48.65, 1, 6358
29384, 21044, 71.62, 72, 48.65, 1, 6358
29385, 21045, 71.62, 72, 48.65, 1, 6358
29386, 21046, 71.62, 72, 48.65, 1, 6358
29387, 21047, 71.62, 72, 48.65, 1, 6358
29388, 21048, 71.62, 72, 48.65, 1, 6358
29389, 21049, 71.62, 72, 48.65, 1, 6358
29390, 21049, 71.62, 72, 48.65, 1, 6359
29391, 21050, 71.62, 72, 48.65, 1, 6359
29392, 21050, 71.62, 72, 48.65, 1, 6360
29393, 21051, 71.62, 72, 48.65, 1, 6360
29394, 21051, 71.62, 72, 48.65, 1, 6361
29395, 21052, 71.62, 72, 48.65, 1, 6361
29396, 21053, 71.62, 72, 48.65, 1, 6361
29397, 21054, 71.62, 72, 48.65, 1, 6361
29398, 21055, 71.62, 72, 48.65, 1, 6361
29399, 21055, 71.62, 72, 48.65, 1, 6362
29400, 21055, 71.62, 72, 48.65, 1, 6363
29401, 21056, 71.62, 72, 48.65, 1, 6363
29402, 21057, 71.62, 72, 48.65, 1, 6363
29403, 21057, 71.62, 72, 48.65, 1, 6364
29404, 21057, 71.61, 72, 48.65, 1, 6365
29405, 21058, 71.61, 72, 48.65, 1, 6365
29406, 21059, 71.61, 72, 48.65, 1, 6365
29407, 21060, 71.62, 72, 48.65, 1, 6365
29408, 21060, 71.61, 72, 48.65, 1, 6366
29409, 21061, 71.61, 72, 48.65, 1, 6366
29410, 21062, 71.62, 72, 48.65, 1, 6366
29411, 21063, 71.62, 72, 48.65, 1, 6366
29412, 21064, 71.62, 72, 48.65, 1, 6366
29413, 21065, 71.62, 72, 48.65, 1, 6366
29414, 21065, 71.62, 72, 48.65, 1, 6367
29415, 21066, 71.62, 72, 48.65, 1, 6367
29416, 21066, 71.61, 72, 48.65, 1, 6368
29417, 21067, 71.62, 72, 48.65, 1, 6368
29418, 21068, 71.62, 72, 48.65, 1, 6368
29419, 21068, 71.61, 72, 48.65, 1, 6369
29420, 21069, 71.61, 72, 48.65, 1, 6369
29421, 21070, 71.62, 72, 48.65, 1, 6369
29422, 21071, 71.62, 72, 48.65, 1, 6369
29423, 21071, 71.61, 72, 48.65, 1, 6370
29424, 21072, 71.62, 72, 48.65, 1, 6370
29425, 21073, 71.62, 72, 48.65, 1, 6370
29426, 21073, 71.61, 72, 48.65, 1, 6371
29427, 21074, 71.61, 72, 48.65, 1, 6371
29428, 21075, 71.62, 72, 48.65, 1, 6371
29429, 21076, 71.62, 72, 48.65, 1, 6371
29430, 21076, 71.61, 72, 48.65, 1, 6372
29431, 21077, 71.61, 72, 48.65, 1, 6372
29432, 21077, 71.61, 72, 48.65, 1, 6373
29433, 21077, 71.61, 72, 48.65, 1, 6374
29434, 21077, 71.61, 72, 48.65, 1, 6375
29435, 21078, 71.61, 72, 48.65, 1, 6375
29436, 21078, 71.61, 72, 48.65, 1, 6376
29437, 21079, 71.61, 72, 48.65, 1, 6376
29438, 21079, 71.60, 72, 48.65, 1, 6377
29439, 21079, 71.60, 72, 48.65, 1, 6378
29440, 21080, 71.60, 72, 48.65, 1, 6378
29441, 21081, 71.60, 72, 48.65, 1, 6378
29442, 21082, 71.61, 72, 48.65, 1, 6378
29443, 21083, 71.61, 72, 48.65, 1, 6378
29444, 21084, 71.61, 72, 48.65, 1, 6378
29445, 21084, 71.60, 72, 48.65, 1, 6378
29446, 21085, 71.61, 72, 48.65, 1, 6378
29447, 21086, 71.61, 72, 48.65, 1, 6378
29448, 21087, 71.61, 72, 48.65, 1, 6378
29449, 21088, 71.61, 72, 48.65, 1, 6378
29450, 21089, 71.61, 72, 48.65, 1, 6378
29451, 21089, 71.61, 72, 48.65, 1, 6379
29452, 21090, 71.61, 72, 48.65, 1, 6379
29453, 21091, 71.61, 72, 48.65, 1, 6379
29454, 21092, 71.61, 72, 48.65, 1, 6379
29455, 21093, 71.61, 72, 48.65, 1, 6379
29456, 21094, 71.61, 72, 48.65, 1, 6379
29457, 21095, 71.61, 72, 48.65, 1, 6379
29458, 21096, 71.61, 72, 48.65, 1, 6379
29459, 21096, 71.61, 72, 48.65, 1, 6380
29460, 21097, 71.61, 72, 48.65, 1, 6380
29461, 21098, 71.61, 72, 48.65, 1, 6380
29462, 21098, 71.61, 72, 48.65, 1, 6381
29463, 21099, 71.61, 72, 48.65, 1, 6381
29464, 21100, 71.61, 72, 48.65, 1, 6381
29465, 21101, 71.61, 72, 48.65, 1, 6381
29466, 21102, 71.61, 72, 48.65, 1, 6381
29467, 21103, 71.62, 72, 48.65, 1, 6381
29468, 21104, 71.62, 72, 48.65, 1, 6381
29469, 21105, 71.62, 72, 48.65, 1, 6381
29470, 21105, 71.62, 72, 48.65, 1, 6382
29471, 21105, 71.61, 72, 48.65, 1, 6383
29472, 21105, 71.61, 72, 48.65, 1, 6384
29473, 21106, 71.61, 72, 48.65, 1, 6384
29474, 21107, 71.61, 72, 48.65, 1, 6384
29475, 21107, 71.61, 72, 48.65, 1, 6385
29476, 21108, 71.61, 72, 48.65, 1, 6385
29477, 21108, 71.61, 72, 48.65, 1, 6385
29478, 21108, 71.61, 72, 48.65, 1, 6386
29479, 21109, 71.61, 72, 48.65, 1, 6386
29480, 21109, 71.60, 72, 48.65, 1, 6387
29481, 21110, 71.61, 72, 48.65, 1, 6387
29482, 21111, 71.61, 72, 48.65, 1, 6387
29483, 21112, 71.61, 72, 48.65, 1, 6387
29484, 21113, 71.61, 72, 48.65, 1, 6387
29485, 21113, 71.61, 72, 48.65, 1, 6388
29486, 21114, 71.61, 72, 48.65, 1, 6388
29487, 21115, 71.61, 72, 48.65, 1, 6388
29488, 21116, 71.61, 72, 48.65, 1, 6388
29489, 21117, 71.61, 72, 48.65, 1, 6388
29490, 21118, 71.61, 72, 48.65, 1, 6388
29491, 21118, 71.61, 72, 48.65, 1, 6389
29492, 21119, 71.61, 72, 48.65, 1, 6389
29493, 21120, 71.61, 72, 48.65, 1, 6389
29494, 21121, 71.61, 72, 48.65, 1, 6389
29495, 21122, 71.61, 72, 48.65, 1, 6389
29496, 21122, 71.61, 72, 48.65, 1, 6390
29497, 21122, 71.61, 72, 48.65, 1, 6390
29498, 21123, 71.61, 72, 48.65, 1, 6390
29499, 21124, 71.61, 72, 48.65, 1, 6390
29500, 21125, 71.61, 72, 48.65, 1, 6390
29501, 21125, 71.61, 72, 48.65, 1, 6391
29502, 21125, 71.61, 72, 48.65, 1, 6392
29503, 21126, 71.61, 72, 48.65, 1, 6392
29504, 21126, 71.60, 72, 48.65, 1, 6393
29505, 21127, 71.60, 72, 48.65, 1, 6393
29506, 21128, 71.61, 72, 48.65, 1, 6393
29507, 21129, 71.61, 72, 48.65, 1, 6393
29508, 21130, 71.61, 72, 48.65, 1, 6393
29509, 21131, 71.61, 72, 48.65, 1, 6393
29510, 21131, 71.61, 72, 48.65, 1, 6393
29511, 21131, 71.60, 72, 48.65, 1, 6393
29512, 21132, 71.60, 72, 48.65, 1, 6393
29513, 21133, 71.61, 72, 48.65, 1, 6393
29514, 21134, 71.61, 72, 48.65, 1, 6393
29515, 21135, 71.61, 72, 48.65, 1, 6393
29516, 21135, 71.61, 72, 48.65, 1, 6394
29517, 21136, 71.61, 72, 48.65, 1, 6394
29518, 21136, 71.60, 72, 48.65, 1, 6395
29519, 21137, 71.60, 72, 48.65, 1, 6395
29520, 21137, 71.60, 72, 48.65, 1, 6395
29521, 21138, 71.60, 72, 48.65, 1, 6395
29522, 21139, 71.60, 72, 48.65, 1, 6395
29523, 21140, 71.61, 72, 48.65, 1, 6395
29524, 21141, 71.61, 72, 48.65, 1, 6395
29525, 21142, 71.61, 72, 48.65, 1, 6395
29526, 21143, 71.61, 72, 48.65, 1, 6395
29527, 21144, 71.61, 72, 48.65, 1, 6395
29528, 21145, 71.61, 72, 48.65, 1, 6395
29529, 21146, 71.61, 72, 48.65, 1, 6395
29530, 21147, 71.61, 72, 48.65, 1, 6395
29531, 21148, 71.61, 72, 48.65, 1, 6395
29532, 21148, 71.61, 72, 48.65, 1, 6396
29533, 21149, 71.61, 72, 48.65, 1, 6396
29534, 21150, 71.61, 72, 48.65, 1, 6396
29535, 21151, 71.61, 72, 48.65, 1, 6396
29536, 21152, 71.61, 72, 48.65, 1, 6396
29537, 21152, 71.61, 72, 48.65, 1, 6397
29538, 21153, 71.61, 72, 48.65, 1, 6397
29539, 21154, 71.61, 72, 48.65, 1, 6397
29540, 21155, 71.61, 72, 48.65, 1, 6397
29541, 21155, 71.61, 72, 48.65, 1, 6398
29542, 21155, 71.61, 72, 48.65, 1, 6399
29543, 21156, 71.61, 72, 48.65, 1, 6399
29544, 21157, 71.61, 72, 48.65, 1, 6399
29545, 21158, 71.61, 72, 48.65, 1, 6399
29546, 21159, 71.61, 72, 48.65, 1, 6399
29547, 21160, 71.61, 72, 48.65, 1, 6399
29548, 21161, 71.62, 72, 48.65, 1, 6399
29549, 21162, 71.62, 72, 48.65, 1, 6399
29550, 21162, 71.61, 72, 48.65, 1, 6400
29551, 21163, 71.62, 72, 48.65, 1, 6400
29552, 21164, 71.62, 72, 48.65, 1, 6400
29553, 21164, 71.61, 72, 48.65, 1, 6401
29554, 21164, 71.61, 72, 48.65, 1, 6402
29555, 21165, 71.61, 72, 48.65, 1, 6402
29556, 21166, 71.61, 72, 48.65, 1, 6402
29557, 21167, 71.61, 72, 48.65, 1, 6402
29558, 21168, 71.62, 72, 48.65, 1, 6402
29559, 21169, 71.62, 72, 48.65, 1, 6402
29560, 21169, 71.61, 72, 48.65, 1, 6403
29561, 21169, 71.61, 72, 48.65, 1, 6404
29562, 21170, 71.61, 72, 48.65, 1, 6404
29563, 21170, 71.61, 72, 48.65, 1, 6405
29564, 21171, 71.61, 72, 48.65, 1, 6405
29565, 21172, 71.61, 72, 48.65, 1, 6405
29566, 21173, 71.61, 72, 48.65, 1, 6405
29567, 21174, 71.61, 72, 48.65, 1, 6405
29568, 21175, 71.61, 72, 48.65, 1, 6405
29569, 21175, 71.61, 72, 48.65, 1, 6406
29570, 21175, 71.61, 72, 48.65, 1, 6407
29571, 21176, 71.61, 72, 48.65, 1, 6407
29572, 21176, 71.61, 72, 48.65, 1, 6407
29573, 21177, 71.61, 72, 48.65, 1, 6407
29574, 21178, 71.61, 72, 48.65, 1, 6407
29575, 21178, 71.61, 72, 48.65, 1, 6408
29576, 21179, 71.61, 72, 48.65, 1, 6408
29577, 21180, 71.61, 72, 48.65, 1, 6408
29578, 21181, 71.61, 72, 48.65, 1, 6408
29579, 21181, 71.61, 72, 48.65, 1, 6409
29580, 21182, 71.61, 72, 48.65, 1, 6409
29581, 21183, 71.61, 72, 48.65, 1, 6409
29582, 21184, 71.61, 72, 48.65, 1, 6409
29583, 21185, 71.61, 72, 48.65, 1, 6409
29584, 21186, 71.61, 72, 48.65, 1, 6409
29585, 21187, 71.61, 72, 48.65, 1, 6409
29586, 21187, 71.61, 72, 48.65, 1, 6410
29587, 21188, 71.61, 72, 48.65, 1, 6410
29588, 21188, 71.61, 72, 48.65, 1, 6411
29589, 21189, 71.61, 72, 48.65, 1, 6411
29590, 21190, 71.61, 72, 48.65, 1, 6411
29591, 21191, 71.61, 72, 48.65, 1, 6411
29592, 21192, 71.61, 72, 48.65, 1, 6411
29593, 21193, 71.61, 72, 48.65, 1, 6411
29594, 21194, 71.62, 72, 48.65, 1, 6411
29595, 21194, 71.61, 72, 48.65, 1, 6411
29596, 21195, 71.61, 72, 48.65, 1, 6411
29597, 21196, 71.62, 72, 48.65, 1, 6411
29598, 21197, 71.62, 72, 48.65, 1, 6411
29599, 21198, 71.62, 72, 48.65, 1, 6411
29600, 21199, 71.62, 72, 48.65, 1, 6411
29601, 21200, 71.62, 72, 48.65, 1, 6411
29602, 21201, 71.62, 72, 48.65, 1, 6411
29603, 21202, 71.62, 72, 48.65, 1, 6411
29604, 21203, 71.62, 72, 48.65, 1, 6411
29605, 21204, 71.62, 72, 48.65, 1, 6411
29606, 21204, 71.62, 72, 48.65, 1, 6411
29607, 21205, 71.62, 72, 48.65, 1, 6411
29608, 21205, 71.62, 72, 48.65, 1, 6411
29609, 21206, 71.62, 72, 48.65, 1, 6411
29610, 21206, 71.62, 72, 48.65, 1, 6411
29611, 21206, 71.62, 72, 48.65, 1, 6411
29612, 21206, 71.61, 72, 48.65, 1, 6412
29613, 21206, 71.61, 72, 48.65, 1, 6413
29614, 21207, 71.61, 72, 48.65, 1, 6413
29615, 21208, 71.61, 72, 48.65, 1, 6413
29616, 21208, 71.61, 72, 48.65, 1, 6414
29617, 21209, 71.61, 72, 48.65, 1, 6414
29618, 21209, 71.61, 72, 48.65, 1, 6415
29619, 21210, 71.61, 72, 48.65, 1, 6415
29620, 21211, 71.61, 72, 48.65, 1, 6415
29621, 21212, 71.61, 72, 48.65, 1, 6415
29622, 21213, 71.61, 72, 48.65, 1, 6415
29623, 21214, 71.61, 72, 48.65, 1, 6415
29624, 21214, 71.61, 72, 48.65, 1, 6416
29625, 21214, 71.61, 72, 48.65, 1, 6417
29626, 21215, 71.61, 72, 48.65, 1, 6417
29627, 21215, 71.61, 72, 48.65, 1, 6418
29628, 21216, 71.61, 72, 48.65, 1, 6418
29629, 21216, 71.61, 72, 48.65, 1, 6418
29630, 21217, 71.61, 72, 48.65, 1, 6418
29631, 21218, 71.61, 72, 48.65, 1, 6418
29632, 21219, 71.61, 72, 48.65, 1, 6418
29633, 21220, 71.61, 72, 48.65, 1, 6418
29634, 21220, 71.61, 72, 48.65, 1, 6419
29635, 21221, 71.61, 72, 48.65, 1, 6419
29636, 21221, 71.61, 72, 48.65, 1, 6420
29637, 21222, 71.61, 72, 48.65, 1, 6420
29638, 21223, 71.61, 72, 48.65, 1, 6420
29639, 21224, 71.61, 72, 48.65, 1, 6420
29640, 21225, 71.61, 72, 48.65, 1, 6420
29641, 21226, 71.61, 72, 48.65, 1, 6420
29642, 21227, 71.61, 72, 48.65, 1, 6420
29643, 21228, 71.61, 72, 48.65, 1, 6420
29644, 21229, 71.61, 72, 48.65, 1, 6420
29645, 21230, 71.61, 72, 48.65, 1, 6420
29646, 21230, 71.61, 72, 48.65, 1, 6421
29647, 21231, 71.61, 72, 48.65, 1, 6421
29648, 21231, 71.61, 72, 48.65, 1, 6422
29649, 21232, 71.61, 72, 48.65, 1, 6422
29650, 21233, 71.61, 72, 48.65, 1, 6422
29651, 21233, 71.61, 72, 48.65, 1, 6423
29652, 21234, 71.61, 72, 48.65, 1, 6423
29653, 21235, 71.61, 72, 48.65, 1, 6423
29654, 21236, 71.61, 72, 48.65, 1, 6423
29655, 21237, 71.61, 72, 48.65, 1, 6423
29656, 21238, 71.61, 72, 48.65, 1, 6423
29657, 21238, 71.61, 72, 48.65, 1, 6424
29658, 21239, 71.61, 72, 48.65, 1, 6424
29659, 21240, 71.61, 72, 48.65, 1, 6424
29660, 21241, 71.61, 72, 48.65, 1, 6424
29661, 21241, 71.61, 72, 48.65, 1, 6425
29662, 21242, 71.61, 72, 48.65, 1, 6425
29663, 21243, 71.61, 72, 48.65, 1, 6425
29664, 21244, 71.62, 72, 48.65, 1, 6425
29665, 21245, 71.62, 72, 48.65, 1, 6425
29666, 21246, 71.62, 72, 48.65, 1, 6425
29667, 21246, 71.61, 72, 48.65, 1, 6426
29668, 21247, 71.62, 72, 48.65, 1, 6426
29669, 21247, 71.61, 72, 48.65, 1, 6427
29670, 21248, 71.61, 72, 48.65, 1, 6427
29671, 21249, 71.62, 72, 48.65, 1, 6427
29672, 21250, 71.62, 72, 48.65, 1, 6427
29673, 21251, 71.62, 72, 48.65, 1, 6427
29674, 21251, 71.61, 72, 48.65, 1, 6428
29675, 21252, 71.62, 72, 48.65, 1, 6428
29676, 21253, 71.62, 72, 48.65, 1, 6428
29677, 21254, 71.62, 72, 48.65, 1, 6428
29678, 21254, 71.62, 72, 48.65, 1, 6429
29679, 21254, 71.61, 72, 48.65, 1, 6430
29680, 21255, 71.61, 72, 48.65, 1, 6430
29681, 21256, 71.61, 72, 48.65, 1, 6430
29682, 21256, 71.61, 72, 48.65, 1, 6431
29683, 21256, 71.61, 72, 48.65, 1, 6431
29684, 21257, 71.61, 72, 48.65, 1, 6431
29685, 21257, 71.61, 72, 48.65, 1, 6431
29686, 21258, 71.61, 72, 48.65, 1, 6431
29687, 21258, 71.61, 72, 48.65, 1, 6431
29688, 21259, 71.61, 72, 48.65, 1, 6431
29689, 21260, 71.61, 72, 48.65, 1, 6431
29690, 21260, 71.61, 72, 48.65, 1, 6431
29691, 21261, 71.61, 72, 48.65, 1, 6431
29692, 21261, 71.61, 72, 48.65, 1, 6432
29693, 21262, 71.61, 72, 48.65, 1, 6432
29694, 21263, 71.61, 72, 48.65, 1, 6432
29695, 21264, 71.61, 72, 48.65, 1, 6432
29696, 21265, 71.61, 72, 48.65, 1, 6432
29697, 21266, 71.61, 72, 48.65, 1, 6432
29698, 21267, 71.61, 72, 48.65, 1, 6432
29699, 21268, 71.61, 72, 48.65, 1, 6432
29700, 21268, 71.61, 72, 48.65, 1, 6433
29701, 21269, 71.61, 72, 48.65, 1, 6433
29702, 21269, 71.61, 72, 48.65, 1, 6433
29703, 21269, 71.61, 72, 48.65, 1, 6434
29704, 21270, 71.61, 72, 48.65, 1, 6434
29705, 21271, 71.61, 72, 48.65, 1, 6434
29706, 21272, 71.61, 72, 48.65, 1, 6434
29707, 21273, 71.61, 72, 48.65, 1, 6434
29708, 21273, 71.61, 72, 48.65, 1, 6435
29709, 21273, 71.60, 72, 48.65, 1, 6435
29710, 21274, 71.61, 72, 48.65, 1, 6435
29711, 21275, 71.61, 72, 48.65, 1, 6435
29712, 21275, 71.60, 72, 48.65, 1, 6436
29713, 21275, 71.60, 72, 48.65, 1, 6437
29714, 21275, 71.60, 72, 48.65, 1, 6438
29715, 21276, 71.60, 72, 48.65, 1, 6438
29716, 21277, 71.60, 72, 48.65, 1, 6438
29717, 21277, 71.60, 72, 48.65, 1, 6439
29718, 21277, 71.60, 72, 48.65, 1, 6440
29719, 21278, 71.60, 72, 48.65, 1, 6440
29720, 21278, 71.59, 72, 48.65, 1, 6441
29721, 21278, 71.59, 72, 48.65, 1, 6441
29722, 21279, 71.59, 72, 48.65, 1, 6441
29723, 21280, 71.59, 72, 48.65, 1, 6441
29724, 21281, 71.60, 72, 48.65, 1, 6441
29725, 21281, 71.59, 72, 48.65, 1, 6442
29726, 21282, 71.59, 72, 48.65, 1, 6442
29727, 21283, 71.59, 72, 48.65, 1, 6442
29728, 21283, 71.59, 72, 48.65, 1, 6443
29729, 21283, 71.59, 72, 48.65, 1, 6443
29730, 21284, 71.59, 72, 48.65, 1, 6443
29731, 21285, 71.59, 72, 48.65, 1, 6443
29732, 21286, 71.59, 72, 48.65, 1, 6443
29733, 21286, 71.59, 72, 48.65, 1, 6444
29734, 21287, 71.59, 72, 48.65, 1, 6444
29735, 21288, 71.59, 72, 48.65, 1, 6444
29736, 21289, 71.59, 72, 48.65, 1, 6444
29737, 21289, 71.59, 72, 48.65, 1, 6445
29738, 21290, 71.59, 72, 48.65, 1, 6445
29739, 21291, 71.59, 72, 48.65, 1, 6445
29740, 21292, 71.59, 72, 48.65, 1, 6445
29741, 21293, 71.59, 72, 48.65, 1, 6445
29742, 21294, 71.60, 72, 48.65, 1, 6445
29743, 21294, 71.59, 72, 48.65, 1, 6446
29744, 21295, 71.59, 72, 48.65, 1, 6446
29745, 21296, 71.60, 72, 48.65, 1, 6446
29746, 21296, 71.59, 72, 48.65, 1, 6447
29747, 21297, 71.59, 72, 48.65, 1, 6447
29748, 21298, 71.59, 72, 48.65, 1, 6447
29749, 21299, 71.60, 72, 48.65, 1, 6447
29750, 21299, 71.59, 72, 48.65, 1, 6448
29751, 21300, 71.59, 72, 48.65, 1, 6448
29752, 21301, 71.60, 72, 48.65, 1, 6448
29753, 21302, 71.60, 72, 48.65, 1, 6448
29754, 21303, 71.60, 72, 48.65, 1, 6448
29755, 21303, 71.59, 72, 48.65, 1, 6448
29756, 21304, 71.60, 72, 48.65, 1, 6448
29757, 21304, 71.59, 72, 48.65, 1, 6448
29758, 21305, 71.59, 72, 48.65, 1, 6448
29759, 21306, 71.60, 72, 48.65, 1, 6448
29760, 21306, 71.59, 72, 48.65, 1, 6449
29761, 21306, 71.59, 72, 48.65, 1, 6450
29762, 21306, 71.59, 72, 48.65, 1, 6451
29763, 21307, 71.59, 72, 48.65, 1, 6451
29764, 21308, 71.59, 72, 48.65, 1, 6451
29765, 21309, 71.59, 72, 48.65, 1, 6451
29766, 21310, 71.59, 72, 48.65, 1, 6451
29767, 21311, 71.59, 72, 48.65, 1, 6451
29768, 21312, 71.59, 72, 48.65, 1, 6451
29769, 21313, 71.59, 72, 48.65, 1, 6451
29770, 21313, 71.59, 72, 48.65, 1, 6452
29771, 21314, 71.59, 72, 48.65, 1, 6452
29772, 21315, 71.59, 72, 48.65, 1, 6452
29773, 21315, 71.59, 72, 48.65, 1, 6453
29774, 21316, 71.59, 72, 48.65, 1, 6453
29775, 21316, 71.59, 72, 48.65, 1, 6454
29776, 21317, 71.59, 72, 48.65, 1, 6454
29777, 21318, 71.59, 72, 48.65, 1, 6454
29778, 21319, 71.59, 72, 48.65, 1, 6454
29779, 21319, 71.59, 72, 48.65, 1, 6455
29780, 21319, 71.59, 72, 48.65, 1, 6456
29781, 21320, 71.59, 72, 48.65, 1, 6456
29782, 21320, 71.59, 72, 48.65, 1, 6457
29783, 21320, 71.58, 72, 48.65, 1, 6458
29784, 21320, 71.58, 72, 48.65, 1, 6459
29785, 21320, 71.58, 72, 48.65, 1, 6460
29786, 21320, 71.58, 72, 48.65, 1, 6461
29787, 21321, 71.58, 72, 48.65, 1, 6461
29788, 21321, 71.58, 72, 48.65, 1, 6462
29789, 21321, 71.57, 72, 48.65, 1, 6462
29790, 21321, 71.57, 72, 48.65, 1, 6463
29791, 21321, 71.57, 72, 48.65, 1, 6464
29792, 21322, 71.57, 72, 48.65, 1, 6464
29793, 21323, 71.57, 72, 48.65, 1, 6464
29794, 21324, 71.57, 72, 48.65, 1, 6464
29795, 21324, 71.57, 72, 48.65, 1, 6464
29796, 21324, 71.57, 72, 48.65, 1, 6464
29797, 21324, 71.56, 72, 48.65, 1, 6465
29798, 21325, 71.57, 72, 48.65, 1, 6465
29799, 21326, 71.57, 72, 48.65, 1, 6465
29800, 21326, 71.56, 72, 48.65, 1, 6466
29801, 21327, 71.56, 72, 48.65, 1, 6466
29802, 21327, 71.56, 72, 48.65, 1, 6466
29803, 21327, 71.56, 72, 48.65, 1, 6466
29804, 21328, 71.56, 72, 48.65, 1, 6466
29805, 21329, 71.56, 72, 48.65, 1, 6466
29806, 21330, 71.56, 72, 48.65, 1, 6466
29807, 21331, 71.56, 72, 48.65, 1, 6466
29808, 21331, 71.56, 72, 48.65, 1, 6466
29809, 21331, 71.56, 72, 48.65, 1, 6466
29810, 21332, 71.56, 72, 48.65, 1, 6466
29811, 21333, 71.56, 72, 48.65, 1, 6466
29812, 21334, 71.56, 72, 48.65, 1, 6466
29813, 21334, 71.56, 72, 48.65, 1, 6467
29814, 21335, 71.56, 72, 48.65, 1, 6467
29815, 21336, 71.56, 72, 48.65, 1, 6467
29816, 21337, 71.56, 72, 48.65, 1, 6467
29817, 21337, 71.56, 72, 48.65, 1, 6468
29818, 21337, 71.56, 72, 48.65, 1, 6468
29819, 21338, 71.56, 72, 48.65, 1, 6468
29820, 21339, 71.56, 72, 48.65, 1, 6468
29821, 21340, 71.56, 72, 48.65, 1, 6468
29822, 21341, 71.56, 72, 48.65, 1, 6468
29823, 21341, 71.56, 72, 48.65, 1, 6468
29824, 21341, 71.56, 72, 48.65, 1, 6469
29825, 21342, 71.56, 72, 48.65, 1, 6469
29826, 21343, 71.56, 72, 48.65, 1, 6469
29827, 21344, 71.56, 72, 48.65, 1, 6469
29828, 21345, 71.56, 72, 48.65, 1, 6469
29829, 21345, 71.56, 72, 48.65, 1, 6470
29830, 21346, 71.56, 72, 48.65, 1, 6470
29831, 21347, 71.56, 72, 48.65, 1, 6470
29832, 21348, 71.56, 72, 48.65, 1, 6470
29833, 21348, 71.56, 72, 48.65, 1, 6471
29834, 21349, 71.56, 72, 48.65, 1, 6471
29835, 21350, 71.56, 72, 48.65, 1, 6471
29836, 21351, 71.56, 72, 48.65, 1, 6471
29837, 21351, 71.56, 72, 48.65, 1, 6472
29838, 21352, 71.56, 72, 48.65, 1, 6472
29839, 21353, 71.56, 72, 48.65, 1, 6472
29840, 21353, 71.56, 72, 48.65, 1, 6473
29841, 21354, 71.56, 72, 48.65, 1, 6473
29842, 21355, 71.56, 72, 48.65, 1, 6473
29843, 21356, 71.56, 72, 48.65, 1, 6473
29844, 21357, 71.56, 72, 48.65, 1, 6473
29845, 21357, 71.56, 72, 48.65, 1, 6474
29846, 21357, 71.56, 72, 48.65, 1, 6475
29847, 21358, 71.56, 72, 48.65, 1, 6475
29848, 21359, 71.56, 72, 48.65, 1, 6475
29849, 21360, 71.56, 72, 48.65, 1, 6475
29850, 21361, 71.56, 72, 48.65, 1, 6475
29851, 21361, 71.56, 72, 48.65, 1, 6476
29852, 21361, 71.56, 72, 48.65, 1, 6477
29853, 21362, 71.56, 72, 48.65, 1, 6477
29854, 21362, 71.55, 72, 48.65, 1, 6477
29855, 21363, 71.56, 72, 48.65, 1, 6477
29856, 21364, 71.56, 72, 48.65, 1, 6477
29857, 21364, 71.55, 72, 48.65, 1, 6477
29858, 21364, 71.55, 72, 48.65, 1, 6477
29859, 21364, 71.55, 72, 48.65, 1, 6477
29860, 21364, 71.55, 72, 48.65, 1, 6478
29861, 21364, 71.54, 72, 48.65, 1, 6479
29862, 21365, 71.55, 72, 48.65, 1, 6479
29863, 21365, 71.54, 72, 48.65, 1, 6479
29864, 21366, 71.54, 72, 48.65, 1, 6479
29865, 21367, 71.55, 72, 48.65, 1, 6479
29866, 21368, 71.55, 72, 48.65, 1, 6479
29867, 21369, 71.55, 72, 48.65, 1, 6479
29868, 21369, 71.54, 72, 48.65, 1, 6480
29869, 21370, 71.55, 72, 48.65, 1, 6480
29870, 21370, 71.54, 72, 48.65, 1, 6481
29871, 21371, 71.54, 72, 48.65, 1, 6481
29872, 21371, 71.54, 72, 48.65, 1, 6482
29873, 21372, 71.54, 72, 48.65, 1, 6482
29874, 21372, 71.54, 72, 48.65, 1, 6483
29875, 21373, 71.54, 72, 48.65, 1, 6483
29876, 21373, 71.54, 72, 48.65, 1, 6484
29877, 21374, 71.54, 72, 48.65, 1, 6484
29878, 21375, 71.54, 72, 48.65, 1, 6484
29879, 21375, 71.54, 72, 48.65, 1, 6485
29880, 21376, 71.54, 72, 48.65, 1, 6485
29881, 21376, 71.54, 72, 48.65, 1, 6485
29882, 21376, 71.53, 72, 48.65, 1, 6485
29883, 21376, 71.53, 72, 48.65, 1, 6485
29884, 21377, 71.53, 72, 48.65, 1, 6485
29885, 21378, 71.53, 72, 48.65, 1, 6485
29886, 21378, 71.53, 72, 48.65, 1, 6486
29887, 21379, 71.53, 72, 48.65, 1, 6486
29888, 21380, 71.53, 72, 48.65, 1, 6486
29889, 21381, 71.53, 72, 48.65, 1, 6486
29890, 21382, 71.54, 72, 48.65, 1, 6486
29891, 21382, 71.53, 72, 48.65, 1, 6487
29892, 21383, 71.53, 72, 48.65, 1, 6487
29893, 21384, 71.54, 72, 48.65, 1, 6487
29894, 21385, 71.54, 72, 48.65, 1, 6487
29895, 21386, 71.54, 72, 48.65, 1, 6487
29896, 21387, 71.54, 72, 48.65, 1, 6487
29897, 21387, 71.54, 72, 48.65, 1, 6488
29898, 21387, 71.53, 72, 48.65, 1, 6488
29899, 21387, 71.53, 72, 48.65, 1, 6489
29900, 21388, 71.53, 72, 48.65, 1, 6489
29901, 21389, 71.53, 72, 48.65, 1, 6489
29902, 21390, 71.53, 72, 48.65, 1, 6489
29903, 21390, 71.53, 72, 48.65, 1, 6489
29904, 21390, 71.53, 72, 48.65, 1, 6490
29905, 21391, 71.53, 72, 48.65, 1, 6490
29906, 21392, 71.53, 72, 48.65, 1, 6490
29907, 21392, 71.53, 72, 48.65, 1, 6491
29908, 21392, 71.53, 72, 48.65, 1, 6492
29909, 21393, 71.53, 72, 48.65, 1, 6492
29910, 21393, 71.52, 72, 48.65, 1, 6493
29911, 21394, 71.53, 72, 48.65, 1, 6493
29912, 21395, 71.53, 72, 48.65, 1, 6493
29913, 21395, 71.52, 72, 48.65, 1, 6494
29914, 21395, 71.52, 72, 48.65, 1, 6495
29915, 21395, 71.52, 72, 48.65, 1, 6496
29916, 21395, 71.52, 72, 48.65, 1, 6497
29917, 21396, 71.52, 72, 48.65, 1, 6497
29918, 21396, 71.52, 72, 48.65, 1, 6498
29919, 21397, 71.52, 72, 48.65, 1, 6498
29920, 21398, 71.52, 72, 48.65, 1, 6498
29921, 21399, 71.52, 72, 48.65, 1, 6498
29922, 21400, 71.52, 72, 48.65, 1, 6498
29923, 21401, 71.52, 72, 48.65, 1, 6498
29924, 21402, 71.52, 72, 48.65, 1, 6498
29925, 21403, 71.52, 72, 48.65, 1, 6498
29926, 21404, 71.52, 72, 48.65, 1, 6498
29927, 21404, 71.52, 72, 48.65, 1, 6499
29928, 21404, 71.52, 72, 48.65, 1, 6500
29929, 21404, 71.52, 72, 48.65, 1, 6500
29930, 21405, 71.52, 72, 48.65, 1, 6500
29931, 21405, 71.51, 72, 48.65, 1, 6501
29932, 21406, 71.52, 72, 48.65, 1, 6501
29933, 21407, 71.52, 72, 48.65, 1, 6501
29934, 21408, 71.52, 72, 48.65, 1, 6501
29935, 21409, 71.52, 72, 48.65, 1, 6501
29936, 21410, 71.52, 72, 48.65, 1, 6501
29937, 21411, 71.52, 72, 48.65, 1, 6501
29938, 21412, 71.52, 72, 48.65, 1, 6501
29939, 21413, 71.52, 72, 48.65, 1, 6501
29940, 21414, 71.52, 72, 48.65, 1, 6501
29941, 21414, 71.52, 72, 48.65, 1, 6502
29942, 21415, 71.52, 72, 48.65, 1, 6502
29943, 21416, 71.52, 72, 48.65, 1, 6502
29944, 21416, 71.52, 72, 48.65, 1, 6503
29945, 21417, 71.52, 72, 48.65, 1, 6503
29946, 21418, 71.52, 72, 48.65, 1, 6503
29947, 21419, 71.52, 72, 48.65, 1, 6503
29948, 21420, 71.52, 72, 48.65, 1, 6503
29949, 21420, 71.52, 72, 48.65, 1, 6504
29950, 21421, 71.52, 72, 48.65, 1, 6504
29951, 21422, 71.52, 72, 48.65, 1, 6504
29952, 21422, 71.52, 72, 48.65, 1, 6504
29953, 21423, 71.52, 72, 48.65, 1, 6504
29954, 21423, 71.52, 72, 48.65, 1, 6504
29955, 21423, 71.52, 72, 48.65, 1, 6504
29956, 21424, 71.52, 72, 48.65, 1, 6504
29957, 21425, 71.52, 72, 48.65, 1, 6504
29958, 21425, 71.52, 72, 48.65, 1, 6505
29959, 21426, 71.52, 72, 48.65, 1, 6505
29960, 21427, 71.52, 72, 48.65, 1, 6505
29961, 21428, 71.52, 72, 48.65, 1, 6505
29962, 21428, 71.52, 72, 48.65, 1, 6506
29963, 21429, 71.52, 72, 48.65, 1, 6506
29964, 21430, 71.52, 72, 48.65, 1, 6506
29965, 21431, 71.52, 72, 48.65, 1, 6506
29966, 21432, 71.52, 72, 48.65, 1, 6506
29967, 21432, 71.52, 72, 48.65, 1, 6506
29968, 21433, 71.52, 72, 48.65, 1, 6506
29969, 21434, 71.52, 72, 48.65, 1, 6506
29970, 21435, 71.52, 72, 48.65, 1, 6506
29971, 21435, 71.52, 72, 48.65, 1, 6506
29972, 21436, 71.52, 72, 48.65, 1, 6506
29973, 21436, 71.52, 72, 48.65, 1, 6507
29974, 21437, 71.52, 72, 48.65, 1, 6507
29975, 21438, 71.52, 72, 48.65, 1, 6507
29976, 21439, 71.52, 72, 48.65, 1, 6507
29977, 21439, 71.52, 72, 48.65, 1, 6508
29978, 21440, 71.52, 72, 48.65, 1, 6508
29979, 21441, 71.52, 72, 48.65, 1, 6508
29980, 21442, 71.52, 72, 48.65, 1, 6508
29981, 21443, 71.52, 72, 48.65, 1, 6508
29982, 21443, 71.52, 72, 48.65, 1, 6508
29983, 21444, 71.52, 72, 48.65, 1, 6508
29984, 21444, 71.52, 72, 48.65, 1, 6508
29985, 21445, 71.52, 72, 48.65, 1, 6508
29986, 21446, 71.52, 72, 48.65, 1, 6508
29987, 21447, 71.52, 72, 48.65, 1, 6508
29988, 21447, 71.52, 72, 48.65, 1, 6509
29989, 21448, 71.52, 72, 48.65, 1, 6509
29990, 21449, 71.52, 72, 48.65, 1, 6509
29991, 21449, 71.52, 72, 48.65, 1, 6510
29992, 21450, 71.52, 72, 48.65, 1, 6510
29993, 21451, 71.52, 72, 48.65, 1, 6510
29994, 21452, 71.52, 72, 48.65, 1, 6510
29995, 21453, 71.52, 72, 48.65, 1, 6510
29996, 21454, 71.52, 72, 48.65, 1, 6510
29997, 21454, 71.52, 72, 48.65, 1, 6511
29998, 21455, 71.52, 72, 48.65, 1, 6511
29999, 21456, 71.52, 72, 48.65, 1, 6511
30000, 21456, 71.52, 72, 48.65, 1, 6512
30001, 21457, 71.52, 72, 48.65, 1, 6512
30002, 21458, 71.52, 72, 48.65, 1, 6512
30003, 21458, 71.52, 72, 48.65, 1, 6513
30004, 21459, 71.52, 72, 48.65, 1, 6513
30005, 21459, 71.52, 72, 48.65, 1, 6514
30006, 21460, 71.52, 72, 48.65, 1, 6514
30007, 21461, 71.52, 72, 48.65, 1, 6514
30008, 21462, 71.52, 72, 48.65, 1, 6514
30009, 21463, 71.52, 72, 48.65, 1, 6514
30010, 21464, 71.52, 72, 48.65, 1, 6514
30011, 21465, 71.52, 72, 48.65, 1, 6514
30012, 21465, 71.52, 72, 48.65, 1, 6515
30013, 21466, 71.52, 72, 48.65, 1, 6515
30014, 21467, 71.52, 72, 48.65, 1, 6515
30015, 21468, 71.52, 72, 48.65, 1, 6515
30016, 21468, 71.52, 72, 48.65, 1, 6516
30017, 21469, 71.52, 72, 48.65, 1, 6516
30018, 21470, 71.52, 72, 48.65, 1, 6516
30019, 21471, 71.52, 72, 48.65, 1, 6516
30020, 21472, 71.53, 72, 48.65, 1, 6516
30021, 21472, 71.52, 72, 48.65, 1, 6517
30022, 21473, 71.52, 72, 48.65, 1, 6517
30023, 21473, 71.52, 72, 48.65, 1, 6518
30024, 21473, 71.52, 72, 48.65, 1, 6518
30025, 21474, 71.52, 72, 48.65, 1, 6518
30026, 21475, 71.52, 72, 48.65, 1, 6518
30027, 21476, 71.52, 72, 48.65, 1, 6518
30028, 21477, 71.52, 72, 48.65, 1, 6518
30029, 21478, 71.52, 72, 48.65, 1, 6518
30030, 21479, 71.53, 72, 48.65, 1, 6518
30031, 21480, 71.53, 72, 48.65, 1, 6518
30032, 21481, 71.53, 72, 48.65, 1, 6518
30033, 21481, 71.52, 72, 48.65, 1, 6518
30034, 21482, 71.53, 72, 48.65, 1, 6518
30035, 21483, 71.53, 72, 48.65, 1, 6518
30036, 21483, 71.52, 72, 48.65, 1, 6518
30037, 21484, 71.53, 72, 48.65, 1, 6518
30038, 21485, 71.53, 72, 48.65, 1, 6518
30039, 21486, 71.53, 72, 48.65, 1, 6518
30040, 21487, 71.53, 72, 48.65, 1, 6518
30041, 21488, 71.53, 72, 48.65, 1, 6518
30042, 21489, 71.53, 72, 48.65, 1, 6518
30043, 21490, 71.53, 72, 48.65, 1, 6518
30044, 21491, 71.53, 72, 48.65, 1, 6518
30045, 21491, 71.53, 72, 48.65, 1, 6519
30046, 21492, 71.53, 72, 48.65, 1, 6519
30047, 21492, 71.53, 72, 48.65, 1, 6520
30048, 21492, 71.53, 72, 48.65, 1, 6521
30049, 21493, 71.53, 72, 48.65, 1, 6521
30050, 21493, 71.52, 72, 48.65, 1, 6522
30051, 21493, 71.52, 72, 48.65, 1, 6523
30052, 21494, 71.52, 72, 48.65, 1, 6523
30053, 21494, 71.52, 72, 48.65, 1, 6524
30054, 21495, 71.52, 72, 48.65, 1, 6524
30055, 21496, 71.52, 72, 48.65, 1, 6524
30056, 21497, 71.52, 72, 48.65, 1, 6524
30057, 21498, 71.52, 72, 48.65, 1, 6524
30058, 21499, 71.53, 72, 48.65, 1, 6524
30059, 21499, 71.52, 72, 48.65, 1, 6525
30060, 21499, 71.52, 72, 48.65, 1, 6525
30061, 21500, 71.52, 72, 48.65, 1, 6525
30062, 21501, 71.52, 72, 48.65, 1, 6525
30063, 21501, 71.52, 72, 48.65, 1, 6526
30064, 21502, 71.52, 72, 48.65, 1, 6526
30065, 21502, 71.52, 72, 48.65, 1, 6527
30066, 21503, 71.52, 72, 48.65, 1, 6527
30067, 21503, 71.52, 72, 48.65, 1, 6527
30068, 21504, 71.52, 72, 48.65, 1, 6527
30069, 21505, 71.52, 72, 48.65, 1, 6527
30070, 21506, 71.52, 72, 48.65, 1, 6527
30071, 21507, 71.52, 72, 48.65, 1, 6527
30072, 21508, 71.52, 72, 48.65, 1, 6527
30073, 21508, 71.52, 72, 48.65, 1, 6527
30074, 21508, 71.52, 72, 48.65, 1, 6527
30075, 21508, 71.51, 72, 48.65, 1, 6528
30076, 21509, 71.52, 72, 48.65, 1, 6528
30077, 21510, 71.52, 72, 48.65, 1, 6528
30078, 21511, 71.52, 72, 48.65, 1, 6528
30079, 21512, 71.52, 72, 48.65, 1, 6528
30080, 21512, 71.52, 72, 48.65, 1, 6529
30081, 21513, 71.52, 72, 48.65, 1, 6529
30082, 21514, 71.52, 72, 48.65, 1, 6529
30083, 21514, 71.52, 72, 48.65, 1, 6530
30084, 21515, 71.52, 72, 48.65, 1, 6530
30085, 21516, 71.52, 72, 48.65, 1, 6530
30086, 21517, 71.52, 72, 48.65, 1, 6530
30087, 21518, 71.52, 72, 48.65, 1, 6530
30088, 21519, 71.52, 72, 48.65, 1, 6530
30089, 21520, 71.52, 72, 48.65, 1, 6530
30090, 21521, 71.52, 72, 48.65, 1, 6530
30091, 21521, 71.52, 72, 48.65, 1, 6531
30092, 21522, 71.52, 72, 48.65, 1, 6531
30093, 21523, 71.52, 72, 48.65, 1, 6531
30094, 21524, 71.52, 72, 48.65, 1, 6531
30095, 21524, 71.52, 72, 48.65, 1, 6531
30096, 21525, 71.52, 72, 48.65, 1, 6531
30097, 21525, 71.52, 72, 48.65, 1, 6532
30098, 21526, 71.52, 72, 48.65, 1, 6532
30099, 21526, 71.52, 72, 48.65, 1, 6533
30100, 21526, 71.51, 72, 48.65, 1, 6534
30101, 21526, 71.51, 72, 48.65, 1, 6535
30102, 21527, 71.51, 72, 48.65, 1, 6535
30103, 21528, 71.51, 72, 48.65, 1, 6535
30104, 21529, 71.52, 72, 48.65, 1, 6535
30105, 21529, 71.51, 72, 48.65, 1, 6536
30106, 21530, 71.51, 72, 48.65, 1, 6536
30107, 21531, 71.51, 72, 48.65, 1, 6536
30108, 21532, 71.52, 72, 48.65, 1, 6536
30109, 21533, 71.52, 72, 48.65, 1, 6536
30110, 21534, 71.52, 72, 48.65, 1, 6536
30111, 21535, 71.52, 72, 48.65, 1, 6536
30112, 21535, 71.52, 72, 48.65, 1, 6537
30113, 21535, 71.51, 72, 48.65, 1, 6538
30114, 21536, 71.51, 72, 48.65, 1, 6538
30115, 21537, 71.52, 72, 48.65, 1, 6538
30116, 21537, 71.51, 72, 48.65, 1, 6539
30117, 21538, 71.51, 72, 48.65, 1, 6539
30118, 21538, 71.51, 72, 48.65, 1, 6540
30119, 21539, 71.51, 72, 48.65, 1, 6540
30120, 21540, 71.51, 72, 48.65, 1, 6540
30121, 21541, 71.51, 72, 48.65, 1, 6540
30122, 21542, 71.52, 72, 48.65, 1, 6540
30123, 21543, 71.52, 72, 48.65, 1, 6540
30124, 21543, 71.51, 72, 48.65, 1, 6540
30125, 21544, 71.52, 72, 48.65, 1, 6540
30126, 21544, 71.51, 72, 48.65, 1, 6540
30127, 21544, 71.51, 72, 48.65, 1, 6540
30128, 21545, 71.51, 72, 48.65, 1, 6540
30129, 21546, 71.51, 72, 48.65, 1, 6540
30130, 21547, 71.51, 72, 48.65, 1, 6540
30131, 21548, 71.51, 72, 48.65, 1, 6540
30132, 21549, 71.52, 72, 48.65, 1, 6540
30133, 21549, 71.51, 72, 48.65, 1, 6540
30134, 21550, 71.51, 72, 48.65, 1, 6540
30135, 21551, 71.51, 72, 48.65, 1, 6540
30136, 21552, 71.52, 72, 48.65, 1, 6540
30137, 21553, 71.52, 72, 48.65, 1, 6540
30138, 21554, 71.52, 72, 48.65, 1, 6540
30139, 21555, 71.52, 72, 48.65, 1, 6540
30140, 21556, 71.52, 72, 48.65, 1, 6540
30141, 21557, 71.52, 72, 48.65, 1, 6540
30142, 21557, 71.52, 72, 48.65, 1, 6540
30143, 21557, 71.52, 72, 48.65, 1, 6540
30144, 21558, 71.52, 72, 48.65, 1, 6540
30145, 21559, 71.52, 72, 48.65, 1, 6540
30146, 21559, 71.52, 72, 48.65, 1, 6540
30147, 21560, 71.52, 72, 48.65, 1, 6540
30148, 21561, 71.52, 72, 48.65, 1, 6540
30149, 21561, 71.51, 72, 48.65, 1, 6540
30150, 21562, 71.52, 72, 48.65, 1, 6540
30151, 21563, 71.52, 72, 48.65, 1, 6540
30152, 21564, 71.52, 72, 48.65, 1, 6540
30153, 21565, 71.52, 72, 48.65, 1, 6540
30154, 21565, 71.52, 72, 48.65, 1, 6540
30155, 21566, 71.52, 72, 48.65, 1, 6540
30156, 21567, 71.52, 72, 48.65, 1, 6540
30157, 21567, 71.52, 72, 48.65, 1, 6541
30158, 21568, 71.52, 72, 48.65, 1, 6541
30159, 21569, 71.52, 72, 48.65, 1, 6541
30160, 21570, 71.52, 72, 48.65, 1, 6541
30161, 21571, 71.52, 72, 48.65, 1, 6541
30162, 21572, 71.52, 72, 48.65, 1, 6541
30163, 21573, 71.52, 72, 48.65, 1, 6541
30164, 21574, 71.52, 72, 48.65, 1, 6541
30165, 21574, 71.52, 72, 48.65, 1, 6542
30166, 21575, 71.52, 72, 48.65, 1, 6542
30167, 21575, 71.52, 72, 48.65, 1, 6543
30168, 21575, 71.52, 72, 48.65, 1, 6544
30169, 21576, 71.52, 72, 48.65, 1, 6544
30170, 21577, 71.52, 72, 48.65, 1, 6544
30171, 21577, 71.52, 72, 48.65, 1, 6545
30172, 21578, 71.52, 72, 48.65, 1, 6545
30173, 21578, 71.51, 72, 48.65, 1, 6546
30174, 21579, 71.52, 72, 48.65, 1, 6546
30175, 21580, 71.52, 72, 48.65, 1, 6546
30176, 21580, 71.51, 72, 48.65, 1, 6546
30177, 21581, 71.51, 72, 48.65, 1, 6546
30178, 21582, 71.52, 72, 48.65, 1, 6546
30179, 21583, 71.52, 72, 48.65, 1, 6546
30180, 21583, 71.51, 72, 48.65, 1, 6547
30181, 21584, 71.52, 72, 48.65, 1, 6547
30182, 21585, 71.52, 72, 48.65, 1, 6547
30183, 21586, 71.52, 72, 48.65, 1, 6547
30184, 21587, 71.52, 72, 48.65, 1, 6547
30185, 21587, 71.52, 72, 48.65, 1, 6548
30186, 21588, 71.52, 72, 48.65, 1, 6548
30187, 21588, 71.51, 72, 48.65, 1, 6549
30188, 21589, 71.52, 72, 48.65, 1, 6549
30189, 21589, 71.51, 72, 48.65, 1, 6550
30190, 21590, 71.51, 72, 48.65, 1, 6550
30191, 21591, 71.51, 72, 48.65, 1, 6550
30192, 21592, 71.52, 72, 48.65, 1, 6550
30193, 21593, 71.52, 72, 48.65, 1, 6550
30194, 21594, 71.52, 72, 48.65, 1, 6550
30195, 21595, 71.52, 72, 48.65, 1, 6550
30196, 21596, 71.52, 72, 48.65, 1, 6550
30197, 21597, 71.52, 72, 48.65, 1, 6550
30198, 21597, 71.52, 72, 48.65, 1, 6551
30199, 21598, 71.52, 72, 48.65, 1, 6551
30200, 21598, 71.52, 72, 48.65, 1, 6552
30201, 21598, 71.51, 72, 48.65, 1, 6553
30202, 21598, 71.51, 72, 48.65, 1, 6554
30203, 21599, 71.51, 72, 48.65, 1, 6554
30204, 21600, 71.51, 72, 48.65, 1, 6554
30205, 21601, 71.51, 72, 48.65, 1, 6554
30206, 21601, 71.51, 72, 48.65, 1, 6555
30207, 21602, 71.51, 72, 48.65, 1, 6555
30208, 21603, 71.51, 72, 48.65, 1, 6555
30209, 21604, 71.52, 72, 48.65, 1, 6555
30210, 21605, 71.52, 72, 48.65, 1, 6555
30211, 21605, 71.51, 72, 48.65, 1, 6556
30212, 21606, 71.51, 72, 48.65, 1, 6556
30213, 21607, 71.52, 72, 48.65, 1, 6556
30214, 21608, 71.52, 72, 48.65, 1, 6556
30215, 21609, 71.52, 72, 48.65, 1, 6556
30216, 21609, 71.52, 72, 48.65, 1, 6557
30217, 21610, 71.52, 72, 48.65, 1, 6557
30218, 21611, 71.52, 72, 48.65, 1, 6557
30219, 21612, 71.52, 72, 48.65, 1, 6557
30220, 21613, 71.52, 72, 48.65, 1, 6557
30221, 21614, 71.52, 72, 48.65, 1, 6557
30222, 21615, 71.52, 72, 48.65, 1, 6557
30223, 21616, 71.52, 72, 48.65, 1, 6557
30224, 21616, 71.52, 72, 48.65, 1, 6557
30225, 21616, 71.52, 72, 48.65, 1, 6558
30226, 21617, 71.52, 72, 48.65, 1, 6558
30227, 21618, 71.52, 72, 48.65, 1, 6558
30228, 21619, 71.52, 72, 48.65, 1, 6558
30229, 21620, 71.52, 72, 48.65, 1, 6558
30230, 21621, 71.52, 72, 48.65, 1, 6558
30231, 21622, 71.52, 72, 48.65, 1, 6558
30232, 21623, 71.52, 72, 48.65, 1, 6558
30233, 21624, 71.52, 72, 48.65, 1, 6558
30234, 21624, 71.52, 72, 48.65, 1, 6559
30235, 21625, 71.52, 72, 48.65, 1, 6559
30236, 21626, 71.52, 72, 48.65, 1, 6559
30237, 21627, 71.52, 72, 48.65, 1, 6559
30238, 21628, 71.53, 72, 48.65, 1, 6559
30239, 21629, 71.53, 72, 48.65, 1, 6559
30240, 21630, 71.53, 72, 48.65, 1, 6559
30241, 21630, 71.53, 72, 48.65, 1, 6560
30242, 21631, 71.53, 72, 48.65, 1, 6560
30243, 21632, 71.53, 72, 48.65, 1, 6560
30244, 21633, 71.53, 72, 48.65, 1, 6560
30245, 21634, 71.53, 72, 48.65, 1, 6560
30246, 21635, 71.53, 72, 48.65, 1, 6560
30247, 21635, 71.53, 72, 48.65, 1, 6561
30248, 21636, 71.53, 72, 48.65, 1, 6561
30249, 21636, 71.53, 72, 48.65, 1, 6562
30250, 21637, 71.53, 72, 48.65, 1, 6562
30251, 21638, 71.53, 72, 48.65, 1, 6562
30252, 21638, 71.53, 72, 48.65, 1, 6562
30253, 21638, 71.52, 72, 48.65, 1, 6562
30254, 21639, 71.52, 72, 48.65, 1, 6562
30255, 21640, 71.53, 72, 48.65, 1, 6562
30256, 21641, 71.53, 72, 48.65, 1, 6562
30257, 21641, 71.52, 72, 48.65, 1, 6563
30258, 21641, 71.52, 72, 48.65, 1, 6564
30259, 21642, 71.52, 72, 48.65, 1, 6564
30260, 21643, 71.52, 72, 48.65, 1, 6564
30261, 21643, 71.52, 72, 48.65, 1, 6565
30262, 21644, 71.52, 72, 48.65, 1, 6565
30263, 21645, 71.52, 72, 48.65, 1, 6565
30264, 21645, 71.52, 72, 48.65, 1, 6565
30265, 21645, 71.52, 72, 48.65, 1, 6566
30266, 21646, 71.52, 72, 48.65, 1, 6566
30267, 21647, 71.52, 72, 48.65, 1, 6566
30268, 21648, 71.52, 72, 48.65, 1, 6566
30269, 21648, 71.52, 72, 48.65, 1, 6567
30270, 21649, 71.52, 72, 48.65, 1, 6567
30271, 21650, 71.52, 72, 48.65, 1, 6567
30272, 21650, 71.52, 72, 48.65, 1, 6568
30273, 21651, 71.52, 72, 48.65, 1, 6568
30274, 21651, 71.52, 72, 48.65, 1, 6569
30275, 21652, 71.52, 72, 48.65, 1, 6569
30276, 21653, 71.52, 72, 48.65, 1, 6569
30277, 21653, 71.52, 72, 48.65, 1, 6569
30278, 21653, 71.51, 72, 48.65, 1, 6570
30279, 21654, 71.51, 72, 48.65, 1, 6570
30280, 21655, 71.52, 72, 48.65, 1, 6570
30281, 21656, 71.52, 72, 48.65, 1, 6570
30282, 21657, 71.52, 72, 48.65, 1, 6570
30283, 21658, 71.52, 72, 48.65, 1, 6570
30284, 21658, 71.52, 72, 48.65, 1, 6571
30285, 21658, 71.51, 72, 48.65, 1, 6572
30286, 21659, 71.51, 72, 48.65, 1, 6572
30287, 21659, 71.51, 72, 48.65, 1, 6573
30288, 21660, 71.51, 72, 48.65, 1, 6573
30289, 21661, 71.51, 72, 48.65, 1, 6573
30290, 21662, 71.52, 72, 48.65, 1, 6573
30291, 21663, 71.52, 72, 48.65, 1, 6573
30292, 21664, 71.52, 72, 48.65, 1, 6573
30293, 21665, 71.52, 72, 48.65, 1, 6573
30294, 21665, 71.52, 72, 48.65, 1, 6574
30295, 21665, 71.51, 72, 48.65, 1, 6575
30296, 21666, 71.51, 72, 48.65, 1, 6575
30297, 21667, 71.52, 72, 48.65, 1, 6575
30298, 21668, 71.52, 72, 48.65, 1, 6575
30299, 21668, 71.51, 72, 48.65, 1, 6576
30300, 21668, 71.51, 72, 48.65, 1, 6576
30301, 21669, 71.51, 72, 48.65, 1, 6576
30302, 21669, 71.51, 72, 48.65, 1, 6576
30303, 21670, 71.51, 72, 48.65, 1, 6576
30304, 21671, 71.51, 72, 48.65, 1, 6576
30305, 21672, 71.51, 72, 48.65, 1, 6576
30306, 21673, 71.51, 72, 48.65, 1, 6576
30307, 21673, 71.51, 72, 48.65, 1, 6576
30308, 21673, 71.51, 72, 48.65, 1, 6577
30309, 21674, 71.51, 72, 48.65, 1, 6577
30310, 21675, 71.51, 72, 48.65, 1, 6577
30311, 21676, 71.51, 72, 48.65, 1, 6577
30312, 21677, 71.51, 72, 48.65, 1, 6577
30313, 21678, 71.51, 72, 48.65, 1, 6577
30314, 21679, 71.51, 72, 48.65, 1, 6577
30315, 21680, 71.52, 72, 48.65, 1, 6577
30316, 21681, 71.52, 72, 48.65, 1, 6577
30317, 21682, 71.52, 72, 48.65, 1, 6577
30318, 21683, 71.52, 72, 48.65, 1, 6577
30319, 21684, 71.52, 72, 48.65, 1, 6577
30320, 21685, 71.52, 72, 48.65, 1, 6577
30321, 21686, 71.52, 72, 48.65, 1, 6577
30322, 21686, 71.52, 72, 48.65, 1, 6578
30323, 21687, 71.52, 72, 48.65, 1, 6578
30324, 21688, 71.52, 72, 48.65, 1, 6578
30325, 21689, 71.52, 72, 48.65, 1, 6578
30326, 21690, 71.52, 72, 48.65, 1, 6578
30327, 21691, 71.52, 72, 48.65, 1, 6578
30328, 21691, 71.52, 72, 48.65, 1, 6578
30329, 21692, 71.52, 72, 48.65, 1, 6578
30330, 21692, 71.52, 72, 48.65, 1, 6579
30331, 21693, 71.52, 72, 48.65, 1, 6579
30332, 21694, 71.52, 72, 48.65, 1, 6579
30333, 21694, 71.52, 72, 48.65, 1, 6580
30334, 21695, 71.52, 72, 48.65, 1, 6580
30335, 21696, 71.52, 72, 48.65, 1, 6580
30336, 21696, 71.52, 72, 48.65, 1, 6581
30337, 21696, 71.52, 72, 48.65, 1, 6582
30338, 21697, 71.52, 72, 48.65, 1, 6582
30339, 21697, 71.52, 72, 48.65, 1, 6582
30340, 21698, 71.52, 72, 48.65, 1, 6582
30341, 21699, 71.52, 72, 48.65, 1, 6582
30342, 21699, 71.51, 72, 48.65, 1, 6583
30343, 21700, 71.52, 72, 48.65, 1, 6583
30344, 21701, 71.52, 72, 48.65, 1, 6583
30345, 21702, 71.52, 72, 48.65, 1, 6583
30346, 21702, 71.52, 72, 48.65, 1, 6584
30347, 21702, 71.51, 72, 48.65, 1, 6585
30348, 21702, 71.51, 72, 48.65, 1, 6585
30349, 21703, 71.51, 72, 48.65, 1, 6585
30350, 21704, 71.51, 72, 48.65, 1, 6585
30351, 21705, 71.51, 72, 48.65, 1, 6585
30352, 21705, 71.51, 72, 48.65, 1, 6585
30353, 21706, 71.51, 72, 48.65, 1, 6585
30354, 21706, 71.51, 72, 48.65, 1, 6586
30355, 21707, 71.51, 72, 48.65, 1, 6586
30356, 21708, 71.51, 72, 48.65, 1, 6586
30357, 21708, 71.51, 72, 48.65, 1, 6587
30358, 21709, 71.51, 72, 48.65, 1, 6587
30359, 21709, 71.51, 72, 48.65, 1, 6588
30360, 21709, 71.51, 72, 48.65, 1, 6589
30361, 21710, 71.51, 72, 48.65, 1, 6589
30362, 21710, 71.50, 72, 48.65, 1, 6590
30363, 21711, 71.50, 72, 48.65, 1, 6590
30364, 21712, 71.51, 72, 48.65, 1, 6590
30365, 21713, 71.51, 72, 48.65, 1, 6590
30366, 21714, 71.51, 72, 48.65, 1, 6590
30367, 21715, 71.51, 72, 48.65, 1, 6590
30368, 21716, 71.51, 72, 48.65, 1, 6590
30369, 21716, 71.51, 72, 48.65, 1, 6591
30370, 21717, 71.51, 72, 48.65, 1, 6591
30371, 21718, 71.51, 72, 48.65, 1, 6591
30372, 21718, 71.51, 72, 48.65, 1, 6592
30373, 21719, 71.51, 72, 48.65, 1, 6592
30374, 21719, 71.51, 72, 48.65, 1, 6592
30375, 21720, 71.51, 72, 48.65, 1, 6592
30376, 21720, 71.50, 72, 48.65, 1, 6592
30377, 21720, 71.50, 72, 48.65, 1, 6593
30378, 21721, 71.50, 72, 48.65, 1, 6593
30379, 21722, 71.50, 72, 48.65, 1, 6593
30380, 21723, 71.50, 72, 48.65, 1, 6593
30381, 21724, 71.51, 72, 48.65, 1, 6593
30382, 21725, 71.51, 72, 48.65, 1, 6593
30383, 21725, 71.50, 72, 48.65, 1, 6594
30384, 21726, 71.50, 72, 48.65, 1, 6594
30385, 21727, 71.51, 72, 48.65, 1, 6594
30386, 21728, 71.51, 72, 48.65, 1, 6594
30387, 21729, 71.51, 72, 48.65, 1, 6594
30388, 21730, 71.51, 72, 48.65, 1, 6594
30389, 21731, 71.51, 72, 48.65, 1, 6594
30390, 21732, 71.51, 72, 48.65, 1, 6594
30391, 21732, 71.51, 72, 48.65, 1, 6595
30392, 21733, 71.51, 72, 48.65, 1, 6595
30393, 21734, 71.51, 72, 48.65, 1, 6595
30394, 21735, 71.51, 72, 48.65, 1, 6595
30395, 21736, 71.51, 72, 48.65, 1, 6595
30396, 21736, 71.51, 72, 48.65, 1, 6596
30397, 21736, 71.51, 72, 48.65, 1, 6597
30398, 21737, 71.51, 72, 48.65, 1, 6597
30399, 21737, 71.51, 72, 48.65, 1, 6598
30400, 21737, 71.50, 72, 48.65, 1, 6599
30401, 21738, 71.50, 72, 48.65, 1, 6599
30402, 21738, 71.50, 72, 48.65, 1, 6600
30403, 21738, 71.50, 72, 48.65, 1, 6601
30404, 21739, 71.50, 72, 48.65, 1, 6601
30405, 21740, 71.50, 72, 48.65, 1, 6601
30406, 21741, 71.50, 72, 48.65, 1, 6601
30407, 21742, 71.50, 72, 48.65, 1, 6601
30408, 21742, 71.50, 72, 48.65, 1, 6601
30409, 21743, 71.50, 72, 48.65, 1, 6601
30410, 21743, 71.50, 72, 48.65, 1, 6602
30411, 21744, 71.50, 72, 48.65, 1, 6602
30412, 21745, 71.50, 72, 48.65, 1, 6602
30413, 21746, 71.50, 72, 48.65, 1, 6602
30414, 21747, 71.50, 72, 48.65, 1, 6602
30415, 21747, 71.50, 72, 48.65, 1, 6603
30416, 21748, 71.50, 72, 48.65, 1, 6603
30417, 21749, 71.50, 72, 48.65, 1, 6603
30418, 21749, 71.50, 72, 48.65, 1, 6603
30419, 21750, 71.50, 72, 48.65, 1, 6603
30420, 21751, 71.50, 72, 48.65, 1, 6603
30421, 21752, 71.50, 72, 48.65, 1, 6603
30422, 21753, 71.50, 72, 48.65, 1, 6603
30423, 21754, 71.51, 72, 48.65, 1, 6603
30424, 21755, 71.51, 72, 48.65, 1, 6603
30425, 21755, 71.50, 72, 48.65, 1, 6604
30426, 21756, 71.50, 72, 48.65, 1, 6604
30427, 21757, 71.51, 72, 48.65, 1, 6604
30428, 21757, 71.50, 72, 48.65, 1, 6605
30429, 21758, 71.50, 72, 48.65, 1, 6605
30430, 21759, 71.51, 72, 48.65, 1, 6605
30431, 21760, 71.51, 72, 48.65, 1, 6605
30432, 21760, 71.50, 72, 48.65, 1, 6606
30433, 21761, 71.50, 72, 48.65, 1, 6606
30434, 21762, 71.51, 72, 48.65, 1, 6606
30435, 21763, 71.51, 72, 48.65, 1, 6606
30436, 21764, 71.51, 72, 48.65, 1, 6606
30437, 21765, 71.51, 72, 48.65, 1, 6606
30438, 21765, 71.51, 72, 48.65, 1, 6607
30439, 21766, 71.51, 72, 48.65, 1, 6607
30440, 21766, 71.50, 72, 48.65, 1, 6607
30441, 21767, 71.51, 72, 48.65, 1, 6607
30442, 21768, 71.51, 72, 48.65, 1, 6607
30443, 21769, 71.51, 72, 48.65, 1, 6607
30444, 21769, 71.51, 72, 48.65, 1, 6607
30445, 21769, 71.50, 72, 48.65, 1, 6608
30446, 21770, 71.50, 72, 48.65, 1, 6608
30447, 21770, 71.50, 72, 48.65, 1, 6609
30448, 21771, 71.50, 72, 48.65, 1, 6609
30449, 21772, 71.50, 72, 48.65, 1, 6609
30450, 21773, 71.50, 72, 48.65, 1, 6609
30451, 21774, 71.51, 72, 48.65, 1, 6609
30452, 21774, 71.50, 72, 48.65, 1, 6610
30453, 21774, 71.50, 72, 48.65, 1, 6611
30454, 21774, 71.50, 72, 48.65, 1, 6612
30455, 21775, 71.50, 72, 48.65, 1, 6612
30456, 21776, 71.50, 72, 48.65, 1, 6612
30457, 21776, 71.50, 72, 48.65, 1, 6613
30458, 21777, 71.50, 72, 48.65, 1, 6613
30459, 21778, 71.50, 72, 48.65, 1, 6613
30460, 21778, 71.50, 72, 48.65, 1, 6614
30461, 21779, 71.50, 72, 48.65, 1, 6614
30462, 21780, 71.50, 72, 48.65, 1, 6614
30463, 21780, 71.50, 72, 48.65, 1, 6614
30464, 21780, 71.49, 72, 48.65, 1, 6614
30465, 21781, 71.50, 72, 48.65, 1, 6614
30466, 21781, 71.49, 72, 48.65, 1, 6614
30467, 21782, 71.49, 72, 48.65, 1, 6614
30468, 21782, 71.49, 72, 48.65, 1, 6614
30469, 21782, 71.49, 72, 48.65, 1, 6614
30470, 21783, 71.49, 72, 48.65, 1, 6614
30471, 21784, 71.49, 72, 48.65, 1, 6614
30472, 21785, 71.49, 72, 48.65, 1, 6614
30473, 21786, 71.49, 72, 48.65, 1, 6614
30474, 21787, 71.49, 72, 48.65, 1, 6614
30475, 21787, 71.49, 72, 48.65, 1, 6614
30476, 21788, 71.49, 72, 48.65, 1, 6614
30477, 21789, 71.49, 72, 48.65, 1, 6614
30478, 21790, 71.49, 72, 48.65, 1, 6614
30479, 21791, 71.50, 72, 48.65, 1, 6614
30480, 21791, 71.49, 72, 48.65, 1, 6614
30481, 21792, 71.49, 72, 48.65, 1, 6614
30482, 21793, 71.49, 72, 48.65, 1, 6614
30483, 21794, 71.50, 72, 48.65, 1, 6614
30484, 21795, 71.50, 72, 48.65, 1, 6614
30485, 21795, 71.49, 72, 48.65, 1, 6615
30486, 21795, 71.49, 72, 48.65, 1, 6616
30487, 21795, 71.49, 72, 48.65, 1, 6617
30488, 21796, 71.49, 72, 48.65, 1, 6617
30489, 21797, 71.49, 72, 48.65, 1, 6617
30490, 21797, 71.49, 72, 48.65, 1, 6618
30491, 21797, 71.49, 72, 48.65, 1, 6619
30492, 21798, 71.49, 72, 48.65, 1, 6619
30493, 21799, 71.49, 72, 48.65, 1, 6619
30494, 21800, 71.49, 72, 48.65, 1, 6619
30495, 21800, 71.49, 72, 48.65, 1, 6620
30496, 21800, 71.48, 72, 48.65, 1, 6620
30497, 21801, 71.49, 72, 48.65, 1, 6620
30498, 21802, 71.49, 72, 48.65, 1, 6620
30499, 21803, 71.49, 72, 48.65, 1, 6620
30500, 21804, 71.49, 72, 48.65, 1, 6620
30501, 21805, 71.49, 72, 48.65, 1, 6620
30502, 21806, 71.49, 72, 48.65, 1, 6620
30503, 21807, 71.49, 72, 48.65, 1, 6620
30504, 21808, 71.49, 72, 48.65, 1, 6620
30505, 21809, 71.49, 72, 48.65, 1, 6620
30506, 21810, 71.49, 72, 48.65, 1, 6620
30507, 21811, 71.50, 72, 48.65, 1, 6620
30508, 21812, 71.50, 72, 48.65, 1, 6620
30509, 21813, 71.50, 72, 48.65, 1, 6620
30510, 21814, 71.50, 72, 48.65, 1, 6620
30511, 21815, 71.50, 72, 48.65, 1, 6620
30512, 21816, 71.50, 72, 48.65, 1, 6620
30513, 21816, 71.50, 72, 48.65, 1, 6620
30514, 21817, 71.50, 72, 48.65, 1, 6620
30515, 21818, 71.50, 72, 48.65, 1, 6620
30516, 21818, 71.50, 72, 48.65, 1, 6621
30517, 21818, 71.49, 72, 48.65, 1, 6622
30518, 21818, 71.49, 72, 48.65, 1, 6623
30519, 21819, 71.49, 72, 48.65, 1, 6623
30520, 21820, 71.49, 72, 48.65, 1, 6623
30521, 21820, 71.49, 72, 48.65, 1, 6624
30522, 21821, 71.49, 72, 48.65, 1, 6624
30523, 21822, 71.49, 72, 48.65, 1, 6624
30524, 21822, 71.49, 72, 48.65, 1, 6625
30525, 21823, 71.49, 72, 48.65, 1, 6625
30526, 21823, 71.49, 72, 48.65, 1, 6626
30527, 21823, 71.49, 72, 48.65, 1, 6627
30528, 21824, 71.49, 72, 48.65, 1, 6627
30529, 21824, 71.49, 72, 48.65, 1, 6628
30530, 21825, 71.49, 72, 48.65, 1, 6628
30531, 21825, 71.48, 72, 48.65, 1, 6629
30532, 21826, 71.49, 72, 48.65, 1, 6629
30533, 21826, 71.48, 72, 48.65, 1, 6630
30534, 21826, 71.48, 72, 48.65, 1, 6631
30535, 21827, 71.48, 72, 48.65, 1, 6631
30536, 21828, 71.48, 72, 48.65, 1, 6631
30537, 21828, 71.48, 72, 48.65, 1, 6631
30538, 21829, 71.48, 72, 48.65, 1, 6631
30539, 21829, 71.48, 72, 48.65, 1, 6631
30540, 21830, 71.48, 72, 48.65, 1, 6631
30541, 21831, 71.48, 72, 48.65, 1, 6631
30542, 21831, 71.48, 72, 48.65, 1, 6631
30543, 21831, 71.48, 72, 48.65, 1, 6632
30544, 21832, 71.48, 72, 48.65, 1, 6632
30545, 21833, 71.48, 72, 48.65, 1, 6632
30546, 21834, 71.48, 72, 48.65, 1, 6632
30547, 21835, 71.48, 72, 48.65, 1, 6632
30548, 21836, 71.48, 72, 48.65, 1, 6632
30549, 21837, 71.48, 72, 48.65, 1, 6632
30550, 21838, 71.48, 72, 48.65, 1, 6632
30551, 21839, 71.48, 72, 48.65, 1, 6632
30552, 21840, 71.48, 72, 48.65, 1, 6632
30553, 21841, 71.49, 72, 48.65, 1, 6632
30554, 21842, 71.49, 72, 48.65, 1, 6632
30555, 21843, 71.49, 72, 48.65, 1, 6632
30556, 21843, 71.49, 72, 48.65, 1, 6633
30557, 21843, 71.48, 72, 48.65, 1, 6634
30558, 21844, 71.48, 72, 48.65, 1, 6634
30559, 21844, 71.48, 72, 48.65, 1, 6635
30560, 21845, 71.48, 72, 48.65, 1, 6635
30561, 21846, 71.48, 72, 48.65, 1, 6635
30562, 21847, 71.48, 72, 48.65, 1, 6635
30563, 21848, 71.49, 72, 48.65, 1, 6635
30564, 21848, 71.48, 72, 48.65, 1, 6635
30565, 21849, 71.48, 72, 48.65, 1, 6635
30566, 21849, 71.48, 72, 48.65, 1, 6636
30567, 21850, 71.48, 72, 48.65, 1, 6636
30568, 21850, 71.48, 72, 48.65, 1, 6637
30569, 21851, 71.48, 72, 48.65, 1, 6637
30570, 21851, 71.48, 72, 48.65, 1, 6637
30571, 21852, 71.48, 72, 48.65, 1, 6637
30572, 21853, 71.48, 72, 48.65, 1, 6637
30573, 21854, 71.48, 72, 48.65, 1, 6637
30574, 21855, 71.48, 72, 48.65, 1, 6637
30575, 21856, 71.48, 72, 48.65, 1, 6637
30576, 21857, 71.48, 72, 48.65, 1, 6637
30577, 21858, 71.49, 72, 48.65, 1, 6637
30578, 21859, 71.49, 72, 48.65, 1, 6637
30579, 21860, 71.49, 72, 48.65, 1, 6637
30580, 21861, 71.49, 72, 48.65, 1, 6637
30581, 21862, 71.49, 72, 48.65, 1, 6637
30582, 21863, 71.49, 72, 48.65, 1, 6637
30583, 21864, 71.49, 72, 48.65, 1, 6637
30584, 21864, 71.49, 72, 48.65, 1, 6637
30585, 21865, 71.49, 72, 48.65, 1, 6637
30586, 21865, 71.49, 72, 48.65, 1, 6638
30587, 21866, 71.49, 72, 48.65, 1, 6638
30588, 21867, 71.49, 72, 48.65, 1, 6638
30589, 21868, 71.49, 72, 48.65, 1, 6638
30590, 21869, 71.49, 72, 48.65, 1, 6638
30591, 21869, 71.49, 72, 48.65, 1, 6639
30592, 21870, 71.49, 72, 48.65, 1, 6639
30593, 21871, 71.49, 72, 48.65, 1, 6639
30594, 21872, 71.49, 72, 48.65, 1, 6639
30595, 21872, 71.49, 72, 48.65, 1, 6640
30596, 21873, 71.49, 72, 48.65, 1, 6640
30597, 21874, 71.49, 72, 48.65, 1, 6640
30598, 21874, 71.49, 72, 48.65, 1, 6641
30599, 21874, 71.49, 72, 48.65, 1, 6641
30600, 21874, 71.48, 72, 48.65, 1, 6642
30601, 21875, 71.48, 72, 48.65, 1, 6642
30602, 21875, 71.48, 72, 48.65, 1, 6643
30603, 21876, 71.48, 72, 48.65, 1, 6643
30604, 21877, 71.48, 72, 48.65, 1, 6643
30605, 21877, 71.48, 72, 48.65, 1, 6644
30606, 21878, 71.48, 72, 48.65, 1, 6644
30607, 21878, 71.48, 72, 48.65, 1, 6645
30608, 21879, 71.48, 72, 48.65, 1, 6645
30609, 21880, 71.48, 72, 48.65, 1, 6645
30610, 21881, 71.48, 72, 48.65, 1, 6645
30611, 21881, 71.48, 72, 48.65, 1, 6646
30612, 21882, 71.48, 72, 48.65, 1, 6646
30613, 21883, 71.48, 72, 48.65, 1, 6646
30614, 21884, 71.48, 72, 48.65, 1, 6646
30615, 21885, 71.48, 72, 48.65, 1, 6646
30616, 21885, 71.48, 72, 48.65, 1, 6647
30617, 21885, 71.48, 72, 48.65, 1, 6648
30618, 21886, 71.48, 72, 48.65, 1, 6648
30619, 21887, 71.48, 72, 48.65, 1, 6648
30620, 21888, 71.48, 72, 48.65, 1, 6648
30621, 21889, 71.48, 72, 48.65, 1, 6648
30622, 21889, 71.48, 72, 48.65, 1, 6649
30623, 21890, 71.48, 72, 48.65, 1, 6649
30624, 21891, 71.48, 72, 48.65, 1, 6649
30625, 21892, 71.48, 72, 48.65, 1, 6649
30626, 21893, 71.49, 72, 48.65, 1, 6649
30627, 21893, 71.48, 72, 48.65, 1, 6650
30628, 21894, 71.48, 72, 48.65, 1, 6650
30629, 21895, 71.48, 72, 48.65, 1, 6650
30630, 21895, 71.48, 72, 48.65, 1, 6650
30631, 21895, 71.48, 72, 48.65, 1, 6650
30632, 21896, 71.48, 72, 48.65, 1, 6650
30633, 21897, 71.48, 72, 48.65, 1, 6650
30634, 21897, 71.48, 72, 48.65, 1, 6650
30635, 21898, 71.48, 72, 48.65, 1, 6650
30636, 21899, 71.48, 72, 48.65, 1, 6650
30637, 21900, 71.48, 72, 48.65, 1, 6650
30638, 21901, 71.48, 72, 48.65, 1, 6650
30639, 21902, 71.48, 72, 48.65, 1, 6650
30640, 21903, 71.48, 72, 48.65, 1, 6650
30641, 21903, 71.48, 72, 48.65, 1, 6650
30642, 21904, 71.48, 72, 48.65, 1, 6650
30643, 21905, 71.48, 72, 48.65, 1, 6650
30644, 21905, 71.48, 72, 48.65, 1, 6651
30645, 21905, 71.48, 72, 48.65, 1, 6652
30646, 21906, 71.48, 72, 48.65, 1, 6652
30647, 21907, 71.48, 72, 48.65, 1, 6652
30648, 21908, 71.48, 72, 48.65, 1, 6652
30649, 21909, 71.48, 72, 48.65, 1, 6652
30650, 21910, 71.48, 72, 48.65, 1, 6652
30651, 21911, 71.49, 72, 48.65, 1, 6652
30652, 21911, 71.48, 72, 48.65, 1, 6653
30653, 21912, 71.48, 72, 48.65, 1, 6653
30654, 21912, 71.48, 72, 48.65, 1, 6654
30655, 21913, 71.48, 72, 48.65, 1, 6654
30656, 21914, 71.48, 72, 48.65, 1, 6654
30657, 21915, 71.48, 72, 48.65, 1, 6654
30658, 21915, 71.48, 72, 48.65, 1, 6655
30659, 21916, 71.48, 72, 48.65, 1, 6655
30660, 21916, 71.48, 72, 48.65, 1, 6656
30661, 21917, 71.48, 72, 48.65, 1, 6656
30662, 21918, 71.48, 72, 48.65, 1, 6656
30663, 21919, 71.48, 72, 48.65, 1, 6656
30664, 21920, 71.48, 72, 48.65, 1, 6656
30665, 21921, 71.49, 72, 48.65, 1, 6656
30666, 21922, 71.49, 72, 48.65, 1, 6656
30667, 21923, 71.49, 72, 48.65, 1, 6656
30668, 21924, 71.49, 72, 48.65, 1, 6656
30669, 21925, 71.49, 72, 48.65, 1, 6656
30670, 21925, 71.49, 72, 48.65, 1, 6657
30671, 21925, 71.48, 72, 48.65, 1, 6658
30672, 21926, 71.49, 72, 48.65, 1, 6658
30673, 21927, 71.49, 72, 48.65, 1, 6658
30674, 21928, 71.49, 72, 48.65, 1, 6658
30675, 21928, 71.48, 72, 48.65, 1, 6659
30676, 21929, 71.49, 72, 48.65, 1, 6659
30677, 21930, 71.49, 72, 48.65, 1, 6659
30678, 21930, 71.48, 72, 48.65, 1, 6660
30679, 21931, 71.49, 72, 48.65, 1, 6660
30680, 21932, 71.49, 72, 48.65, 1, 6660
30681, 21933, 71.49, 72, 48.65, 1, 6660
30682, 21934, 71.49, 72, 48.65, 1, 6660
30683, 21935, 71.49, 72, 48.65, 1, 6660
30684, 21935, 71.49, 72, 48.65, 1, 6661
30685, 21936, 71.49, 72, 48.65, 1, 6661
30686, 21937, 71.49, 72, 48.65, 1, 6661
30687, 21937, 71.49, 72, 48.65, 1, 6662
30688, 21938, 71.49, 72, 48.65, 1, 6662
30689, 21939, 71.49, 72, 48.65, 1, 6662
30690, 21940, 71.49, 72, 48.65, 1, 6662
30691, 21941, 71.49, 72, 48.65, 1, 6662
30692, 21941, 71.49, 72, 48.65, 1, 6663
30693, 21942, 71.49, 72, 48.65, 1, 6663
30694, 21943, 71.49, 72, 48.65, 1, 6663
30695, 21943, 71.49, 72, 48.65, 1, 6664
30696, 21944, 71.49, 72, 48.65, 1, 6664
30697, 21945, 71.49, 72, 48.65, 1, 6664
30698, 21945, 71.49, 72, 48.65, 1, 6665
30699, 21946, 71.49, 72, 48.65, 1, 6665
30700, 21947, 71.49, 72, 48.65, 1, 6665
30701, 21948, 71.49, 72, 48.65, 1, 6665
30702, 21949, 71.49, 72, 48.65, 1, 6665
30703, 21950, 71.49, 72, 48.65, 1, 6665
30704, 21951, 71.49, 72, 48.65, 1, 6665
30705, 21951, 71.49, 72, 48.65, 1, 6666
30706, 21952, 71.49, 72, 48.65, 1, 6666
30707, 21953, 71.49, 72, 48.65, 1, 6666
30708, 21954, 71.49, 72, 48.65, 1, 6666
30709, 21954, 71.49, 72, 48.65, 1, 6667
30710, 21955, 71.49, 72, 48.65, 1, 6667
30711, 21955, 71.49, 72, 48.65, 1, 6668
30712, 21956, 71.49, 72, 48.65, 1, 6668
30713, 21956, 71.49, 72, 48.65, 1, 6669
30714, 21957, 71.49, 72, 48.65, 1, 6669
30715, 21958, 71.49, 72, 48.65, 1, 6669
30716, 21958, 71.49, 72, 48.65, 1, 6670
30717, 21958, 71.48, 72, 48.65, 1, 6671
30718, 21959, 71.49, 72, 48.65, 1, 6671
30719, 21960, 71.49, 72, 48.65, 1, 6671
30720, 21961, 71.49, 72, 48.65, 1, 6671
30721, 21961, 71.49, 72, 48.65, 1, 6672
30722, 21961, 71.48, 72, 48.65, 1, 6673
30723, 21962, 71.48, 72, 48.65, 1, 6673
30724, 21962, 71.48, 72, 48.65, 1, 6674
30725, 21963, 71.48, 72, 48.65, 1, 6674
30726, 21964, 71.48, 72, 48.65, 1, 6674
30727, 21965, 71.48, 72, 48.65, 1, 6674
30728, 21966, 71.49, 72, 48.65, 1, 6674
30729, 21967, 71.49, 72, 48.65, 1, 6674
30730, 21967, 71.48, 72, 48.65, 1, 6675
30731, 21967, 71.48, 72, 48.65, 1, 6676
30732, 21967, 71.48, 72, 48.65, 1, 6677
30733, 21968, 71.48, 72, 48.65, 1, 6677
30734, 21968, 71.48, 72, 48.65, 1, 6678
30735, 21968, 71.48, 72, 48.65, 1, 6678
30736, 21969, 71.48, 72, 48.65, 1, 6678
30737, 21969, 71.47, 72, 48.65, 1, 6678
30738, 21969, 71.47, 72, 48.65, 1, 6678
30739, 21970, 71.47, 72, 48.65, 1, 6678
30740, 21971, 71.47, 72, 48.65, 1, 6678
30741, 21971, 71.47, 72, 48.65, 1, 6679
30742, 21972, 71.47, 72, 48.65, 1, 6679
30743, 21972, 71.47, 72, 48.65, 1, 6680
30744, 21973, 71.47, 72, 48.65, 1, 6680
30745, 21974, 71.47, 72, 48.65, 1, 6680
30746, 21975, 71.47, 72, 48.65, 1, 6680
30747, 21976, 71.47, 72, 48.65, 1, 6680
30748, 21977, 71.47, 72, 48.65, 1, 6680
30749, 21977, 71.47, 72, 48.65, 1, 6681
30750, 21978, 71.47, 72, 48.65, 1, 6681
30751, 21978, 71.47, 72, 48.65, 1, 6682
30752, 21979, 71.47, 72, 48.65, 1, 6682
30753, 21980, 71.47, 72, 48.65, 1, 6682
30754, 21980, 71.47, 72, 48.65, 1, 6683
30755, 21981, 71.47, 72, 48.65, 1, 6683
30756, 21981, 71.47, 72, 48.65, 1, 6684
30757, 21982, 71.47, 72, 48.65, 1, 6684
30758, 21983, 71.47, 72, 48.65, 1, 6684
30759, 21983, 71.47, 72, 48.65, 1, 6685
30760, 21984, 71.47, 72, 48.65, 1, 6685
30761, 21984, 71.47, 72, 48.65, 1, 6686
30762, 21984, 71.46, 72, 48.65, 1, 6687
30763, 21985, 71.47, 72, 48.65, 1, 6687
30764, 21986, 71.47, 72, 48.65, 1, 6687
30765, 21987, 71.47, 72, 48.65, 1, 6687
30766, 21988, 71.47, 72, 48.65, 1, 6687
30767, 21989, 71.47, 72, 48.65, 1, 6687
30768, 21990, 71.47, 72, 48.65, 1, 6687
30769, 21991, 71.47, 72, 48.65, 1, 6687
30770, 21992, 71.47, 72, 48.65, 1, 6687
30771, 21993, 71.47, 72, 48.65, 1, 6687
30772, 21994, 71.47, 72, 48.65, 1, 6687
30773, 21995, 71.47, 72, 48.65, 1, 6687
30774, 21996, 71.48, 72, 48.65, 1, 6687
30775, 21997, 71.48, 72, 48.65, 1, 6687
30776, 21997, 71.47, 72, 48.65, 1, 6688
30777, 21998, 71.48, 72, 48.65, 1, 6688
30778, 21999, 71.48, 72, 48.65, 1, 6688
30779, 21999, 71.47, 72, 48.65, 1, 6688
30780, 22000, 71.47, 72, 48.65, 1, 6688
30781, 22001, 71.48, 72, 48.65, 1, 6688
30782, 22002, 71.48, 72, 48.65, 1, 6688
30783, 22002, 71.47, 72, 48.65, 1, 6688
30784, 22002, 71.47, 72, 48.65, 1, 6689
30785, 22003, 71.47, 72, 48.65, 1, 6689
30786, 22004, 71.47, 72, 48.65, 1, 6689
30787, 22005, 71.47, 72, 48.65, 1, 6689
30788, 22005, 71.47, 72, 48.65, 1, 6690
30789, 22005, 71.47, 72, 48.65, 1, 6690
30790, 22005, 71.47, 72, 48.65, 1, 6690
30791, 22006, 71.47, 72, 48.65, 1, 6690
30792, 22007, 71.47, 72, 48.65, 1, 6690
30793, 22007, 71.47, 72, 48.65, 1, 6690
30794, 22007, 71.47, 72, 48.65, 1, 6691
30795, 22008, 71.47, 72, 48.65, 1, 6691
30796, 22008, 71.46, 72, 48.65, 1, 6692
30797, 22008, 71.46, 72, 48.65, 1, 6693
30798, 22008, 71.46, 72, 48.65, 1, 6694
30799, 22008, 71.46, 72, 48.65, 1, 6695
30800, 22009, 71.46, 72, 48.65, 1, 6695
30801, 22010, 71.46, 72, 48.65, 1, 6695
30802, 22011, 71.46, 72, 48.65, 1, 6695
30803, 22011, 71.46, 72, 48.65, 1, 6696
30804, 22011, 71.46, 72, 48.65, 1, 6697
30805, 22012, 71.46, 72, 48.65, 1, 6697
30806, 22013, 71.46, 72, 48.65, 1, 6697
30807, 22014, 71.46, 72, 48.65, 1, 6697
30808, 22015, 71.46, 72, 48.65, 1, 6697
30809, 22016, 71.46, 72, 48.65, 1, 6697
30810, 22017, 71.46, 72, 48.65, 1, 6697
30811, 22018, 71.46, 72, 48.65, 1, 6697
30812, 22019, 71.46, 72, 48.65, 1, 6697
30813, 22019, 71.46, 72, 48.65, 1, 6697
30814, 22019, 71.46, 72, 48.65, 1, 6697
30815, 22019, 71.46, 72, 48.65, 1, 6697
30816, 22020, 71.46, 72, 48.65, 1, 6697
30817, 22020, 71.45, 72, 48.65, 1, 6697
30818, 22021, 71.45, 72, 48.65, 1, 6697
30819, 22021, 71.45, 72, 48.65, 1, 6698
30820, 22022, 71.45, 72, 48.65, 1, 6698
30821, 22023, 71.45, 72, 48.65, 1, 6698
30822, 22024, 71.46, 72, 48.65, 1, 6698
30823, 22024, 71.45, 72, 48.65, 1, 6699
30824, 22025, 71.45, 72, 48.65, 1, 6699
30825, 22026, 71.45, 72, 48.65, 1, 6699
30826, 22027, 71.46, 72, 48.65, 1, 6699
30827, 22028, 71.46, 72, 48.65, 1, 6699
30828, 22028, 71.45, 72, 48.65, 1, 6700
30829, 22028, 71.45, 72, 48.65, 1, 6701
30830, 22029, 71.45, 72, 48.65, 1, 6701
30831, 22029, 71.45, 72, 48.65, 1, 6702
30832, 22030, 71.45, 72, 48.65, 1, 6702
30833, 22031, 71.45, 72, 48.65, 1, 6702
30834, 22032, 71.45, 72, 48.65, 1, 6702
30835, 22032, 71.45, 72, 48.65, 1, 6702
30836, 22033, 71.45, 72, 48.65, 1, 6702
30837, 22034, 71.45, 72, 48.65, 1, 6702
30838, 22034, 71.45, 72, 48.65, 1, 6702
30839, 22035, 71.45, 72, 48.65, 1, 6702
30840, 22036, 71.45, 72, 48.65, 1, 6702
30841, 22037, 71.45, 72, 48.65, 1, 6702
30842, 22038, 71.45, 72, 48.65, 1, 6702
30843, 22039, 71.46, 72, 48.65, 1, 6702
30844, 22039, 71.45, 72, 48.65, 1, 6702
30845, 22040, 71.45, 72, 48.65, 1, 6702
30846, 22041, 71.45, 72, 48.65, 1, 6702
30847, 22042, 71.46, 72, 48.65, 1, 6702
30848, 22042, 71.45, 72, 48.65, 1, 6702
30849, 22042, 71.45, 72, 48.65, 1, 6703
30850, 22042, 71.45, 72, 48.65, 1, 6703
30851, 22043, 71.45, 72, 48.65, 1, 6703
30852, 22044, 71.45, 72, 48.65, 1, 6703
30853, 22045, 71.45, 72, 48.65, 1, 6703
30854, 22046, 71.45, 72, 48.65, 1, 6703
30855, 22047, 71.45, 72, 48.65, 1, 6703
30856, 22047, 71.45, 72, 48.65, 1, 6703
30857, 22048, 71.45, 72, 48.65, 1, 6703
30858, 22049, 71.45, 72, 48.65, 1, 6703
30859, 22050, 71.45, 72, 48.65, 1, 6703
30860, 22051, 71.45, 72, 48.65, 1, 6703
30861, 22052, 71.46, 72, 48.65, 1, 6703
30862, 22052, 71.45, 72, 48.65, 1, 6704
30863, 22053, 71.45, 72, 48.65, 1, 6704
30864, 22054, 71.46, 72, 48.65, 1, 6704
30865, 22055, 71.46, 72, 48.65, 1, 6704
30866, 22056, 71.46, 72, 48.65, 1, 6704
30867, 22057, 71.46, 72, 48.65, 1, 6704
30868, 22058, 71.46, 72, 48.65, 1, 6704
30869, 22059, 71.46, 72, 48.65, 1, 6704
30870, 22059, 71.46, 72, 48.65, 1, 6705
30871, 22059, 71.46, 72, 48.65, 1, 6706
30872, 22060, 71.46, 72, 48.65, 1, 6706
30873, 22060, 71.45, 72, 48.65, 1, 6707
30874, 22060, 71.45, 72, 48.65, 1, 6708
30875, 22061, 71.45, 72, 48.65, 1, 6708
30876, 22062, 71.45, 72, 48.65, 1, 6708
30877, 22062, 71.45, 72, 48.65, 1, 6709
30878, 22063, 71.45, 72, 48.65, 1, 6709
30879, 22063, 71.45, 72, 48.65, 1, 6710
30880, 22064, 71.45, 72, 48.65, 1, 6710
30881, 22065, 71.45, 72, 48.65, 1, 6710
30882, 22065, 71.45, 72, 48.65, 1, 6711
30883, 22066, 71.45, 72, 48.65, 1, 6711
30884, 22067, 71.45, 72, 48.65, 1, 6711
30885, 22068, 71.45, 72, 48.65, 1, 6711
30886, 22069, 71.45, 72, 48.65, 1, 6711
30887, 22070, 71.45, 72, 48.65, 1, 6711
30888, 22071, 71.45, 72, 48.65, 1, 6711
30889, 22072, 71.46, 72, 48.65, 1, 6711
30890, 22073, 71.46, 72, 48.65, 1, 6711
30891, 22074, 71.46, 72, 48.65, 1, 6711
30892, 22075, 71.46, 72, 48.65, 1, 6711
30893, 22076, 71.46, 72, 48.65, 1, 6711
30894, 22077, 71.46, 72, 48.65, 1, 6711
30895, 22078, 71.46, 72, 48.65, 1, 6711
30896, 22078, 71.46, 72, 48.65, 1, 6711
30897, 22078, 71.46, 72, 48.65, 1, 6712
30898, 22079, 71.46, 72, 48.65, 1, 6712
30899, 22080, 71.46, 72, 48.65, 1, 6712
30900, 22081, 71.46, 72, 48.65, 1, 6712
30901, 22082, 71.46, 72, 48.65, 1, 6712
30902, 22083, 71.46, 72, 48.65, 1, 6712
30903, 22084, 71.46, 72, 48.65, 1, 6712
30904, 22085, 71.46, 72, 48.65, 1, 6712
30905, 22086, 71.46, 72, 48.65, 1, 6712
30906, 22087, 71.47, 72, 48.65, 1, 6712
30907, 22088, 71.47, 72, 48.65, 1, 6712
30908, 22089, 71.47, 72, 48.65, 1, 6712
30909, 22090, 71.47, 72, 48.65, 1, 6712
30910, 22091, 71.47, 72, 48.65, 1, 6712
30911, 22092, 71.47, 72, 48.65, 1, 6712
30912, 22093, 71.47, 72, 48.65, 1, 6712
30913, 22094, 71.47, 72, 48.65, 1, 6712
30914, 22094, 71.47, 72, 48.65, 1, 6713
30915, 22095, 71.47, 72, 48.65, 1, 6713
30916, 22095, 71.47, 72, 48.65, 1, 6714
30917, 22096, 71.47, 72, 48.65, 1, 6714
30918, 22097, 71.47, 72, 48.65, 1, 6714
30919, 22097, 71.47, 72, 48.65, 1, 6715
30920, 22097, 71.47, 72, 48.65, 1, 6716
30921, 22098, 71.47, 72, 48.65, 1, 6716
30922, 22098, 71.46, 72, 48.65, 1, 6717
30923, 22099, 71.46, 72, 48.65, 1, 6717
30924, 22100, 71.47, 72, 48.65, 1, 6717
30925, 22101, 71.47, 72, 48.65, 1, 6717
30926, 22102, 71.47, 72, 48.65, 1, 6717
30927, 22102, 71.47, 72, 48.65, 1, 6718
30928, 22102, 71.46, 72, 48.65, 1, 6718
30929, 22103, 71.46, 72, 48.65, 1, 6718
30930, 22104, 71.46, 72, 48.65, 1, 6718
30931, 22104, 71.46, 72, 48.65, 1, 6718
30932, 22105, 71.46, 72, 48.65, 1, 6718
30933, 22105, 71.46, 72, 48.65, 1, 6718
30934, 22106, 71.46, 72, 48.65, 1, 6718
30935, 22107, 71.46, 72, 48.65, 1, 6718
30936, 22107, 71.46, 72, 48.65, 1, 6718
30937, 22107, 71.46, 72, 48.65, 1, 6719
30938, 22108, 71.46, 72, 48.65, 1, 6719
30939, 22109, 71.46, 72, 48.65, 1, 6719
30940, 22109, 71.46, 72, 48.65, 1, 6720
30941, 22110, 71.46, 72, 48.65, 1, 6720
30942, 22110, 71.46, 72, 48.65, 1, 6720
30943, 22111, 71.46, 72, 48.65, 1, 6720
30944, 22112, 71.46, 72, 48.65, 1, 6720
30945, 22113, 71.46, 72, 48.65, 1, 6720
30946, 22113, 71.46, 72, 48.65, 1, 6720
30947, 22114, 71.46, 72, 48.65, 1, 6720
30948, 22115, 71.46, 72, 48.65, 1, 6720
30949, 22116, 71.46, 72, 48.65, 1, 6720
30950, 22117, 71.46, 72, 48.65, 1, 6720
30951, 22117, 71.46, 72, 48.65, 1, 6720
30952, 22118, 71.46, 72, 48.65, 1, 6720
30953, 22119, 71.46, 72, 48.65, 1, 6720
30954, 22120, 71.46, 72, 48.65, 1, 6720
30955, 22121, 71.46, 72, 48.65, 1, 6720
30956, 22122, 71.46, 72, 48.65, 1, 6720
30957, 22123, 71.46, 72, 48.65, 1, 6720
30958, 22124, 71.46, 72, 48.65, 1, 6720
30959, 22124, 71.46, 72, 48.65, 1, 6720
30960, 22125, 71.46, 72, 48.65, 1, 6720
30961, 22126, 71.46, 72, 48.65, 1, 6720
30962, 22126, 71.46, 72, 48.65, 1, 6721
30963, 22127, 71.46, 72, 48.65, 1, 6721
30964, 22128, 71.46, 72, 48.65, 1, 6721
30965, 22129, 71.46, 72, 48.65, 1, 6721
30966, 22130, 71.47, 72, 48.65, 1, 6721
30967, 22131, 71.47, 72, 48.65, 1, 6721
30968, 22132, 71.47, 72, 48.65, 1, 6721
30969, 22133, 71.47, 72, 48.65, 1, 6721
30970, 22134, 71.47, 72, 48.65, 1, 6721
30971, 22135, 71.47, 72, 48.65, 1, 6721
30972, 22136, 71.47, 72, 48.65, 1, 6721
30973, 22137, 71.47, 72, 48.65, 1, 6721
30974, 22138, 71.47, 72, 48.65, 1, 6721
30975, 22139, 71.47, 72, 48.65, 1, 6721
30976, 22140, 71.47, 72, 48.65, 1, 6721
30977, 22141, 71.48, 72, 48.65, 1, 6721
30978, 22142, 71.48, 72, 48.65, 1, 6721
30979, 22143, 71.48, 72, 48.65, 1, 6721
30980, 22144, 71.48, 72, 48.65, 1, 6721
30981, 22145, 71.48, 72, 48.65, 1, 6721
30982, 22145, 71.48, 72, 48.65, 1, 6722
30983, 22146, 71.48, 72, 48.65, 1, 6722
30984, 22146, 71.48, 72, 48.65, 1, 6723
30985, 22147, 71.48, 72, 48.65, 1, 6723
30986, 22148, 71.48, 72, 48.65, 1, 6723
30987, 22149, 71.48, 72, 48.65, 1, 6723
30988, 22150, 71.48, 72, 48.65, 1, 6723
30989, 22150, 71.48, 72, 48.65, 1, 6724
30990, 22151, 71.48, 72, 48.65, 1, 6724
30991, 22152, 71.48, 72, 48.65, 1, 6724
30992, 22153, 71.48, 72, 48.65, 1, 6724
30993, 22154, 71.48, 72, 48.65, 1, 6724
30994, 22155, 71.48, 72, 48.65, 1, 6724
30995, 22156, 71.48, 72, 48.65, 1, 6724
30996, 22157, 71.48, 72, 48.65, 1, 6724
30997, 22158, 71.48, 72, 48.65, 1, 6724
30998, 22159, 71.49, 72, 48.65, 1, 6724
30999, 22159, 71.48, 72, 48.65, 1, 6725
31000, 22160, 71.48, 72, 48.65, 1, 6725
31001, 22161, 71.48, 72, 48.65, 1, 6725
31002, 22161, 71.48, 72, 48.65, 1, 6726
31003, 22161, 71.48, 72, 48.65, 1, 6727
31004, 22162, 71.48, 72, 48.65, 1, 6727
31005, 22162, 71.48, 72, 48.65, 1, 6728
31006, 22162, 71.48, 72, 48.65, 1, 6729
31007, 22163, 71.48, 72, 48.65, 1, 6729
31008, 22164, 71.48, 72, 48.65, 1, 6729
31009, 22165, 71.48, 72, 48.65, 1, 6729
31010, 22165, 71.48, 72, 48.65, 1, 6730
31011, 22166, 71.48, 72, 48.65, 1, 6730
31012, 22167, 71.48, 72, 48.65, 1, 6730
31013, 22168, 71.48, 72, 48.65, 1, 6730
31014, 22169, 71.48, 72, 48.65, 1, 6730
31015, 22169, 71.48, 72, 48.65, 1, 6731
31016, 22169, 71.48, 72, 48.65, 1, 6732
31017, 22169, 71.47, 72, 48.65, 1, 6733
31018, 22170, 71.47, 72, 48.65, 1, 6733
31019, 22171, 71.48, 72, 48.65, 1, 6733
31020, 22172, 71.48, 72, 48.65, 1, 6733
31021, 22173, 71.48, 72, 48.65, 1, 6733
31022, 22174, 71.48, 72, 48.65, 1, 6733
31023, 22175, 71.48, 72, 48.65, 1, 6733
31024, 22175, 71.48, 72, 48.65, 1, 6734
31025, 22175, 71.47, 72, 48.65, 1, 6735
31026, 22176, 71.48, 72, 48.65, 1, 6735
31027, 22177, 71.48, 72, 48.65, 1, 6735
31028, 22178, 71.48, 72, 48.65, 1, 6735
31029, 22179, 71.48, 72, 48.65, 1, 6735
31030, 22179, 71.48, 72, 48.65, 1, 6736
31031, 22180, 71.48, 72, 48.65, 1, 6736
31032, 22181, 71.48, 72, 48.65, 1, 6736
31033, 22182, 71.48, 72, 48.65, 1, 6736
31034, 22183, 71.48, 72, 48.65, 1, 6736
31035, 22184, 71.48, 72, 48.65, 1, 6736
31036, 22185, 71.48, 72, 48.65, 1, 6736
31037, 22186, 71.48, 72, 48.65, 1, 6736
31038, 22186, 71.48, 72, 48.65, 1, 6737
31039, 22187, 71.48, 72, 48.65, 1, 6737
31040, 22188, 71.48, 72, 48.65, 1, 6737
31041, 22189, 71.48, 72, 48.65, 1, 6737
31042, 22190, 71.48, 72, 48.65, 1, 6737
31043, 22191, 71.48, 72, 48.65, 1, 6737
31044, 22192, 71.49, 72, 48.65, 1, 6737
31045, 22193, 71.49, 72, 48.65, 1, 6737
31046, 22193, 71.48, 72, 48.65, 1, 6737
31047, 22194, 71.49, 72, 48.65, 1, 6737
31048, 22195, 71.49, 72, 48.65, 1, 6737
31049, 22196, 71.49, 72, 48.65, 1, 6737
31050, 22197, 71.49, 72, 48.65, 1, 6737
31051, 22198, 71.49, 72, 48.65, 1, 6737
31052, 22199, 71.49, 72, 48.65, 1, 6737
31053, 22200, 71.49, 72, 48.65, 1, 6737
31054, 22201, 71.49, 72, 48.65, 1, 6737
31055, 22202, 71.49, 72, 48.65, 1, 6737
31056, 22203, 71.49, 72, 48.65, 1, 6737
31057, 22204, 71.49, 72, 48.65, 1, 6737
31058, 22205, 71.50, 72, 48.65, 1, 6737
31059, 22206, 71.50, 72, 48.65, 1, 6737
31060, 22206, 71.49, 72, 48.65, 1, 6738
31061, 22207, 71.49, 72, 48.65, 1, 6738
31062, 22208, 71.50, 72, 48.65, 1, 6738
31063, 22209, 71.50, 72, 48.65, 1, 6738
31064, 22210, 71.50, 72, 48.65, 1, 6738
31065, 22211, 71.50, 72, 48.65, 1, 6738
31066, 22212, 71.50, 72, 48.65, 1, 6738
31067, 22212, 71.50, 72, 48.65, 1, 6739
31068, 22213, 71.50, 72, 48.65, 1, 6739
31069, 22214, 71.50, 72, 48.65, 1, 6739
31070, 22215, 71.50, 72, 48.65, 1, 6739
31071, 22215, 71.50, 72, 48.65, 1, 6740
31072, 22215, 71.50, 72, 48.65, 1, 6741
31073, 22216, 71.50, 72, 48.65, 1, 6741
31074, 22217, 71.50, 72, 48.65, 1, 6741
31075, 22217, 71.49, 72, 48.65, 1, 6742
31076, 22217, 71.49, 72, 48.65, 1, 6742
31077, 22218, 71.49, 72, 48.65, 1, 6742
31078, 22219, 71.49, 72, 48.65, 1, 6742
31079, 22220, 71.50, 72, 48.65, 1, 6742
31080, 22221, 71.50, 72, 48.65, 1, 6742
31081, 22222, 71.50, 72, 48.65, 1, 6742
31082, 22223, 71.50, 72, 48.65, 1, 6742
31083, 22224, 71.50, 72, 48.65, 1, 6742
31084, 22224, 71.50, 72, 48.65, 1, 6743
31085, 22225, 71.50, 72, 48.65, 1, 6743
31086, 22226, 71.50, 72, 48.65, 1, 6743
31087, 22227, 71.50, 72, 48.65, 1, 6743
31088, 22228, 71.50, 72, 48.65, 1, 6743
31089, 22229, 71.50, 72, 48.65, 1, 6743
31090, 22229, 71.50, 72, 48.65, 1, 6744
31091, 22230, 71.50, 72, 48.65, 1, 6744
31092, 22231, 71.50, 72, 48.65, 1, 6744
31093, 22232, 71.50, 72, 48.65, 1, 6744
31094, 22233, 71.50, 72, 48.65, 1, 6744
31095, 22233, 71.50, 72, 48.65, 1, 6745
31096, 22233, 71.50, 72, 48.65, 1, 6746
31097, 22234, 71.50, 72, 48.65, 1, 6746
31098, 22235, 71.50, 72, 48.65, 1, 6746
31099, 22235, 71.50, 72, 48.65, 1, 6747
31100, 22236, 71.50, 72, 48.65, 1, 6747
31101, 22236, 71.50, 72, 48.65, 1, 6748
31102, 22237, 71.50, 72, 48.65, 1, 6748
31103, 22238, 71.50, 72, 48.65, 1, 6748
31104, 22239, 71.50, 72, 48.65, 1, 6748
31105, 22240, 71.50, 72, 48.65, 1, 6748
31106, 22241, 71.50, 72, 48.65, 1, 6748
31107, 22242, 71.50, 72, 48.65, 1, 6748
31108, 22243, 71.50, 72, 48.65, 1, 6748
31109, 22244, 71.50, 72, 48.65, 1, 6748
31110, 22244, 71.50, 72, 48.65, 1, 6749
31111, 22245, 71.50, 72, 48.65, 1, 6749
31112, 22246, 71.50, 72, 48.65, 1, 6749
31113, 22246, 71.50, 72, 48.65, 1, 6750
31114, 22247, 71.50, 72, 48.65, 1, 6750
31115, 22248, 71.50, 72, 48.65, 1, 6750
31116, 22249, 71.50, 72, 48.65, 1, 6750
31117, 22250, 71.50, 72, 48.65, 1, 6750
31118, 22251, 71.51, 72, 48.65, 1, 6750
31119, 22252, 71.51, 72, 48.65, 1, 6750
31120, 22253, 71.51, 72, 48.65, 1, 6750
31121, 22253, 71.50, 72, 48.65, 1, 6750
31122, 22254, 71.51, 72, 48.65, 1, 6750
31123, 22255, 71.51, 72, 48.65, 1, 6750
31124, 22256, 71.51, 72, 48.65, 1, 6750
31125, 22256, 71.51, 72, 48.65, 1, 6751
31126, 22257, 71.51, 72, 48.65, 1, 6751
31127, 22257, 71.50, 72, 48.65, 1, 6752
31128, 22258, 71.50, 72, 48.65, 1, 6752
31129, 22258, 71.50, 72, 48.65, 1, 6753
31130, 22259, 71.50, 72, 48.65, 1, 6753
31131, 22260, 71.50, 72, 48.65, 1, 6753
31132, 22260, 71.50, 72, 48.65, 1, 6754
31133, 22260, 71.50, 72, 48.65, 1, 6754
31134, 22261, 71.50, 72, 48.65, 1, 6754
31135, 22262, 71.50, 72, 48.65, 1, 6754
31136, 22263, 71.50, 72, 48.65, 1, 6754
31137, 22263, 71.50, 72, 48.65, 1, 6754
31138, 22264, 71.50, 72, 48.65, 1, 6754
31139, 22264, 71.50, 72, 48.65, 1, 6754
31140, 22265, 71.50, 72, 48.65, 1, 6754
31141, 22266, 71.50, 72, 48.65, 1, 6754
31142, 22266, 71.50, 72, 48.65, 1, 6755
31143, 22266, 71.50, 72, 48.65, 1, 6756
31144, 22267, 71.50, 72, 48.65, 1, 6756
31145, 22267, 71.49, 72, 48.65, 1, 6756
31146, 22268, 71.50, 72, 48.65, 1, 6756
31147, 22268, 71.49, 72, 48.65, 1, 6757
31148, 22269, 71.49, 72, 48.65, 1, 6757
31149, 22269, 71.49, 72, 48.65, 1, 6758
31150, 22270, 71.49, 72, 48.65, 1, 6758
31151, 22271, 71.49, 72, 48.65, 1, 6758
31152, 22272, 71.49, 72, 48.65, 1, 6758
31153, 22273, 71.50, 72, 48.65, 1, 6758
31154, 22273, 71.49, 72, 48.65, 1, 6759
31155, 22274, 71.49, 72, 48.65, 1, 6759
31156, 22274, 71.49, 72, 48.65, 1, 6760
31157, 22275, 71.49, 72, 48.65, 1, 6760
31158, 22276, 71.49, 72, 48.65, 1, 6760
31159, 22276, 71.49, 72, 48.65, 1, 6761
31160, 22277, 71.49, 72, 48.65, 1, 6761
31161, 22278, 71.49, 72, 48.65, 1, 6761
31162, 22278, 71.49, 72, 48.65, 1, 6762
31163, 22278, 71.49, 72, 48.65, 1, 6763
31164, 22279, 71.49, 72, 48.65, 1, 6763
31165, 22280, 71.49, 72, 48.65, 1, 6763
31166, 22280, 71.49, 72, 48.65, 1, 6764
31167, 22281, 71.49, 72, 48.65, 1, 6764
31168, 22282, 71.49, 72, 48.65, 1, 6764
31169, 22282, 71.49, 72, 48.65, 1, 6765
31170, 22283, 71.49, 72, 48.65, 1, 6765
31171, 22284, 71.49, 72, 48.65, 1, 6765
31172, 22285, 71.49, 72, 48.65, 1, 6765
31173, 22286, 71.49, 72, 48.65, 1, 6765
31174, 22287, 71.49, 72, 48.65, 1, 6765
31175, 22287, 71.49, 72, 48.65, 1, 6766
31176, 22288, 71.49, 72, 48.65, 1, 6766
31177, 22288, 71.49, 72, 48.65, 1, 6767
31178, 22288, 71.49, 72, 48.65, 1, 6768
31179, 22288, 71.48, 72, 48.65, 1, 6769
31180, 22289, 71.48, 72, 48.65, 1, 6769
31181, 22289, 71.48, 72, 48.65, 1, 6770
31182, 22290, 71.48, 72, 48.65, 1, 6770
31183, 22291, 71.48, 72, 48.65, 1, 6770
31184, 22292, 71.49, 72, 48.65, 1, 6770
31185, 22293, 71.49, 72, 48.65, 1, 6770
31186, 22294, 71.49, 72, 48.65, 1, 6770
31187, 22295, 71.49, 72, 48.65, 1, 6770
31188, 22295, 71.49, 72, 48.65, 1, 6770
31189, 22295, 71.48, 72, 48.65, 1, 6770
31190, 22296, 71.48, 72, 48.65, 1, 6770
31191, 22297, 71.49, 72, 48.65, 1, 6770
31192, 22298, 71.49, 72, 48.65, 1, 6770
31193, 22298, 71.48, 72, 48.65, 1, 6771
31194, 22299, 71.48, 72, 48.65, 1, 6771
31195, 22300, 71.49, 72, 48.65, 1, 6771
31196, 22301, 71.49, 72, 48.65, 1, 6771
31197, 22302, 71.49, 72, 48.65, 1, 6771
31198, 22303, 71.49, 72, 48.65, 1, 6771
31199, 22303, 71.49, 72, 48.65, 1, 6772
31200, 22303, 71.48, 72, 48.65, 1, 6773
31201, 22304, 71.48, 72, 48.65, 1, 6773
31202, 22304, 71.48, 72, 48.65, 1, 6774
31203, 22305, 71.48, 72, 48.65, 1, 6774
31204, 22305, 71.48, 72, 48.65, 1, 6775
31205, 22306, 71.48, 72, 48.65, 1, 6775
31206, 22307, 71.48, 72, 48.65, 1, 6775
31207, 22308, 71.48, 72, 48.65, 1, 6775
31208, 22308, 71.48, 72, 48.65, 1, 6776
31209, 22309, 71.48, 72, 48.65, 1, 6776
31210, 22309, 71.48, 72, 48.65, 1, 6777
31211, 22310, 71.48, 72, 48.65, 1, 6777
31212, 22310, 71.48, 72, 48.65, 1, 6778
31213, 22311, 71.48, 72, 48.65, 1, 6778
31214, 22312, 71.48, 72, 48.65, 1, 6778
31215, 22312, 71.48, 72, 48.65, 1, 6778
31216, 22313, 71.48, 72, 48.65, 1, 6778
31217, 22314, 71.48, 72, 48.65, 1, 6778
31218, 22315, 71.48, 72, 48.65, 1, 6778
31219, 22316, 71.48, 72, 48.65, 1, 6778
31220, 22317, 71.48, 72, 48.65, 1, 6778
31221, 22318, 71.48, 72, 48.65, 1, 6778
31222, 22319, 71.48, 72, 48.65, 1, 6778
31223, 22320, 71.49, 72, 48.65, 1, 6778
31224, 22320, 71.48, 72, 48.65, 1, 6779
31225, 22321, 71.48, 72, 48.65, 1, 6779
31226, 22321, 71.48, 72, 48.65, 1, 6780
31227, 22322, 71.48, 72, 48.65, 1, 6780
31228, 22323, 71.48, 72, 48.65, 1, 6780
31229, 22324, 71.48, 72, 48.65, 1, 6780
31230, 22324, 71.48, 72, 48.65, 1, 6781
31231, 22324, 71.48, 72, 48.65, 1, 6782
31232, 22325, 71.48, 72, 48.65, 1, 6782
31233, 22326, 71.48, 72, 48.65, 1, 6782
31234, 22327, 71.48, 72, 48.65, 1, 6782
31235, 22328, 71.48, 72, 48.65, 1, 6782
31236, 22329, 71.48, 72, 48.65, 1, 6782
31237, 22330, 71.49, 72, 48.65, 1, 6782
31238, 22331, 71.49, 72, 48.65, 1, 6782
31239, 22332, 71.49, 72, 48.65, 1, 6782
31240, 22333, 71.49, 72, 48.65, 1, 6782
31241, 22334, 71.49, 72, 48.65, 1, 6782
31242, 22335, 71.49, 72, 48.65, 1, 6782
31243, 22336, 71.49, 72, 48.65, 1, 6782
31244, 22337, 71.49, 72, 48.65, 1, 6782
31245, 22338, 71.49, 72, 48.65, 1, 6782
31246, 22339, 71.49, 72, 48.65, 1, 6782
31247, 22340, 71.49, 72, 48.65, 1, 6782
31248, 22341, 71.50, 72, 48.65, 1, 6782
31249, 22341, 71.49, 72, 48.65, 1, 6783
31250, 22342, 71.49, 72, 48.65, 1, 6783
31251, 22343, 71.50, 72, 48.65, 1, 6783
31252, 22344, 71.50, 72, 48.65, 1, 6783
31253, 22345, 71.50, 72, 48.65, 1, 6783
31254, 22346, 71.50, 72, 48.65, 1, 6783
31255, 22347, 71.50, 72, 48.65, 1, 6783
31256, 22348, 71.50, 72, 48.65, 1, 6783
31257, 22348, 71.50, 72, 48.65, 1, 6784
31258, 22349, 71.50, 72, 48.65, 1, 6784
31259, 22350, 71.50, 72, 48.65, 1, 6784
31260, 22350, 71.50, 72, 48.65, 1, 6785
31261, 22350, 71.49, 72, 48.65, 1, 6786
31262, 22350, 71.49, 72, 48.65, 1, 6787
31263, 22351, 71.49, 72, 48.65, 1, 6787
31264, 22352, 71.49, 72, 48.65, 1, 6787
31265, 22352, 71.49, 72, 48.65, 1, 6788
31266, 22353, 71.49, 72, 48.65, 1, 6788
31267, 22354, 71.49, 72, 48.65, 1, 6788
31268, 22355, 71.49, 72, 48.65, 1, 6788
31269, 22355, 71.49, 72, 48.65, 1, 6789
31270, 22356, 71.49, 72, 48.65, 1, 6789
31271, 22357, 71.49, 72, 48.65, 1, 6789
31272, 22358, 71.50, 72, 48.65, 1, 6789
31273, 22359, 71.50, 72, 48.65, 1, 6789
31274, 22360, 71.50, 72, 48.65, 1, 6789
31275, 22361, 71.50, 72, 48.65, 1, 6789
31276, 22362, 71.50, 72, 48.65, 1, 6789
31277, 22363, 71.50, 72, 48.65, 1, 6789
31278, 22363, 71.50, 72, 48.65, 1, 6789
31279, 22363, 71.50, 72, 48.65, 1, 6789
31280, 22364, 71.50, 72, 48.65, 1, 6789
31281, 22365, 71.50, 72, 48.65, 1, 6789
31282, 22365, 71.49, 72, 48.65, 1, 6790
31283, 22366, 71.50, 72, 48.65, 1, 6790
31284, 22367, 71.50, 72, 48.65, 1, 6790
31285, 22367, 71.49, 72, 48.65, 1, 6791
31286, 22367, 71.49, 72, 48.65, 1, 6792
31287, 22368, 71.49, 72, 48.65, 1, 6792
31288, 22369, 71.49, 72, 48.65, 1, 6792
31289, 22370, 71.49, 72, 48.65, 1, 6792
31290, 22371, 71.50, 72, 48.65, 1, 6792
31291, 22372, 71.50, 72, 48.65, 1, 6792
31292, 22373, 71.50, 72, 48.65, 1, 6792
31293, 22374, 71.50, 72, 48.65, 1, 6792
31294, 22375, 71.50, 72, 48.65, 1, 6792
31295, 22376, 71.50, 72, 48.65, 1, 6792
31296, 22376, 71.50, 72, 48.65, 1, 6793
31297, 22377, 71.50, 72, 48.65, 1, 6793
31298, 22378, 71.50, 72, 48.65, 1, 6793
31299, 22379, 71.50, 72, 48.65, 1, 6793
31300, 22380, 71.50, 72, 48.65, 1, 6793
31301, 22380, 71.50, 72, 48.65, 1, 6794
31302, 22380, 71.50, 72, 48.65, 1, 6795
31303, 22381, 71.50, 72, 48.65, 1, 6795
31304, 22382, 71.50, 72, 48.65, 1, 6795
31305, 22382, 71.50, 72, 48.65, 1, 6795
31306, 22383, 71.50, 72, 48.65, 1, 6795
31307, 22384, 71.50, 72, 48.65, 1, 6795
31308, 22385, 71.50, 72, 48.65, 1, 6795
31309, 22386, 71.50, 72, 48.65, 1, 6795
31310, 22386, 71.50, 72, 48.65, 1, 6795
31311, 22387, 71.50, 72, 48.65, 1, 6795
31312, 22388, 71.50, 72, 48.65, 1, 6795
31313, 22389, 71.50, 72, 48.65, 1, 6795
31314, 22390, 71.50, 72, 48.65, 1, 6795
31315, 22391, 71.50, 72, 48.65, 1, 6795
31316, 22392, 71.50, 72, 48.65, 1, 6795
31317, 22393, 71.50, 72, 48.65, 1, 6795
31318, 22393, 71.50, 72, 48.65, 1, 6795
31319, 22394, 71.50, 72, 48.65, 1, 6795
31320, 22395, 71.50, 72, 48.65, 1, 6795
31321, 22396, 71.50, 72, 48.65, 1, 6795
31322, 22397, 71.51, 72, 48.65, 1, 6795
31323, 22398, 71.51, 72, 48.65, 1, 6795
31324, 22398, 71.50, 72, 48.65, 1, 6795
31325, 22398, 71.50, 72, 48.65, 1, 6795
31326, 22399, 71.50, 72, 48.65, 1, 6795
31327, 22400, 71.50, 72, 48.65, 1, 6795
31328, 22401, 71.50, 72, 48.65, 1, 6795
31329, 22402, 71.51, 72, 48.65, 1, 6795
31330, 22403, 71.51, 72, 48.65, 1, 6795
31331, 22404, 71.51, 72, 48.65, 1, 6795
31332, 22405, 71.51, 72, 48.65, 1, 6795
31333, 22405, 71.51, 72, 48.65, 1, 6796
31334, 22406, 71.51, 72, 48.65, 1, 6796
31335, 22407, 71.51, 72, 48.65, 1, 6796
31336, 22408, 71.51, 72, 48.65, 1, 6796
31337, 22409, 71.51, 72, 48.65, 1, 6796
31338, 22410, 71.51, 72, 48.65, 1, 6796
31339, 22410, 71.51, 72, 48.65, 1, 6797
31340, 22411, 71.51, 72, 48.65, 1, 6797
31341, 22412, 71.51, 72, 48.65, 1, 6797
31342, 22413, 71.51, 72, 48.65, 1, 6797
31343, 22414, 71.51, 72, 48.65, 1, 6797
31344, 22415, 71.51, 72, 48.65, 1, 6797
31345, 22416, 71.51, 72, 48.65, 1, 6797
31346, 22417, 71.51, 72, 48.65, 1, 6797
31347, 22418, 71.52, 72, 48.65, 1, 6797
31348, 22419, 71.52, 72, 48.65, 1, 6797
31349, 22420, 71.52, 72, 48.65, 1, 6797
31350, 22421, 71.52, 72, 48.65, 1, 6797
31351, 22421, 71.52, 72, 48.65, 1, 6798
31352, 22421, 71.51, 72, 48.65, 1, 6799
31353, 22422, 71.51, 72, 48.65, 1, 6799
31354, 22423, 71.52, 72, 48.65, 1, 6799
31355, 22423, 71.51, 72, 48.65, 1, 6799
31356, 22424, 71.51, 72, 48.65, 1, 6799
31357, 22424, 71.51, 72, 48.65, 1, 6799
31358, 22425, 71.51, 72, 48.65, 1, 6799
31359, 22426, 71.51, 72, 48.65, 1, 6799
31360, 22427, 71.51, 72, 48.65, 1, 6799
31361, 22428, 71.52, 72, 48.65, 1, 6799
31362, 22429, 71.52, 72, 48.65, 1, 6799
31363, 22430, 71.52, 72, 48.65, 1, 6799
31364, 22431, 71.52, 72, 48.65, 1, 6799
31365, 22432, 71.52, 72, 48.65, 1, 6799
31366, 22433, 71.52, 72, 48.65, 1, 6799
31367, 22434, 71.52, 72, 48.65, 1, 6799
31368, 22434, 71.52, 72, 48.65, 1, 6800
31369, 22435, 71.52, 72, 48.65, 1, 6800
31370, 22436, 71.52, 72, 48.65, 1, 6800
31371, 22437, 71.52, 72, 48.65, 1, 6800
31372, 22438, 71.52, 72, 48.65, 1, 6800
31373, 22438, 71.52, 72, 48.65, 1, 6800
31374, 22439, 71.52, 72, 48.65, 1, 6800
31375, 22440, 71.52, 72, 48.65, 1, 6800
31376, 22441, 71.52, 72, 48.65, 1, 6800
31377, 22441, 71.52, 72, 48.65, 1, 6801
31378, 22442, 71.52, 72, 48.65, 1, 6801
31379, 22442, 71.52, 72, 48.65, 1, 6802
31380, 22443, 71.52, 72, 48.65, 1, 6802
31381, 22443, 71.52, 72, 48.65, 1, 6803
31382, 22443, 71.52, 72, 48.65, 1, 6804
31383, 22444, 71.52, 72, 48.65, 1, 6804
31384, 22444, 71.51, 72, 48.65, 1, 6805
31385, 22445, 71.52, 72, 48.65, 1, 6805
31386, 22445, 71.51, 72, 48.65, 1, 6806
31387, 22446, 71.51, 72, 48.65, 1, 6806
31388, 22447, 71.51, 72, 48.65, 1, 6806
31389, 22447, 71.51, 72, 48.65, 1, 6806
31390, 22448, 71.51, 72, 48.65, 1, 6806
31391, 22449, 71.51, 72, 48.65, 1, 6806
31392, 22450, 71.52, 72, 48.65, 1, 6806
31393, 22451, 71.52, 72, 48.65, 1, 6806
31394, 22451, 71.51, 72, 48.65, 1, 6806
31395, 22452, 71.51, 72, 48.65, 1, 6806
31396, 22452, 71.51, 72, 48.65, 1, 6806
31397, 22453, 71.51, 72, 48.65, 1, 6806
31398, 22454, 71.51, 72, 48.65, 1, 6806
31399, 22454, 71.51, 72, 48.65, 1, 6807
31400, 22454, 71.51, 72, 48.65, 1, 6808
31401, 22455, 71.51, 72, 48.65, 1, 6808
31402, 22456, 71.51, 72, 48.65, 1, 6808
31403, 22457, 71.51, 72, 48.65, 1, 6808
31404, 22458, 71.51, 72, 48.65, 1, 6808
31405, 22459, 71.51, 72, 48.65, 1, 6808
31406, 22460, 71.51, 72, 48.65, 1, 6808
31407, 22461, 71.52, 72, 48.65, 1, 6808
31408, 22462, 71.52, 72, 48.65, 1, 6808
31409, 22463, 71.52, 72, 48.65, 1, 6808
31410, 22464, 71.52, 72, 48.65, 1, 6808
31411, 22465, 71.52, 72, 48.65, 1, 6808
31412, 22465, 71.52, 72, 48.65, 1, 6808
31413, 22466, 71.52, 72, 48.65, 1, 6808
31414, 22467, 71.52, 72, 48.65, 1, 6808
31415, 22468, 71.52, 72, 48.65, 1, 6808
31416, 22468, 71.52, 72, 48.65, 1, 6809
31417, 22469, 71.52, 72, 48.65, 1, 6809
31418, 22470, 71.52, 72, 48.65, 1, 6809
31419, 22471, 71.52, 72, 48.65, 1, 6809
31420, 22472, 71.52, 72, 48.65, 1, 6809
31421, 22472, 71.52, 72, 48.65, 1, 6810
31422, 22473, 71.52, 72, 48.65, 1, 6810
31423, 22474, 71.52, 72, 48.65, 1, 6810
31424, 22475, 71.52, 72, 48.65, 1, 6810
31425, 22475, 71.52, 72, 48.65, 1, 6811
31426, 22476, 71.52, 72, 48.65, 1, 6811
31427, 22477, 71.52, 72, 48.65, 1, 6811
31428, 22478, 71.52, 72, 48.65, 1, 6811
31429, 22479, 71.52, 72, 48.65, 1, 6811
31430, 22480, 71.52, 72, 48.65, 1, 6811
31431, 22481, 71.52, 72, 48.65, 1, 6811
31432, 22482, 71.53, 72, 48.65, 1, 6811
31433, 22482, 71.52, 72, 48.65, 1, 6812
31434, 22482, 71.52, 72, 48.65, 1, 6813
31435, 22483, 71.52, 72, 48.65, 1, 6813
31436, 22484, 71.52, 72, 48.65, 1, 6813
31437, 22484, 71.52, 72, 48.65, 1, 6814
31438, 22484, 71.52, 72, 48.65, 1, 6815
31439, 22484, 71.52, 72, 48.65, 1, 6816
31440, 22485, 71.52, 72, 48.65, 1, 6816
31441, 22485, 71.51, 72, 48.65, 1, 6817
31442, 22485, 71.51, 72, 48.65, 1, 6818
31443, 22486, 71.51, 72, 48.65, 1, 6818
31444, 22487, 71.51, 72, 48.65, 1, 6818
31445, 22488, 71.52, 72, 48.65, 1, 6818
31446, 22488, 71.51, 72, 48.65, 1, 6819
31447, 22489, 71.51, 72, 48.65, 1, 6819
31448, 22489, 71.51, 72, 48.65, 1, 6820
31449, 22489, 71.51, 72, 48.65, 1, 6821
31450, 22490, 71.51, 72, 48.65, 1, 6821
31451, 22490, 71.51, 72, 48.65, 1, 6822
31452, 22491, 71.51, 72, 48.65, 1, 6822
31453, 22491, 71.51, 72, 48.65, 1, 6823
31454, 22491, 71.50, 72, 48.65, 1, 6824
31455, 22492, 71.51, 72, 48.65, 1, 6824
31456, 22493, 71.51, 72, 48.65, 1, 6824
31457, 22493, 71.50, 72, 48.65, 1, 6825
31458, 22494, 71.50, 72, 48.65, 1, 6825
31459, 22495, 71.51, 72, 48.65, 1, 6825
31460, 22495, 71.50, 72, 48.65, 1, 6825
31461, 22496, 71.50, 72, 48.65, 1, 6825
31462, 22497, 71.51, 72, 48.65, 1, 6825
31463, 22498, 71.51, 72, 48.65, 1, 6825
31464, 22499, 71.51, 72, 48.65, 1, 6825
31465, 22500, 71.51, 72, 48.65, 1, 6825
31466, 22500, 71.51, 72, 48.65, 1, 6826
31467, 22501, 71.51, 72, 48.65, 1, 6826
31468, 22502, 71.51, 72, 48.65, 1, 6826
31469, 22503, 71.51, 72, 48.65, 1, 6826
31470, 22503, 71.51, 72, 48.65, 1, 6827
31471, 22504, 71.51, 72, 48.65, 1, 6827
31472, 22505, 71.51, 72, 48.65, 1, 6827
31473, 22506, 71.51, 72, 48.65, 1, 6827
31474, 22506, 71.51, 72, 48.65, 1, 6827
31475, 22507, 71.51, 72, 48.65, 1, 6827
31476, 22508, 71.51, 72, 48.65, 1, 6827
31477, 22508, 71.51, 72, 48.65, 1, 6828
31478, 22508, 71.50, 72, 48.65, 1, 6829
31479, 22509, 71.50, 72, 48.65, 1, 6829
31480, 22510, 71.51, 72, 48.65, 1, 6829
31481, 22511, 71.51, 72, 48.65, 1, 6829
31482, 22511, 71.50, 72, 48.65, 1, 6830
31483, 22512, 71.51, 72, 48.65, 1, 6830
31484, 22512, 71.50, 72, 48.65, 1, 6831
31485, 22513, 71.50, 72, 48.65, 1, 6831
31486, 22514, 71.50, 72, 48.65, 1, 6831
31487, 22515, 71.51, 72, 48.65, 1, 6831
31488, 22516, 71.51, 72, 48.65, 1, 6831
31489, 22516, 71.50, 72, 48.65, 1, 6832
31490, 22517, 71.51, 72, 48.65, 1, 6832
31491, 22518, 71.51, 72, 48.65, 1, 6832
31492, 22519, 71.51, 72, 48.65, 1, 6832
31493, 22520, 71.51, 72, 48.65, 1, 6832
31494, 22520, 71.51, 72, 48.65, 1, 6833
31495, 22521, 71.51, 72, 48.65, 1, 6833
31496, 22522, 71.51, 72, 48.65, 1, 6833
31497, 22523, 71.51, 72, 48.65, 1, 6833
31498, 22524, 71.51, 72, 48.65, 1, 6833
31499, 22525, 71.51, 72, 48.65, 1, 6833
31500, 22525, 71.51, 72, 48.65, 1, 6834
31501, 22526, 71.51, 72, 48.65, 1, 6834
31502, 22527, 71.51, 72, 48.65, 1, 6834
31503, 22528, 71.51, 72, 48.65, 1, 6834
31504, 22529, 71.51, 72, 48.65, 1, 6834
31505, 22530, 71.51, 72, 48.65, 1, 6834
31506, 22530, 71.51, 72, 48.65, 1, 6835
31507, 22530, 71.51, 72, 48.65, 1, 6836
31508, 22531, 71.51, 72, 48.65, 1, 6836
31509, 22532, 71.51, 72, 48.65, 1, 6836
31510, 22533, 71.51, 72, 48.65, 1, 6836
31511, 22534, 71.51, 72, 48.65, 1, 6836
31512, 22534, 71.51, 72, 48.65, 1, 6836
31513, 22534, 71.51, 72, 48.65, 1, 6836
31514, 22535, 71.51, 72, 48.65, 1, 6836
31515, 22536, 71.51, 72, 48.65, 1, 6836
31516, 22537, 71.51, 72, 48.65, 1, 6836
31517, 22538, 71.51, 72, 48.65, 1, 6836
31518, 22539, 71.51, 72, 48.65, 1, 6836
31519, 22540, 71.51, 72, 48.65, 1, 6836
31520, 22541, 71.51, 72, 48.65, 1, 6836
31521, 22541, 71.51, 72, 48.65, 1, 6836
31522, 22542, 71.51, 72, 48.65, 1, 6836
31523, 22543, 71.51, 72, 48.65, 1, 6836
31524, 22544, 71.51, 72, 48.65, 1, 6836
31525, 22545, 71.51, 72, 48.65, 1, 6836
31526, 22546, 71.52, 72, 48.65, 1, 6836
31527, 22547, 71.52, 72, 48.65, 1, 6836
31528, 22548, 71.52, 72, 48.65, 1, 6836
31529, 22548, 71.52, 72, 48.65, 1, 6836
31530, 22549, 71.52, 72, 48.65, 1, 6836
31531, 22550, 71.52, 72, 48.65, 1, 6836
31532, 22551, 71.52, 72, 48.65, 1, 6836
31533, 22551, 71.52, 72, 48.65, 1, 6837
31534, 22552, 71.52, 72, 48.65, 1, 6837
31535, 22553, 71.52, 72, 48.65, 1, 6837
31536, 22554, 71.52, 72, 48.65, 1, 6837
31537, 22555, 71.52, 72, 48.65, 1, 6837
31538, 22556, 71.52, 72, 48.65, 1, 6837
31539, 22557, 71.52, 72, 48.65, 1, 6837
31540, 22558, 71.52, 72, 48.65, 1, 6837
31541, 22559, 71.52, 72, 48.65, 1, 6837
31542, 22559, 71.52, 72, 48.65, 1, 6838
31543, 22560, 71.52, 72, 48.65, 1, 6838
31544, 22560, 71.52, 72, 48.65, 1, 6839
31545, 22561, 71.52, 72, 48.65, 1, 6839
31546, 22561, 71.52, 72, 48.65, 1, 6840
31547, 22562, 71.52, 72, 48.65, 1, 6840
31548, 22562, 71.52, 72, 48.65, 1, 6841
31549, 22563, 71.52, 72, 48.65, 1, 6841
31550, 22564, 71.52, 72, 48.65, 1, 6841
31551, 22565, 71.52, 72, 48.65, 1, 6841
31552, 22566, 71.52, 72, 48.65, 1, 6841
31553, 22567, 71.52, 72, 48.65, 1, 6841
31554, 22568, 71.52, 72, 48.65, 1, 6841
31555, 22568, 71.52, 72, 48.65, 1, 6842
31556, 22569, 71.52, 72, 48.65, 1, 6842
31557, 22569, 71.52, 72, 48.65, 1, 6842
31558, 22570, 71.52, 72, 48.65, 1, 6842
31559, 22570, 71.52, 72, 48.65, 1, 6842
31560, 22571, 71.52, 72, 48.65, 1, 6842
31561, 22571, 71.52, 72, 48.65, 1, 6843
31562, 22571, 71.51, 72, 48.65, 1, 6844
31563, 22572, 71.51, 72, 48.65, 1, 6844
31564, 22573, 71.52, 72, 48.65, 1, 6844
31565, 22574, 71.52, 72, 48.65, 1, 6844
31566, 22575, 71.52, 72, 48.65, 1, 6844
31567, 22575, 71.51, 72, 48.65, 1, 6844
31568, 22576, 71.52, 72, 48.65, 1, 6844
31569, 22577, 71.52, 72, 48.65, 1, 6844
31570, 22578, 71.52, 72, 48.65, 1, 6844
31571, 22578, 71.51, 72, 48.65, 1, 6844
31572, 22579, 71.52, 72, 48.65, 1, 6844
31573, 22580, 71.52, 72, 48.65, 1, 6844
31574, 22581, 71.52, 72, 48.65, 1, 6844
31575, 22582, 71.52, 72, 48.65, 1, 6844
31576, 22583, 71.52, 72, 48.65, 1, 6844
31577, 22584, 71.52, 72, 48.65, 1, 6844
31578, 22585, 71.52, 72, 48.65, 1, 6844
31579, 22585, 71.52, 72, 48.65, 1, 6845
31580, 22586, 71.52, 72, 48.65, 1, 6845
31581, 22587, 71.52, 72, 48.65, 1, 6845
31582, 22588, 71.52, 72, 48.65, 1, 6845
31583, 22589, 71.52, 72, 48.65, 1, 6845
31584, 22590, 71.52, 72, 48.65, 1, 6845
31585, 22590, 71.52, 72, 48.65, 1, 6846
31586, 22590, 71.52, 72, 48.65, 1, 6847
31587, 22591, 71.52, 72, 48.65, 1, 6847
31588, 22592, 71.52, 72, 48.65, 1, 6847
31589, 22593, 71.52, 72, 48.65, 1, 6847
31590, 22593, 71.52, 72, 48.65, 1, 6848
31591, 22594, 71.52, 72, 48.65, 1, 6848
31592, 22595, 71.52, 72, 48.65, 1, 6848
31593, 22595, 71.52, 72, 48.65, 1, 6849
31594, 22595, 71.52, 72, 48.65, 1, 6850
31595, 22596, 71.52, 72, 48.65, 1, 6850
31596, 22597, 71.52, 72, 48.65, 1, 6850
31597, 22597, 71.52, 72, 48.65, 1, 6850
31598, 22598, 71.52, 72, 48.65, 1, 6850
31599, 22599, 71.52, 72, 48.65, 1, 6850
31600, 22600, 71.52, 72, 48.65, 1, 6850
31601, 22601, 71.52, 72, 48.65, 1, 6850
31602, 22601, 71.52, 72, 48.65, 1, 6850
31603, 22602, 71.52, 72, 48.65, 1, 6850
31604, 22603, 71.52, 72, 48.65, 1, 6850
31605, 22603, 71.52, 72, 48.65, 1, 6851
31606, 22604, 71.52, 72, 48.65, 1, 6851
31607, 22605, 71.52, 72, 48.65, 1, 6851
31608, 22606, 71.52, 72, 48.65, 1, 6851
31609, 22606, 71.52, 72, 48.65, 1, 6852
31610, 22606, 71.52, 72, 48.65, 1, 6852
31611, 22606, 71.51, 72, 48.65, 1, 6853
31612, 22607, 71.51, 72, 48.65, 1, 6853
31613, 22607, 71.51, 72, 48.65, 1, 6854
31614, 22608, 71.51, 72, 48.65, 1, 6854
31615, 22609, 71.51, 72, 48.65, 1, 6854
31616, 22610, 71.51, 72, 48.65, 1, 6854
31617, 22611, 71.52, 72, 48.65, 1, 6854
31618, 22612, 71.52, 72, 48.65, 1, 6854
31619, 22613, 71.52, 72, 48.65, 1, 6854
31620, 22614, 71.52, 72, 48.65, 1, 6854
31621, 22615, 71.52, 72, 48.65, 1, 6854
31622, 22616, 71.52, 72, 48.65, 1, 6854
31623, 22616, 71.52, 72, 48.65, 1, 6855
31624, 22617, 71.52, 72, 48.65, 1, 6855
31625, 22618, 71.52, 72, 48.65, 1, 6855
31626, 22619, 71.52, 72, 48.65, 1, 6855
31627, 22619, 71.52, 72, 48.65, 1, 6856
31628, 22619, 71.52, 72, 48.65, 1, 6857
31629, 22620, 71.52, 72, 48.65, 1, 6857
31630, 22621, 71.52, 72, 48.65, 1, 6857
31631, 22622, 71.52, 72, 48.65, 1, 6857
31632, 22622, 71.52, 72, 48.65, 1, 6858
31633, 22623, 71.52, 72, 48.65, 1, 6858
31634, 22624, 71.52, 72, 48.65, 1, 6858
31635, 22625, 71.52, 72, 48.65, 1, 6858
31636, 22625, 71.52, 72, 48.65, 1, 6859
31637, 22626, 71.52, 72, 48.65, 1, 6859
31638, 22626, 71.52, 72, 48.65, 1, 6859
31639, 22627, 71.52, 72, 48.65, 1, 6859
31640, 22627, 71.51, 72, 48.65, 1, 6859
31641, 22628, 71.51, 72, 48.65, 1, 6859
31642, 22628, 71.51, 72, 48.65, 1, 6860
31643, 22629, 71.51, 72, 48.65, 1, 6860
31644, 22630, 71.51, 72, 48.65, 1, 6860
31645, 22631, 71.52, 72, 48.65, 1, 6860
31646, 22632, 71.52, 72, 48.65, 1, 6860
31647, 22632, 71.51, 72, 48.65, 1, 6861
31648, 22632, 71.51, 72, 48.65, 1, 6861
31649, 22632, 71.51, 72, 48.65, 1, 6861
31650, 22633, 71.51, 72, 48.65, 1, 6861
31651, 22634, 71.51, 72, 48.65, 1, 6861
31652, 22635, 71.51, 72, 48.65, 1, 6861
31653, 22636, 71.51, 72, 48.65, 1, 6861
31654, 22637, 71.51, 72, 48.65, 1, 6861
31655, 22638, 71.51, 72, 48.65, 1, 6861
31656, 22639, 71.52, 72, 48.65, 1, 6861
31657, 22640, 71.52, 72, 48.65, 1, 6861
31658, 22640, 71.51, 72, 48.65, 1, 6861
31659, 22641, 71.52, 72, 48.65, 1, 6861
31660, 22642, 71.52, 72, 48.65, 1, 6861
31661, 22643, 71.52, 72, 48.65, 1, 6861
31662, 22644, 71.52, 72, 48.65, 1, 6861
31663, 22644, 71.52, 72, 48.65, 1, 6861
31664, 22644, 71.51, 72, 48.65, 1, 6862
31665, 22645, 71.51, 72, 48.65, 1, 6862
31666, 22646, 71.52, 72, 48.65, 1, 6862
31667, 22647, 71.52, 72, 48.65, 1, 6862
31668, 22648, 71.52, 72, 48.65, 1, 6862
31669, 22649, 71.52, 72, 48.65, 1, 6862
31670, 22649, 71.52, 72, 48.65, 1, 6863
31671, 22650, 71.52, 72, 48.65, 1, 6863
31672, 22651, 71.52, 72, 48.65, 1, 6863
31673, 22652, 71.52, 72, 48.65, 1, 6863
31674, 22653, 71.52, 72, 48.65, 1, 6863
31675, 22654, 71.52, 72, 48.65, 1, 6863
31676, 22655, 71.52, 72, 48.65, 1, 6863
31677, 22656, 71.52, 72, 48.65, 1, 6863
31678, 22657, 71.52, 72, 48.65, 1, 6863
31679, 22658, 71.52, 72, 48.65, 1, 6863
31680, 22659, 71.52, 72, 48.65, 1, 6863
31681, 22660, 71.53, 72, 48.65, 1, 6863
31682, 22661, 71.53, 72, 48.65, 1, 6863
31683, 22662, 71.53, 72, 48.65, 1, 6863
31684, 22662, 71.53, 72, 48.65, 1, 6863
31685, 22663, 71.53, 72, 48.65, 1, 6863
31686, 22664, 71.53, 72, 48.65, 1, 6863
31687, 22665, 71.53, 72, 48.65, 1, 6863
31688, 22666, 71.53, 72, 48.65, 1, 6863
31689, 22667, 71.53, 72, 48.65, 1, 6863
31690, 22667, 71.53, 72, 48.65, 1, 6863
31691, 22667, 71.53, 72, 48.65, 1, 6864
31692, 22668, 71.53, 72, 48.65, 1, 6864
31693, 22669, 71.53, 72, 48.65, 1, 6864
31694, 22669, 71.52, 72, 48.65, 1, 6865
31695, 22670, 71.53, 72, 48.65, 1, 6865
31696, 22670, 71.52, 72, 48.65, 1, 6866
31697, 22671, 71.52, 72, 48.65, 1, 6866
31698, 22672, 71.53, 72, 48.65, 1, 6866
31699, 22672, 71.52, 72, 48.65, 1, 6867
31700, 22672, 71.52, 72, 48.65, 1, 6868
31701, 22673, 71.52, 72, 48.65, 1, 6868
31702, 22674, 71.52, 72, 48.65, 1, 6868
31703, 22675, 71.52, 72, 48.65, 1, 6868
31704, 22676, 71.52, 72, 48.65, 1, 6868
31705, 22677, 71.52, 72, 48.65, 1, 6868
31706, 22678, 71.53, 72, 48.65, 1, 6868
31707, 22679, 71.53, 72, 48.65, 1, 6868
31708, 22680, 71.53, 72, 48.65, 1, 6868
31709, 22681, 71.53, 72, 48.65, 1, 6868
31710, 22682, 71.53, 72, 48.65, 1, 6868
31711, 22683, 71.53, 72, 48.65, 1, 6868
31712, 22684, 71.53, 72, 48.65, 1, 6868
31713, 22685, 71.53, 72, 48.65, 1, 6868
31714, 22686, 71.53, 72, 48.65, 1, 6868
31715, 22687, 71.53, 72, 48.65, 1, 6868
31716, 22688, 71.53, 72, 48.65, 1, 6868
31717, 22688, 71.53, 72, 48.65, 1, 6869
31718, 22689, 71.53, 72, 48.65, 1, 6869
31719, 22690, 71.53, 72, 48.65, 1, 6869
31720, 22691, 71.54, 72, 48.65, 1, 6869
31721, 22692, 71.54, 72, 48.65, 1, 6869
31722, 22692, 71.53, 72, 48.65, 1, 6870
31723, 22693, 71.53, 72, 48.65, 1, 6870
31724, 22693, 71.53, 72, 48.65, 1, 6871
31725, 22694, 71.53, 72, 48.65, 1, 6871
31726, 22695, 71.53, 72, 48.65, 1, 6871
31727, 22696, 71.54, 72, 48.65, 1, 6871
31728, 22696, 71.53, 72, 48.65, 1, 6872
31729, 22697, 71.53, 72, 48.65, 1, 6872
31730, 22698, 71.53, 72, 48.65, 1, 6872
31731, 22699, 71.54, 72, 48.65, 1, 6872
31732, 22699, 71.53, 72, 48.65, 1, 6873
31733, 22699, 71.53, 72, 48.65, 1, 6874
31734, 22700, 71.53, 72, 48.65, 1, 6874
31735, 22701, 71.53, 72, 48.65, 1, 6874
31736, 22701, 71.53, 72, 48.65, 1, 6875
31737, 22702, 71.53, 72, 48.65, 1, 6875
31738, 22702, 71.53, 72, 48.65, 1, 6875
31739, 22703, 71.53, 72, 48.65, 1, 6875
31740, 22704, 71.53, 72, 48.65, 1, 6875
31741, 22705, 71.53, 72, 48.65, 1, 6875
31742, 22706, 71.53, 72, 48.65, 1, 6875
31743, 22707, 71.53, 72, 48.65, 1, 6875
31744, 22708, 71.53, 72, 48.65, 1, 6875
31745, 22709, 71.54, 72, 48.65, 1, 6875
31746, 22710, 71.54, 72, 48.65, 1, 6875
31747, 22711, 71.54, 72, 48.65, 1, 6875
31748, 22712, 71.54, 72, 48.65, 1, 6875
31749, 22713, 71.54, 72, 48.65, 1, 6875
31750, 22714, 71.54, 72, 48.65, 1, 6875
31751, 22715, 71.54, 72, 48.65, 1, 6875
31752, 22716, 71.54, 72, 48.65, 1, 6875
31753, 22717, 71.54, 72, 48.65, 1, 6875
31754, 22718, 71.54, 72, 48.65, 1, 6875
31755, 22719, 71.54, 72, 48.65, 1, 6875
31756, 22720, 71.55, 72, 48.65, 1, 6875
31757, 22721, 71.55, 72, 48.65, 1, 6875
31758, 22722, 71.55, 72, 48.65, 1, 6875
31759, 22723, 71.55, 72, 48.65, 1, 6875
31760, 22724, 71.55, 72, 48.65, 1, 6875
31761, 22725, 71.55, 72, 48.65, 1, 6875
31762, 22726, 71.55, 72, 48.65, 1, 6875
31763, 22727, 71.55, 72, 48.65, 1, 6875
31764, 22728, 71.55, 72, 48.65, 1, 6875
31765, 22729, 71.55, 72, 48.65, 1, 6875
31766, 22730, 71.55, 72, 48.65, 1, 6875
31767, 22731, 71.56, 72, 48.65, 1, 6875
31768, 22731, 71.55, 72, 48.65, 1, 6876
31769, 22732, 71.55, 72, 48.65, 1, 6876
31770, 22733, 71.55, 72, 48.65, 1, 6876
31771, 22734, 71.56, 72, 48.65, 1, 6876
31772, 22735, 71.56, 72, 48.65, 1, 6876
31773, 22736, 71.56, 72, 48.65, 1, 6876
31774, 22737, 71.56, 72, 48.65, 1, 6876
31775, 22738, 71.56, 72, 48.65, 1, 6876
31776, 22739, 71.56, 72, 48.65, 1, 6876
31777, 22740, 71.56, 72, 48.65, 1, 6876
31778, 22741, 71.56, 72, 48.65, 1, 6876
31779, 22742, 71.56, 72, 48.65, 1, 6876
31780, 22743, 71.56, 72, 48.65, 1, 6876
31781, 22744, 71.56, 72, 48.65, 1, 6876
31782, 22745, 71.57, 72, 48.65, 1, 6876
31783, 22746, 71.57, 72, 48.65, 1, 6876
31784, 22747, 71.57, 72, 48.65, 1, 6876
31785, 22747, 71.57, 72, 48.65, 1, 6877
31786, 22748, 71.57, 72, 48.65, 1, 6877
31787, 22749, 71.57, 72, 48.65, 1, 6877
31788, 22750, 71.57, 72, 48.65, 1, 6877
31789, 22751, 71.57, 72, 48.65, 1, 6877
31790, 22752, 71.57, 72, 48.65, 1, 6877
31791, 22752, 71.57, 72, 48.65, 1, 6878
31792, 22752, 71.57, 72, 48.65, 1, 6879
31793, 22753, 71.57, 72, 48.65, 1, 6879
31794, 22754, 71.57, 72, 48.65, 1, 6879
31795, 22755, 71.57, 72, 48.65, 1, 6879
31796, 22756, 71.57, 72, 48.65, 1, 6879
31797, 22757, 71.57, 72, 48.65, 1, 6879
31798, 22758, 71.57, 72, 48.65, 1, 6879
31799, 22759, 71.57, 72, 48.65, 1, 6879
31800, 22759, 71.57, 72, 48.65, 1, 6880
31801, 22759, 71.57, 72, 48.65, 1, 6881
31802, 22760, 71.57, 72, 48.65, 1, 6881
31803, 22760, 71.57, 72, 48.65, 1, 6882
31804, 22761, 71.57, 72, 48.65, 1, 6882
31805, 22762, 71.57, 72, 48.65, 1, 6882
31806, 22763, 71.57, 72, 48.65, 1, 6882
31807, 22764, 71.57, 72, 48.65, 1, 6882
31808, 22765, 71.57, 72, 48.65, 1, 6882
31809, 22765, 71.57, 72, 48.65, 1, 6883
31810, 22766, 71.57, 72, 48.65, 1, 6883
31811, 22766, 71.57, 72, 48.65, 1, 6884
31812, 22767, 71.57, 72, 48.65, 1, 6884
31813, 22767, 71.57, 72, 48.65, 1, 6885
31814, 22768, 71.57, 72, 48.65, 1, 6885
31815, 22769, 71.57, 72, 48.65, 1, 6885
31816, 22769, 71.56, 72, 48.65, 1, 6886
31817, 22770, 71.57, 72, 48.65, 1, 6886
31818, 22771, 71.57, 72, 48.65, 1, 6886
31819, 22771, 71.56, 72, 48.65, 1, 6887
31820, 22771, 71.56, 72, 48.65, 1, 6888
31821, 22772, 71.56, 72, 48.65, 1, 6888
31822, 22773, 71.56, 72, 48.65, 1, 6888
31823, 22774, 71.56, 72, 48.65, 1, 6888
31824, 22775, 71.57, 72, 48.65, 1, 6888
31825, 22776, 71.57, 72, 48.65, 1, 6888
31826, 22776, 71.56, 72, 48.65, 1, 6889
31827, 22777, 71.57, 72, 48.65, 1, 6889
31828, 22778, 71.57, 72, 48.65, 1, 6889
31829, 22778, 71.56, 72, 48.65, 1, 6889
31830, 22779, 71.56, 72, 48.65, 1, 6889
31831, 22780, 71.57, 72, 48.65, 1, 6889
31832, 22781, 71.57, 72, 48.65, 1, 6889
31833, 22782, 71.57, 72, 48.65, 1, 6889
31834, 22782, 71.56, 72, 48.65, 1, 6889
31835, 22783, 71.57, 72, 48.65, 1, 6889
31836, 22784, 71.57, 72, 48.65, 1, 6889
31837, 22784, 71.56, 72, 48.65, 1, 6889
31838, 22785, 71.57, 72, 48.65, 1, 6889
31839, 22786, 71.57, 72, 48.65, 1, 6889
31840, 22787, 71.57, 72, 48.65, 1, 6889
31841, 22787, 71.56, 72, 48.65, 1, 6889
31842, 22788, 71.57, 72, 48.65, 1, 6889
31843, 22789, 71.57, 72, 48.65, 1, 6889
31844, 22789, 71.56, 72, 48.65, 1, 6890
31845, 22790, 71.57, 72, 48.65, 1, 6890
31846, 22791, 71.57, 72, 48.65, 1, 6890
31847, 22791, 71.56, 72, 48.65, 1, 6891
31848, 22791, 71.56, 72, 48.65, 1, 6892
31849, 22792, 71.56, 72, 48.65, 1, 6892
31850, 22793, 71.56, 72, 48.65, 1, 6892
31851, 22793, 71.56, 72, 48.65, 1, 6892
31852, 22793, 71.56, 72, 48.65, 1, 6893
31853, 22794, 71.56, 72, 48.65, 1, 6893
31854, 22795, 71.56, 72, 48.65, 1, 6893
31855, 22795, 71.56, 72, 48.65, 1, 6894
31856, 22796, 71.56, 72, 48.65, 1, 6894
31857, 22797, 71.56, 72, 48.65, 1, 6894
31858, 22798, 71.56, 72, 48.65, 1, 6894
31859, 22799, 71.56, 72, 48.65, 1, 6894
31860, 22800, 71.56, 72, 48.65, 1, 6894
31861, 22801, 71.56, 72, 48.65, 1, 6894
31862, 22802, 71.56, 72, 48.65, 1, 6894
31863, 22803, 71.57, 72, 48.65, 1, 6894
31864, 22804, 71.57, 72, 48.65, 1, 6894
31865, 22805, 71.57, 72, 48.65, 1, 6894
31866, 22806, 71.57, 72, 48.65, 1, 6894
31867, 22807, 71.57, 72, 48.65, 1, 6894
31868, 22807, 71.57, 72, 48.65, 1, 6895
31869, 22807, 71.56, 72, 48.65, 1, 6896
31870, 22808, 71.57, 72, 48.65, 1, 6896
31871, 22809, 71.57, 72, 48.65, 1, 6896
31872, 22810, 71.57, 72, 48.65, 1, 6896
31873, 22811, 71.57, 72, 48.65, 1, 6896
31874, 22811, 71.57, 72, 48.65, 1, 6897
31875, 22812, 71.57, 72, 48.65, 1, 6897
31876, 22813, 71.57, 72, 48.65, 1, 6897
31877, 22813, 71.57, 72, 48.65, 1, 6898
31878, 22814, 71.57, 72, 48.65, 1, 6898
31879, 22815, 71.57, 72, 48.65, 1, 6898
31880, 22815, 71.57, 72, 48.65, 1, 6899
31881, 22815, 71.56, 72, 48.65, 1, 6900
31882, 22816, 71.56, 72, 48.65, 1, 6900
31883, 22817, 71.56, 72, 48.65, 1, 6900
31884, 22818, 71.57, 72, 48.65, 1, 6900
31885, 22819, 71.57, 72, 48.65, 1, 6900
31886, 22820, 71.57, 72, 48.65, 1, 6900
31887, 22820, 71.57, 72, 48.65, 1, 6901
31888, 22821, 71.57, 72, 48.65, 1, 6901
31889, 22821, 71.56, 72, 48.65, 1, 6902
31890, 22822, 71.56, 72, 48.65, 1, 6902
31891, 22823, 71.57, 72, 48.65, 1, 6902
31892, 22824, 71.57, 72, 48.65, 1, 6902
31893, 22825, 71.57, 72, 48.65, 1, 6902
31894, 22826, 71.57, 72, 48.65, 1, 6902
31895, 22826, 71.57, 72, 48.65, 1, 6903
31896, 22827, 71.57, 72, 48.65, 1, 6903
31897, 22828, 71.57, 72, 48.65, 1, 6903
31898, 22829, 71.57, 72, 48.65, 1, 6903
31899, 22830, 71.57, 72, 48.65, 1, 6903
31900, 22831, 71.57, 72, 48.65, 1, 6903
31901, 22832, 71.57, 72, 48.65, 1, 6903
31902, 22832, 71.57, 72, 48.65, 1, 6904
31903, 22832, 71.57, 72, 48.65, 1, 6905
31904, 22833, 71.57, 72, 48.65, 1, 6905
31905, 22834, 71.57, 72, 48.65, 1, 6905
31906, 22835, 71.57, 72, 48.65, 1, 6905
31907, 22835, 71.57, 72, 48.65, 1, 6906
31908, 22836, 71.57, 72, 48.65, 1, 6906
31909, 22837, 71.57, 72, 48.65, 1, 6906
31910, 22837, 71.57, 72, 48.65, 1, 6907
31911, 22838, 71.57, 72, 48.65, 1, 6907
31912, 22839, 71.57, 72, 48.65, 1, 6907
31913, 22839, 71.57, 72, 48.65, 1, 6908
31914, 22840, 71.57, 72, 48.65, 1, 6908
31915, 22841, 71.57, 72, 48.65, 1, 6908
31916, 22842, 71.57, 72, 48.65, 1, 6908
31917, 22843, 71.57, 72, 48.65, 1, 6908
31918, 22843, 71.57, 72, 48.65, 1, 6909
31919, 22844, 71.57, 72, 48.65, 1, 6909
31920, 22845, 71.57, 72, 48.65, 1, 6909
31921, 22846, 71.57, 72, 48.65, 1, 6909
31922, 22846, 71.57, 72, 48.65, 1, 6910
31923, 22847, 71.57, 72, 48.65, 1, 6910
31924, 22847, 71.57, 72, 48.65, 1, 6911
31925, 22848, 71.57, 72, 48.65, 1, 6911
31926, 22849, 71.57, 72, 48.65, 1, 6911
31927, 22849, 71.57, 72, 48.65, 1, 6912
31928, 22850, 71.57, 72, 48.65, 1, 6912
31929, 22851, 71.57, 72, 48.65, 1, 6912
31930, 22851, 71.57, 72, 48.65, 1, 6913
31931, 22852, 71.57, 72, 48.65, 1, 6913
31932, 22853, 71.57, 72, 48.65, 1, 6913
31933, 22854, 71.57, 72, 48.65, 1, 6913
31934, 22855, 71.57, 72, 48.65, 1, 6913
31935, 22855, 71.57, 72, 48.65, 1, 6913
31936, 22855, 71.57, 72, 48.65, 1, 6914
31937, 22855, 71.56, 72, 48.65, 1, 6915
31938, 22856, 71.56, 72, 48.65, 1, 6915
31939, 22856, 71.56, 72, 48.65, 1, 6915
31940, 22857, 71.56, 72, 48.65, 1, 6915
31941, 22858, 71.56, 72, 48.65, 1, 6915
31942, 22859, 71.56, 72, 48.65, 1, 6915
31943, 22860, 71.56, 72, 48.65, 1, 6915
31944, 22860, 71.56, 72, 48.65, 1, 6916
31945, 22860, 71.56, 72, 48.65, 1, 6917
31946, 22861, 71.56, 72, 48.65, 1, 6917
31947, 22862, 71.56, 72, 48.65, 1, 6917
31948, 22863, 71.56, 72, 48.65, 1, 6917
31949, 22864, 71.56, 72, 48.65, 1, 6917
31950, 22865, 71.56, 72, 48.65, 1, 6917
31951, 22866, 71.57, 72, 48.65, 1, 6917
31952, 22866, 71.56, 72, 48.65, 1, 6918
31953, 22866, 71.56, 72, 48.65, 1, 6919
31954, 22867, 71.56, 72, 48.65, 1, 6919
31955, 22868, 71.56, 72, 48.65, 1, 6919
31956, 22868, 71.56, 72, 48.65, 1, 6920
31957, 22869, 71.56, 72, 48.65, 1, 6920
31958, 22870, 71.56, 72, 48.65, 1, 6920
31959, 22870, 71.56, 72, 48.65, 1, 6921
31960, 22870, 71.56, 72, 48.65, 1, 6922
31961, 22871, 71.56, 72, 48.65, 1, 6922
31962, 22872, 71.56, 72, 48.65, 1, 6922
31963, 22873, 71.56, 72, 48.65, 1, 6922
31964, 22874, 71.56, 72, 48.65, 1, 6922
31965, 22875, 71.56, 72, 48.65, 1, 6922
31966, 22876, 71.56, 72, 48.65, 1, 6922
31967, 22877, 71.56, 72, 48.65, 1, 6922
31968, 22878, 71.57, 72, 48.65, 1, 6922
31969, 22879, 71.57, 72, 48.65, 1, 6922
31970, 22880, 71.57, 72, 48.65, 1, 6922
31971, 22881, 71.57, 72, 48.65, 1, 6922
31972, 22881, 71.57, 72, 48.65, 1, 6923
31973, 22881, 71.56, 72, 48.65, 1, 6924
31974, 22882, 71.56, 72, 48.65, 1, 6924
31975, 22883, 71.57, 72, 48.65, 1, 6924
31976, 22884, 71.57, 72, 48.65, 1, 6924
31977, 22884, 71.56, 72, 48.65, 1, 6924
31978, 22884, 71.56, 72, 48.65, 1, 6924
31979, 22884, 71.56, 72, 48.65, 1, 6924
31980, 22884, 71.56, 72, 48.65, 1, 6925
31981, 22885, 71.56, 72, 48.65, 1, 6925
31982, 22886, 71.56, 72, 48.65, 1, 6925
31983, 22886, 71.56, 72, 48.65, 1, 6926
31984, 22887, 71.56, 72, 48.65, 1, 6926
31985, 22888, 71.56, 72, 48.65, 1, 6926
31986, 22889, 71.56, 72, 48.65, 1, 6926
31987, 22889, 71.56, 72, 48.65, 1, 6926
31988, 22890, 71.56, 72, 48.65, 1, 6926
31989, 22890, 71.56, 72, 48.65, 1, 6927
31990, 22891, 71.56, 72, 48.65, 1, 6927
31991, 22891, 71.55, 72, 48.65, 1, 6928
31992, 22892, 71.56, 72, 48.65, 1, 6928
31993, 22892, 71.55, 72, 48.65, 1, 6929
31994, 22893, 71.55, 72, 48.65, 1, 6929
31995, 22893, 71.55, 72, 48.65, 1, 6929
31996, 22894, 71.55, 72, 48.65, 1, 6929
31997, 22894, 71.55, 72, 48.65, 1, 6929
31998, 22895, 71.55, 72, 48.65, 1, 6929
31999, 22896, 71.55, 72, 48.65, 1, 6929
32000, 22897, 71.55, 72, 48.65, 1, 6929
32001, 22898, 71.55, 72, 48.65, 1, 6929
32002, 22898, 71.55, 72, 48.65, 1, 6929
32003, 22899, 71.55, 72, 48.65, 1, 6929
32004, 22899, 71.55, 72, 48.65, 1, 6930
32005, 22900, 71.55, 72, 48.65, 1, 6930
32006, 22901, 71.55, 72, 48.65, 1, 6930
32007, 22902, 71.55, 72, 48.65, 1, 6930
32008, 22903, 71.55, 72, 48.65, 1, 6930
32009, 22903, 71.55, 72, 48.65, 1, 6931
32010, 22904, 71.55, 72, 48.65, 1, 6931
32011, 22904, 71.55, 72, 48.65, 1, 6931
32012, 22904, 71.55, 72, 48.65, 1, 6932
32013, 22905, 71.55, 72, 48.65, 1, 6932
32014, 22906, 71.55, 72, 48.65, 1, 6932
32015, 22907, 71.55, 72, 48.65, 1, 6932
32016, 22907, 71.55, 72, 48.65, 1, 6933
32017, 22907, 71.55, 72, 48.65, 1, 6933
32018, 22908, 71.55, 72, 48.65, 1, 6933
32019, 22909, 71.55, 72, 48.65, 1, 6933
32020, 22910, 71.55, 72, 48.65, 1, 6933
32021, 22911, 71.55, 72, 48.65, 1, 6933
32022, 22912, 71.55, 72, 48.65, 1, 6933
32023, 22913, 71.55, 72, 48.65, 1, 6933
32024, 22914, 71.55, 72, 48.65, 1, 6933
32025, 22915, 71.55, 72, 48.65, 1, 6933
32026, 22916, 71.55, 72, 48.65, 1, 6933
32027, 22917, 71.56, 72, 48.65, 1, 6933
32028, 22918, 71.56, 72, 48.65, 1, 6933
32029, 22919, 71.56, 72, 48.65, 1, 6933
32030, 22919, 71.55, 72, 48.65, 1, 6933
32031, 22920, 71.56, 72, 48.65, 1, 6933
32032, 22921, 71.56, 72, 48.65, 1, 6933
32033, 22921, 71.55, 72, 48.65, 1, 6934
32034, 22922, 71.56, 72, 48.65, 1, 6934
32035, 22923, 71.56, 72, 48.65, 1, 6934
32036, 22924, 71.56, 72, 48.65, 1, 6934
32037, 22925, 71.56, 72, 48.65, 1, 6934
32038, 22926, 71.56, 72, 48.65, 1, 6934
32039, 22927, 71.56, 72, 48.65, 1, 6934
32040, 22928, 71.56, 72, 48.65, 1, 6934
32041, 22929, 71.56, 72, 48.65, 1, 6934
32042, 22930, 71.56, 72, 48.65, 1, 6934
32043, 22931, 71.56, 72, 48.65, 1, 6934
32044, 22932, 71.56, 72, 48.65, 1, 6934
32045, 22933, 71.56, 72, 48.65, 1, 6934
32046, 22933, 71.56, 72, 48.65, 1, 6935
32047, 22933, 71.56, 72, 48.65, 1, 6936
32048, 22934, 71.56, 72, 48.65, 1, 6936
32049, 22935, 71.56, 72, 48.65, 1, 6936
32050, 22936, 71.56, 72, 48.65, 1, 6936
32051, 22937, 71.56, 72, 48.65, 1, 6936
32052, 22938, 71.56, 72, 48.65, 1, 6936
32053, 22939, 71.57, 72, 48.65, 1, 6936
32054, 22940, 71.57, 72, 48.65, 1, 6936
32055, 22940, 71.56, 72, 48.65, 1, 6936
32056, 22940, 71.56, 72, 48.65, 1, 6936
32057, 22941, 71.56, 72, 48.65, 1, 6936
32058, 22941, 71.56, 72, 48.65, 1, 6936
32059, 22942, 71.56, 72, 48.65, 1, 6936
32060, 22943, 71.56, 72, 48.65, 1, 6936
32061, 22943, 71.56, 72, 48.65, 1, 6937
32062, 22943, 71.56, 72, 48.65, 1, 6938
32063, 22944, 71.56, 72, 48.65, 1, 6938
32064, 22945, 71.56, 72, 48.65, 1, 6938
32065, 22945, 71.56, 72, 48.65, 1, 6939
32066, 22946, 71.56, 72, 48.65, 1, 6939
32067, 22947, 71.56, 72, 48.65, 1, 6939
32068, 22948, 71.56, 72, 48.65, 1, 6939
32069, 22948, 71.56, 72, 48.65, 1, 6940
32070, 22949, 71.56, 72, 48.65, 1, 6940
32071, 22950, 71.56, 72, 48.65, 1, 6940
32072, 22950, 71.56, 72, 48.65, 1, 6941
32073, 22950, 71.56, 72, 48.65, 1, 6942
32074, 22951, 71.56, 72, 48.65, 1, 6942
32075, 22952, 71.56, 72, 48.65, 1, 6942
32076, 22953, 71.56, 72, 48.65, 1, 6942
32077, 22953, 71.56, 72, 48.65, 1, 6943
32078, 22953, 71.55, 72, 48.65, 1, 6944
32079, 22953, 71.55, 72, 48.65, 1, 6945
32080, 22954, 71.55, 72, 48.65, 1, 6945
32081, 22955, 71.55, 72, 48.65, 1, 6945
32082, 22956, 71.55, 72, 48.65, 1, 6945
32083, 22956, 71.55, 72, 48.65, 1, 6946
32084, 22957, 71.55, 72, 48.65, 1, 6946
32085, 22958, 71.55, 72, 48.65, 1, 6946
32086, 22959, 71.55, 72, 48.65, 1, 6946
32087, 22959, 71.55, 72, 48.65, 1, 6947
32088, 22960, 71.55, 72, 48.65, 1, 6947
32089, 22961, 71.55, 72, 48.65, 1, 6947
32090, 22961, 71.55, 72, 48.65, 1, 6948
32091, 22961, 71.55, 72, 48.65, 1, 6949
32092, 22961, 71.55, 72, 48.65, 1, 6949
32093, 22962, 71.55, 72, 48.65, 1, 6949
32094, 22963, 71.55, 72, 48.65, 1, 6949
32095, 22963, 71.55, 72, 48.65, 1, 6950
32096, 22964, 71.55, 72, 48.65, 1, 6950
32097, 22964, 71.55, 72, 48.65, 1, 6951
32098, 22965, 71.55, 72, 48.65, 1, 6951
32099, 22965, 71.54, 72, 48.65, 1, 6952
32100, 22966, 71.55, 72, 48.65, 1, 6952
32101, 22966, 71.54, 72, 48.65, 1, 6953
32102, 22967, 71.54, 72, 48.65, 1, 6953
32103, 22967, 71.54, 72, 48.65, 1, 6954
32104, 22967, 71.54, 72, 48.65, 1, 6954
32105, 22967, 71.54, 72, 48.65, 1, 6954
32106, 22967, 71.53, 72, 48.65, 1, 6955
32107, 22968, 71.54, 72, 48.65, 1, 6955
32108, 22968, 71.53, 72, 48.65, 1, 6956
32109, 22968, 71.53, 72, 48.65, 1, 6956
32110, 22969, 71.53, 72, 48.65, 1, 6956
32111, 22969, 71.53, 72, 48.65, 1, 6957
32112, 22970, 71.53, 72, 48.65, 1, 6957
32113, 22970, 71.53, 72, 48.65, 1, 6958
32114, 22971, 71.53, 72, 48.65, 1, 6958
32115, 22972, 71.53, 72, 48.65, 1, 6958
32116, 22973, 71.53, 72, 48.65, 1, 6958
32117, 22974, 71.53, 72, 48.65, 1, 6958
32118, 22974, 71.53, 72, 48.65, 1, 6959
32119, 22975, 71.53, 72, 48.65, 1, 6959
32120, 22975, 71.53, 72, 48.65, 1, 6960
32121, 22975, 71.53, 72, 48.65, 1, 6961
32122, 22976, 71.53, 72, 48.65, 1, 6961
32123, 22976, 71.53, 72, 48.65, 1, 6962
32124, 22976, 71.52, 72, 48.65, 1, 6963
32125, 22976, 71.52, 72, 48.65, 1, 6964
32126, 22977, 71.52, 72, 48.65, 1, 6964
32127, 22978, 71.52, 72, 48.65, 1, 6964
32128, 22979, 71.52, 72, 48.65, 1, 6964
32129, 22980, 71.52, 72, 48.65, 1, 6964
32130, 22981, 71.53, 72, 48.65, 1, 6964
32131, 22982, 71.53, 72, 48.65, 1, 6964
32132, 22983, 71.53, 72, 48.65, 1, 6964
32133, 22983, 71.52, 72, 48.65, 1, 6965
32134, 22983, 71.52, 72, 48.65, 1, 6966
32135, 22984, 71.52, 72, 48.65, 1, 6966
32136, 22984, 71.52, 72, 48.65, 1, 6967
32137, 22985, 71.52, 72, 48.65, 1, 6967
32138, 22986, 71.52, 72, 48.65, 1, 6967
32139, 22987, 71.52, 72, 48.65, 1, 6967
32140, 22988, 71.52, 72, 48.65, 1, 6967
32141, 22989, 71.53, 72, 48.65, 1, 6967
32142, 22989, 71.52, 72, 48.65, 1, 6968
32143, 22990, 71.52, 72, 48.65, 1, 6968
32144, 22991, 71.53, 72, 48.65, 1, 6968
32145, 22992, 71.53, 72, 48.65, 1, 6968
32146, 22993, 71.53, 72, 48.65, 1, 6968
32147, 22993, 71.52, 72, 48.65, 1, 6969
32148, 22994, 71.53, 72, 48.65, 1, 6969
32149, 22995, 71.53, 72, 48.65, 1, 6969
32150, 22995, 71.52, 72, 48.65, 1, 6970
32151, 22996, 71.52, 72, 48.65, 1, 6970
32152, 22997, 71.53, 72, 48.65, 1, 6970
32153, 22998, 71.53, 72, 48.65, 1, 6970
32154, 22999, 71.53, 72, 48.65, 1, 6970
32155, 22999, 71.53, 72, 48.65, 1, 6970
32156, 23000, 71.53, 72, 48.65, 1, 6970
32157, 23001, 71.53, 72, 48.65, 1, 6970
32158, 23002, 71.53, 72, 48.65, 1, 6970
32159, 23003, 71.53, 72, 48.65, 1, 6970
32160, 23003, 71.53, 72, 48.65, 1, 6971
32161, 23003, 71.52, 72, 48.65, 1, 6972
32162, 23004, 71.53, 72, 48.65, 1, 6972
32163, 23005, 71.53, 72, 48.65, 1, 6972
32164, 23005, 71.52, 72, 48.65, 1, 6973
32165, 23005, 71.52, 72, 48.65, 1, 6974
32166, 23006, 71.52, 72, 48.65, 1, 6974
32167, 23007, 71.52, 72, 48.65, 1, 6974
32168, 23008, 71.52, 72, 48.65, 1, 6974
32169, 23008, 71.52, 72, 48.65, 1, 6975
32170, 23009, 71.52, 72, 48.65, 1, 6975
32171, 23010, 71.52, 72, 48.65, 1, 6975
32172, 23011, 71.52, 72, 48.65, 1, 6975
32173, 23012, 71.53, 72, 48.65, 1, 6975
32174, 23013, 71.53, 72, 48.65, 1, 6975
32175, 23014, 71.53, 72, 48.65, 1, 6975
32176, 23014, 71.53, 72, 48.65, 1, 6976
32177, 23014, 71.52, 72, 48.65, 1, 6977
32178, 23014, 71.52, 72, 48.65, 1, 6978
32179, 23014, 71.52, 72, 48.65, 1, 6979
32180, 23015, 71.52, 72, 48.65, 1, 6979
32181, 23016, 71.52, 72, 48.65, 1, 6979
32182, 23017, 71.52, 72, 48.65, 1, 6979
32183, 23017, 71.52, 72, 48.65, 1, 6980
32184, 23017, 71.52, 72, 48.65, 1, 6981
32185, 23018, 71.52, 72, 48.65, 1, 6981
32186, 23019, 71.52, 72, 48.65, 1, 6981
32187, 23020, 71.52, 72, 48.65, 1, 6981
32188, 23021, 71.52, 72, 48.65, 1, 6981
32189, 23022, 71.52, 72, 48.65, 1, 6981
32190, 23023, 71.52, 72, 48.65, 1, 6981
32191, 23024, 71.52, 72, 48.65, 1, 6981
32192, 23025, 71.52, 72, 48.65, 1, 6981
32193, 23026, 71.52, 72, 48.65, 1, 6981
32194, 23027, 71.53, 72, 48.65, 1, 6981
32195, 23028, 71.53, 72, 48.65, 1, 6981
32196, 23028, 71.52, 72, 48.65, 1, 6982
32197, 23029, 71.53, 72, 48.65, 1, 6982
32198, 23030, 71.53, 72, 48.65, 1, 6982
32199, 23031, 71.53, 72, 48.65, 1, 6982
32200, 23032, 71.53, 72, 48.65, 1, 6982
32201, 23033, 71.53, 72, 48.65, 1, 6982
32202, 23034, 71.53, 72, 48.65, 1, 6982
32203, 23035, 71.53, 72, 48.65, 1, 6982
32204, 23036, 71.53, 72, 48.65, 1, 6982
32205, 23037, 71.53, 72, 48.65, 1, 6982
32206, 23038, 71.53, 72, 48.65, 1, 6982
32207, 23039, 71.53, 72, 48.65, 1, 6982
32208, 23040, 71.54, 72, 48.65, 1, 6982
32209, 23041, 71.54, 72, 48.65, 1, 6982
32210, 23041, 71.53, 72, 48.65, 1, 6983
32211, 23042, 71.53, 72, 48.65, 1, 6983
32212, 23042, 71.53, 72, 48.65, 1, 6984
32213, 23043, 71.53, 72, 48.65, 1, 6984
32214, 23044, 71.53, 72, 48.65, 1, 6984
32215, 23044, 71.53, 72, 48.65, 1, 6984
32216, 23044, 71.53, 72, 48.65, 1, 6984
32217, 23044, 71.53, 72, 48.65, 1, 6984
32218, 23045, 71.53, 72, 48.65, 1, 6984
32219, 23045, 71.53, 72, 48.65, 1, 6985
32220, 23045, 71.52, 72, 48.65, 1, 6986
32221, 23046, 71.52, 72, 48.65, 1, 6986
32222, 23047, 71.53, 72, 48.65, 1, 6986
32223, 23048, 71.53, 72, 48.65, 1, 6986
32224, 23049, 71.53, 72, 48.65, 1, 6986
32225, 23050, 71.53, 72, 48.65, 1, 6986
32226, 23051, 71.53, 72, 48.65, 1, 6986
32227, 23052, 71.53, 72, 48.65, 1, 6986
32228, 23052, 71.53, 72, 48.65, 1, 6986
32229, 23053, 71.53, 72, 48.65, 1, 6986
32230, 23053, 71.53, 72, 48.65, 1, 6986
32231, 23054, 71.53, 72, 48.65, 1, 6986
32232, 23055, 71.53, 72, 48.65, 1, 6986
32233, 23055, 71.53, 72, 48.65, 1, 6987
32234, 23055, 71.52, 72, 48.65, 1, 6988
32235, 23055, 71.52, 72, 48.65, 1, 6989
32236, 23055, 71.52, 72, 48.65, 1, 6990
32237, 23056, 71.52, 72, 48.65, 1, 6990
32238, 23057, 71.52, 72, 48.65, 1, 6990
32239, 23057, 71.52, 72, 48.65, 1, 6991
32240, 23058, 71.52, 72, 48.65, 1, 6991
32241, 23059, 71.52, 72, 48.65, 1, 6991
32242, 23060, 71.52, 72, 48.65, 1, 6991
32243, 23061, 71.52, 72, 48.65, 1, 6991
32244, 23062, 71.52, 72, 48.65, 1, 6991
32245, 23063, 71.52, 72, 48.65, 1, 6991
32246, 23064, 71.53, 72, 48.65, 1, 6991
32247, 23065, 71.53, 72, 48.65, 1, 6991
32248, 23066, 71.53, 72, 48.65, 1, 6991
32249, 23067, 71.53, 72, 48.65, 1, 6991
32250, 23067, 71.53, 72, 48.65, 1, 6992
32251, 23068, 71.53, 72, 48.65, 1, 6992
32252, 23069, 71.53, 72, 48.65, 1, 6992
32253, 23069, 71.53, 72, 48.65, 1, 6993
32254, 23070, 71.53, 72, 48.65, 1, 6993
32255, 23071, 71.53, 72, 48.65, 1, 6993
32256, 23071, 71.52, 72, 48.65, 1, 6994
32257, 23072, 71.53, 72, 48.65, 1, 6994
32258, 23073, 71.53, 72, 48.65, 1, 6994
32259, 23073, 71.52, 72, 48.65, 1, 6995
32260, 23074, 71.53, 72, 48.65, 1, 6995
32261, 23075, 71.53, 72, 48.65, 1, 6995
32262, 23076, 71.53, 72, 48.65, 1, 6995
32263, 23077, 71.53, 72, 48.65, 1, 6995
32264, 23077, 71.53, 72, 48.65, 1, 6996
32265, 23078, 71.53, 72, 48.65, 1, 6996
32266, 23079, 71.53, 72, 48.65, 1, 6996
32267, 23080, 71.53, 72, 48.65, 1, 6996
32268, 23081, 71.53, 72, 48.65, 1, 6996
32269, 23082, 71.53, 72, 48.65, 1, 6996
32270, 23082, 71.53, 72, 48.65, 1, 6997
32271, 23083, 71.53, 72, 48.65, 1, 6997
32272, 23083, 71.53, 72, 48.65, 1, 6997
32273, 23084, 71.53, 72, 48.65, 1, 6997
32274, 23085, 71.53, 72, 48.65, 1, 6997
32275, 23086, 71.53, 72, 48.65, 1, 6997
32276, 23087, 71.53, 72, 48.65, 1, 6997
32277, 23088, 71.53, 72, 48.65, 1, 6997
32278, 23089, 71.53, 72, 48.65, 1, 6997
32279, 23089, 71.53, 72, 48.65, 1, 6997
32280, 23090, 71.53, 72, 48.65, 1, 6997
32281, 23091, 71.53, 72, 48.65, 1, 6997
32282, 23092, 71.53, 72, 48.65, 1, 6997
32283, 23093, 71.53, 72, 48.65, 1, 6997
32284, 23094, 71.53, 72, 48.65, 1, 6997
32285, 23095, 71.53, 72, 48.65, 1, 6997
32286, 23095, 71.53, 72, 48.65, 1, 6997
32287, 23095, 71.53, 72, 48.65, 1, 6997
32288, 23096, 71.53, 72, 48.65, 1, 6997
32289, 23097, 71.53, 72, 48.65, 1, 6997
32290, 23098, 71.53, 72, 48.65, 1, 6997
32291, 23099, 71.53, 72, 48.65, 1, 6997
32292, 23100, 71.53, 72, 48.65, 1, 6997
32293, 23100, 71.53, 72, 48.65, 1, 6998
32294, 23100, 71.53, 72, 48.65, 1, 6999
32295, 23101, 71.53, 72, 48.65, 1, 6999
32296, 23102, 71.53, 72, 48.65, 1, 6999
32297, 23103, 71.53, 72, 48.65, 1, 6999
32298, 23104, 71.53, 72, 48.65, 1, 6999
32299, 23104, 71.53, 72, 48.65, 1, 7000
32300, 23104, 71.53, 72, 48.65, 1, 7001
32301, 23105, 71.53, 72, 48.65, 1, 7001
32302, 23105, 71.53, 72, 48.65, 1, 7002
32303, 23106, 71.53, 72, 48.65, 1, 7002
32304, 23107, 71.53, 72, 48.65, 1, 7002
32305, 23108, 71.53, 72, 48.65, 1, 7002
32306, 23108, 71.53, 72, 48.65, 1, 7003
32307, 23109, 71.53, 72, 48.65, 1, 7003
32308, 23110, 71.53, 72, 48.65, 1, 7003
32309, 23111, 71.53, 72, 48.65, 1, 7003
32310, 23112, 71.53, 72, 48.65, 1, 7003
32311, 23113, 71.53, 72, 48.65, 1, 7003
32312, 23113, 71.53, 72, 48.65, 1, 7003
32313, 23114, 71.53, 72, 48.65, 1, 7003
32314, 23115, 71.53, 72, 48.65, 1, 7003
32315, 23115, 71.53, 72, 48.65, 1, 7003
32316, 23116, 71.53, 72, 48.65, 1, 7003
32317, 23117, 71.53, 72, 48.65, 1, 7003
32318, 23118, 71.53, 72, 48.65, 1, 7003
32319, 23119, 71.53, 72, 48.65, 1, 7003
32320, 23120, 71.53, 72, 48.65, 1, 7003
32321, 23120, 71.53, 72, 48.65, 1, 7004
32322, 23121, 71.53, 72, 48.65, 1, 7004
32323, 23122, 71.53, 72, 48.65, 1, 7004
32324, 23123, 71.54, 72, 48.65, 1, 7004
32325, 23123, 71.53, 72, 48.65, 1, 7005
32326, 23124, 71.53, 72, 48.65, 1, 7005
32327, 23125, 71.53, 72, 48.65, 1, 7005
32328, 23126, 71.54, 72, 48.65, 1, 7005
32329, 23126, 71.53, 72, 48.65, 1, 7006
32330, 23126, 71.53, 72, 48.65, 1, 7007
32331, 23127, 71.53, 72, 48.65, 1, 7007
32332, 23127, 71.53, 72, 48.65, 1, 7007
32333, 23127, 71.53, 72, 48.65, 1, 7008
32334, 23127, 71.53, 72, 48.65, 1, 7009
32335, 23127, 71.52, 72, 48.65, 1, 7009
32336, 23128, 71.52, 72, 48.65, 1, 7009
32337, 23128, 71.52, 72, 48.65, 1, 7009
32338, 23129, 71.52, 72, 48.65, 1, 7009
32339, 23130, 71.52, 72, 48.65, 1, 7009
32340, 23131, 71.52, 72, 48.65, 1, 7009
32341, 23132, 71.53, 72, 48.65, 1, 7009
32342, 23133, 71.53, 72, 48.65, 1, 7009
32343, 23133, 71.52, 72, 48.65, 1, 7010
32344, 23134, 71.52, 72, 48.65, 1, 7010
32345, 23134, 71.52, 72, 48.65, 1, 7011
32346, 23134, 71.52, 72, 48.65, 1, 7012
32347, 23135, 71.52, 72, 48.65, 1, 7012
32348, 23136, 71.52, 72, 48.65, 1, 7012
32349, 23137, 71.52, 72, 48.65, 1, 7012
32350, 23137, 71.52, 72, 48.65, 1, 7013
32351, 23137, 71.52, 72, 48.65, 1, 7013
32352, 23137, 71.52, 72, 48.65, 1, 7013
32353, 23137, 71.51, 72, 48.65, 1, 7013
32354, 23138, 71.52, 72, 48.65, 1, 7013
32355, 23139, 71.52, 72, 48.65, 1, 7013
32356, 23140, 71.52, 72, 48.65, 1, 7013
32357, 23141, 71.52, 72, 48.65, 1, 7013
32358, 23141, 71.52, 72, 48.65, 1, 7013
32359, 23142, 71.52, 72, 48.65, 1, 7013
32360, 23143, 71.52, 72, 48.65, 1, 7013
32361, 23144, 71.52, 72, 48.65, 1, 7013
32362, 23145, 71.52, 72, 48.65, 1, 7013
32363, 23146, 71.52, 72, 48.65, 1, 7013
32364, 23147, 71.52, 72, 48.65, 1, 7013
32365, 23148, 71.52, 72, 48.65, 1, 7013
32366, 23149, 71.52, 72, 48.65, 1, 7013
32367, 23150, 71.52, 72, 48.65, 1, 7013
32368, 23151, 71.52, 72, 48.65, 1, 7013
32369, 23151, 71.52, 72, 48.65, 1, 7013
32370, 23152, 71.52, 72, 48.65, 1, 7013
32371, 23152, 71.52, 72, 48.65, 1, 7014
32372, 23152, 71.52, 72, 48.65, 1, 7015
32373, 23152, 71.52, 72, 48.65, 1, 7016
32374, 23153, 71.52, 72, 48.65, 1, 7016
32375, 23153, 71.52, 72, 48.65, 1, 7017
32376, 23154, 71.52, 72, 48.65, 1, 7017
32377, 23155, 71.52, 72, 48.65, 1, 7017
32378, 23156, 71.52, 72, 48.65, 1, 7017
32379, 23157, 71.52, 72, 48.65, 1, 7017
32380, 23158, 71.52, 72, 48.65, 1, 7017
32381, 23158, 71.52, 72, 48.65, 1, 7018
32382, 23159, 71.52, 72, 48.65, 1, 7018
32383, 23160, 71.52, 72, 48.65, 1, 7018
32384, 23161, 71.52, 72, 48.65, 1, 7018
32385, 23162, 71.52, 72, 48.65, 1, 7018
32386, 23163, 71.52, 72, 48.65, 1, 7018
32387, 23164, 71.52, 72, 48.65, 1, 7018
32388, 23165, 71.52, 72, 48.65, 1, 7018
32389, 23166, 71.52, 72, 48.65, 1, 7018
32390, 23166, 71.52, 72, 48.65, 1, 7019
32391, 23167, 71.52, 72, 48.65, 1, 7019
32392, 23167, 71.52, 72, 48.65, 1, 7020
32393, 23168, 71.52, 72, 48.65, 1, 7020
32394, 23169, 71.52, 72, 48.65, 1, 7020
32395, 23170, 71.52, 72, 48.65, 1, 7020
32396, 23171, 71.52, 72, 48.65, 1, 7020
32397, 23172, 71.53, 72, 48.65, 1, 7020
32398, 23173, 71.53, 72, 48.65, 1, 7020
32399, 23174, 71.53, 72, 48.65, 1, 7020
32400, 23175, 71.53, 72, 48.65, 1, 7020
32401, 23176, 71.53, 72, 48.65, 1, 7020
32402, 23177, 71.53, 72, 48.65, 1, 7020
32403, 23178, 71.53, 72, 48.65, 1, 7020
32404, 23179, 71.53, 72, 48.65, 1, 7020
32405, 23179, 71.53, 72, 48.65, 1, 7021
32406, 23180, 71.53, 72, 48.65, 1, 7021
32407, 23181, 71.53, 72, 48.65, 1, 7021
32408, 23182, 71.53, 72, 48.65, 1, 7021
32409, 23182, 71.53, 72, 48.65, 1, 7021
32410, 23183, 71.53, 72, 48.65, 1, 7021
32411, 23183, 71.53, 72, 48.65, 1, 7022
32412, 23184, 71.53, 72, 48.65, 1, 7022
32413, 23185, 71.53, 72, 48.65, 1, 7022
32414, 23186, 71.53, 72, 48.65, 1, 7022
32415, 23187, 71.53, 72, 48.65, 1, 7022
32416, 23188, 71.53, 72, 48.65, 1, 7022
32417, 23189, 71.53, 72, 48.65, 1, 7022
32418, 23189, 71.53, 72, 48.65, 1, 7023
32419, 23190, 71.53, 72, 48.65, 1, 7023
32420, 23190, 71.53, 72, 48.65, 1, 7024
32421, 23190, 71.53, 72, 48.65, 1, 7025
32422, 23191, 71.53, 72, 48.65, 1, 7025
32423, 23191, 71.53, 72, 48.65, 1, 7026
32424, 23192, 71.53, 72, 48.65, 1, 7026
32425, 23192, 71.53, 72, 48.65, 1, 7027
32426, 23193, 71.53, 72, 48.65, 1, 7027
32427, 23193, 71.52, 72, 48.65, 1, 7028
32428, 23194, 71.52, 72, 48.65, 1, 7028
32429, 23195, 71.53, 72, 48.65, 1, 7028
32430, 23196, 71.53, 72, 48.65, 1, 7028
32431, 23197, 71.53, 72, 48.65, 1, 7028
32432, 23198, 71.53, 72, 48.65, 1, 7028
32433, 23199, 71.53, 72, 48.65, 1, 7028
32434, 23199, 71.53, 72, 48.65, 1, 7029
32435, 23200, 71.53, 72, 48.65, 1, 7029
32436, 23201, 71.53, 72, 48.65, 1, 7029
32437, 23202, 71.53, 72, 48.65, 1, 7029
32438, 23202, 71.53, 72, 48.65, 1, 7030
32439, 23203, 71.53, 72, 48.65, 1, 7030
32440, 23204, 71.53, 72, 48.65, 1, 7030
32441, 23205, 71.53, 72, 48.65, 1, 7030
32442, 23206, 71.53, 72, 48.65, 1, 7030
32443, 23207, 71.53, 72, 48.65, 1, 7030
32444, 23208, 71.53, 72, 48.65, 1, 7030
32445, 23209, 71.53, 72, 48.65, 1, 7030
32446, 23209, 71.53, 72, 48.65, 1, 7031
32447, 23210, 71.53, 72, 48.65, 1, 7031
32448, 23210, 71.53, 72, 48.65, 1, 7032
32449, 23211, 71.53, 72, 48.65, 1, 7032
32450, 23212, 71.53, 72, 48.65, 1, 7032
32451, 23213, 71.53, 72, 48.65, 1, 7032
32452, 23213, 71.53, 72, 48.65, 1, 7033
32453, 23214, 71.53, 72, 48.65, 1, 7033
32454, 23215, 71.53, 72, 48.65, 1, 7033
32455, 23216, 71.53, 72, 48.65, 1, 7033
32456, 23217, 71.53, 72, 48.65, 1, 7033
32457, 23218, 71.53, 72, 48.65, 1, 7033
32458, 23219, 71.54, 72, 48.65, 1, 7033
32459, 23220, 71.54, 72, 48.65, 1, 7033
32460, 23221, 71.54, 72, 48.65, 1, 7033
32461, 23222, 71.54, 72, 48.65, 1, 7033
32462, 23223, 71.54, 72, 48.65, 1, 7033
32463, 23224, 71.54, 72, 48.65, 1, 7033
32464, 23225, 71.54, 72, 48.65, 1, 7033
32465, 23225, 71.54, 72, 48.65, 1, 7034
32466, 23225, 71.54, 72, 48.65, 1, 7035
32467, 23226, 71.54, 72, 48.65, 1, 7035
32468, 23227, 71.54, 72, 48.65, 1, 7035
32469, 23228, 71.54, 72, 48.65, 1, 7035
32470, 23229, 71.54, 72, 48.65, 1, 7035
32471, 23230, 71.54, 72, 48.65, 1, 7035
32472, 23230, 71.54, 72, 48.65, 1, 7036
32473, 23231, 71.54, 72, 48.65, 1, 7036
32474, 23231, 71.54, 72, 48.65, 1, 7037
32475, 23232, 71.54, 72, 48.65, 1, 7037
32476, 23233, 71.54, 72, 48.65, 1, 7037
32477, 23234, 71.54, 72, 48.65, 1, 7037
32478, 23235, 71.54, 72, 48.65, 1, 7037
32479, 23235, 71.54, 72, 48.65, 1, 7038
32480, 23235, 71.54, 72, 48.65, 1, 7038
32481, 23235, 71.53, 72, 48.65, 1, 7039
32482, 23236, 71.54, 72, 48.65, 1, 7039
32483, 23237, 71.54, 72, 48.65, 1, 7039
32484, 23238, 71.54, 72, 48.65, 1, 7039
32485, 23238, 71.53, 72, 48.65, 1, 7040
32486, 23238, 71.53, 72, 48.65, 1, 7041
32487, 23238, 71.53, 72, 48.65, 1, 7042
32488, 23239, 71.53, 72, 48.65, 1, 7042
32489, 23239, 71.53, 72, 48.65, 1, 7043
32490, 23240, 71.53, 72, 48.65, 1, 7043
32491, 23241, 71.53, 72, 48.65, 1, 7043
32492, 23241, 71.53, 72, 48.65, 1, 7044
32493, 23242, 71.53, 72, 48.65, 1, 7044
32494, 23243, 71.53, 72, 48.65, 1, 7044
32495, 23244, 71.53, 72, 48.65, 1, 7044
32496, 23245, 71.53, 72, 48.65, 1, 7044
32497, 23246, 71.53, 72, 48.65, 1, 7044
32498, 23246, 71.53, 72, 48.65, 1, 7044
32499, 23246, 71.53, 72, 48.65, 1, 7044
32500, 23247, 71.53, 72, 48.65, 1, 7044
32501, 23248, 71.53, 72, 48.65, 1, 7044
32502, 23249, 71.53, 72, 48.65, 1, 7044
32503, 23250, 71.53, 72, 48.65, 1, 7044
32504, 23251, 71.53, 72, 48.65, 1, 7044
32505, 23251, 71.53, 72, 48.65, 1, 7044
32506, 23252, 71.53, 72, 48.65, 1, 7044
32507, 23253, 71.53, 72, 48.65, 1, 7044
32508, 23253, 71.53, 72, 48.65, 1, 7044
32509, 23253, 71.53, 72, 48.65, 1, 7045
32510, 23254, 71.53, 72, 48.65, 1, 7045
32511, 23255, 71.53, 72, 48.65, 1, 7045
32512, 23255, 71.53, 72, 48.65, 1, 7046
32513, 23256, 71.53, 72, 48.65, 1, 7046
32514, 23257, 71.53, 72, 48.65, 1, 7046
32515, 23258, 71.53, 72, 48.65, 1, 7046
32516, 23259, 71.53, 72, 48.65, 1, 7046
32517, 23260, 71.53, 72, 48.65, 1, 7046
32518, 23260, 71.53, 72, 48.65, 1, 7047
32519, 23261, 71.53, 72, 48.65, 1, 7047
32520, 23262, 71.53, 72, 48.65, 1, 7047
32521, 23262, 71.53, 72, 48.65, 1, 7047
32522, 23263, 71.53, 72, 48.65, 1, 7047
32523, 23264, 71.53, 72, 48.65, 1, 7047
32524, 23265, 71.53, 72, 48.65, 1, 7047
32525, 23266, 71.53, 72, 48.65, 1, 7047
32526, 23267, 71.53, 72, 48.65, 1, 7047
32527, 23268, 71.53, 72, 48.65, 1, 7047
32528, 23269, 71.54, 72, 48.65, 1, 7047
32529, 23270, 71.54, 72, 48.65, 1, 7047
32530, 23271, 71.54, 72, 48.65, 1, 7047
32531, 23271, 71.53, 72, 48.65, 1, 7047
32532, 23272, 71.54, 72, 48.65, 1, 7047
32533, 23273, 71.54, 72, 48.65, 1, 7047
32534, 23273, 71.53, 72, 48.65, 1, 7047
32535, 23274, 71.54, 72, 48.65, 1, 7047
32536, 23274, 71.53, 72, 48.65, 1, 7048
32537, 23274, 71.53, 72, 48.65, 1, 7049
32538, 23275, 71.53, 72, 48.65, 1, 7049
32539, 23275, 71.53, 72, 48.65, 1, 7050
32540, 23276, 71.53, 72, 48.65, 1, 7050
32541, 23276, 71.53, 72, 48.65, 1, 7051
32542, 23277, 71.53, 72, 48.65, 1, 7051
32543, 23278, 71.53, 72, 48.65, 1, 7051
32544, 23279, 71.53, 72, 48.65, 1, 7051
32545, 23279, 71.53, 72, 48.65, 1, 7051
32546, 23279, 71.53, 72, 48.65, 1, 7052
32547, 23280, 71.53, 72, 48.65, 1, 7052
32548, 23281, 71.53, 72, 48.65, 1, 7052
32549, 23282, 71.53, 72, 48.65, 1, 7052
32550, 23283, 71.53, 72, 48.65, 1, 7052
32551, 23284, 71.53, 72, 48.65, 1, 7052
32552, 23284, 71.53, 72, 48.65, 1, 7053
32553, 23285, 71.53, 72, 48.65, 1, 7053
32554, 23285, 71.53, 72, 48.65, 1, 7054
32555, 23286, 71.53, 72, 48.65, 1, 7054
32556, 23287, 71.53, 72, 48.65, 1, 7054
32557, 23288, 71.53, 72, 48.65, 1, 7054
32558, 23289, 71.53, 72, 48.65, 1, 7054
32559, 23290, 71.53, 72, 48.65, 1, 7054
32560, 23291, 71.53, 72, 48.65, 1, 7054
32561, 23292, 71.53, 72, 48.65, 1, 7054
32562, 23293, 71.53, 72, 48.65, 1, 7054
32563, 23294, 71.54, 72, 48.65, 1, 7054
32564, 23294, 71.53, 72, 48.65, 1, 7055
32565, 23295, 71.53, 72, 48.65, 1, 7055
32566, 23295, 71.53, 72, 48.65, 1, 7056
32567, 23296, 71.53, 72, 48.65, 1, 7056
32568, 23296, 71.53, 72, 48.65, 1, 7057
32569, 23297, 71.53, 72, 48.65, 1, 7057
32570, 23297, 71.53, 72, 48.65, 1, 7058
32571, 23298, 71.53, 72, 48.65, 1, 7058
32572, 23299, 71.53, 72, 48.65, 1, 7058
32573, 23300, 71.53, 72, 48.65, 1, 7058
32574, 23301, 71.53, 72, 48.65, 1, 7058
32575, 23302, 71.53, 72, 48.65, 1, 7058
32576, 23302, 71.53, 72, 48.65, 1, 7058
32577, 23302, 71.53, 72, 48.65, 1, 7058
32578, 23303, 71.53, 72, 48.65, 1, 7058
32579, 23304, 71.53, 72, 48.65, 1, 7058
32580, 23305, 71.53, 72, 48.65, 1, 7058
32581, 23305, 71.53, 72, 48.65, 1, 7059
32582, 23306, 71.53, 72, 48.65, 1, 7059
32583, 23307, 71.53, 72, 48.65, 1, 7059
32584, 23308, 71.53, 72, 48.65, 1, 7059
32585, 23309, 71.53, 72, 48.65, 1, 7059
32586, 23310, 71.53, 72, 48.65, 1, 7059
32587, 23311, 71.53, 72, 48.65, 1, 7059
32588, 23312, 71.54, 72, 48.65, 1, 7059
32589, 23313, 71.54, 72, 48.65, 1, 7059
32590, 23314, 71.54, 72, 48.65, 1, 7059
32591, 23315, 71.54, 72, 48.65, 1, 7059
32592, 23315, 71.54, 72, 48.65, 1, 7060
32593, 23315, 71.53, 72, 48.65, 1, 7061
32594, 23316, 71.53, 72, 48.65, 1, 7061
32595, 23317, 71.54, 72, 48.65, 1, 7061
32596, 23318, 71.54, 72, 48.65, 1, 7061
32597, 23319, 71.54, 72, 48.65, 1, 7061
32598, 23320, 71.54, 72, 48.65, 1, 7061
32599, 23320, 71.54, 72, 48.65, 1, 7062
32600, 23321, 71.54, 72, 48.65, 1, 7062
32601, 23322, 71.54, 72, 48.65, 1, 7062
32602, 23323, 71.54, 72, 48.65, 1, 7062
32603, 23324, 71.54, 72, 48.65, 1, 7062
32604, 23324, 71.54, 72, 48.65, 1, 7063
32605, 23325, 71.54, 72, 48.65, 1, 7063
32606, 23325, 71.54, 72, 48.65, 1, 7064
32607, 23325, 71.53, 72, 48.65, 1, 7065
32608, 23325, 71.53, 72, 48.65, 1, 7066
32609, 23326, 71.53, 72, 48.65, 1, 7066
32610, 23326, 71.53, 72, 48.65, 1, 7067
32611, 23326, 71.53, 72, 48.65, 1, 7068
32612, 23327, 71.53, 72, 48.65, 1, 7068
32613, 23327, 71.53, 72, 48.65, 1, 7069
32614, 23328, 71.53, 72, 48.65, 1, 7069
32615, 23328, 71.53, 72, 48.65, 1, 7069
32616, 23329, 71.53, 72, 48.65, 1, 7069
32617, 23330, 71.53, 72, 48.65, 1, 7069
32618, 23331, 71.53, 72, 48.65, 1, 7069
32619, 23331, 71.53, 72, 48.65, 1, 7070
32620, 23331, 71.52, 72, 48.65, 1, 7071
32621, 23332, 71.52, 72, 48.65, 1, 7071
32622, 23332, 71.52, 72, 48.65, 1, 7072
32623, 23333, 71.52, 72, 48.65, 1, 7072
32624, 23334, 71.52, 72, 48.65, 1, 7072
32625, 23335, 71.52, 72, 48.65, 1, 7072
32626, 23336, 71.53, 72, 48.65, 1, 7072
32627, 23337, 71.53, 72, 48.65, 1, 7072
32628, 23337, 71.52, 72, 48.65, 1, 7073
32629, 23338, 71.53, 72, 48.65, 1, 7073
32630, 23339, 71.53, 72, 48.65, 1, 7073
32631, 23340, 71.53, 72, 48.65, 1, 7073
32632, 23341, 71.53, 72, 48.65, 1, 7073
32633, 23342, 71.53, 72, 48.65, 1, 7073
32634, 23343, 71.53, 72, 48.65, 1, 7073
32635, 23344, 71.53, 72, 48.65, 1, 7073
32636, 23345, 71.53, 72, 48.65, 1, 7073
32637, 23346, 71.53, 72, 48.65, 1, 7073
32638, 23346, 71.53, 72, 48.65, 1, 7074
32639, 23346, 71.53, 72, 48.65, 1, 7075
32640, 23347, 71.53, 72, 48.65, 1, 7075
32641, 23348, 71.53, 72, 48.65, 1, 7075
32642, 23349, 71.53, 72, 48.65, 1, 7075
32643, 23350, 71.53, 72, 48.65, 1, 7075
32644, 23351, 71.53, 72, 48.65, 1, 7075
32645, 23352, 71.53, 72, 48.65, 1, 7075
32646, 23353, 71.53, 72, 48.65, 1, 7075
32647, 23354, 71.53, 72, 48.65, 1, 7075
32648, 23355, 71.54, 72, 48.65, 1, 7075
32649, 23356, 71.54, 72, 48.65, 1, 7075
32650, 23357, 71.54, 72, 48.65, 1, 7075
32651, 23358, 71.54, 72, 48.65, 1, 7075
32652, 23358, 71.54, 72, 48.65, 1, 7076
32653, 23359, 71.54, 72, 48.65, 1, 7076
32654, 23359, 71.53, 72, 48.65, 1, 7077
32655, 23360, 71.54, 72, 48.65, 1, 7077
32656, 23361, 71.54, 72, 48.65, 1, 7077
32657, 23362, 71.54, 72, 48.65, 1, 7077
32658, 23362, 71.54, 72, 48.65, 1, 7078
32659, 23362, 71.53, 72, 48.65, 1, 7079
32660, 23363, 71.53, 72, 48.65, 1, 7079
32661, 23364, 71.53, 72, 48.65, 1, 7079
32662, 23365, 71.54, 72, 48.65, 1, 7079
32663, 23365, 71.53, 72, 48.65, 1, 7080
32664, 23365, 71.53, 72, 48.65, 1, 7081
32665, 23365, 71.53, 72, 48.65, 1, 7082
32666, 23366, 71.53, 72, 48.65, 1, 7082
32667, 23366, 71.53, 72, 48.65, 1, 7083
32668, 23367, 71.53, 72, 48.65, 1, 7083
32669, 23367, 71.53, 72, 48.65, 1, 7084
32670, 23368, 71.53, 72, 48.65, 1, 7084
32671, 23369, 71.53, 72, 48.65, 1, 7084
32672, 23369, 71.53, 72, 48.65, 1, 7085
32673, 23370, 71.53, 72, 48.65, 1, 7085
32674, 23371, 71.53, 72, 48.65, 1, 7085
32675, 23371, 71.53, 72, 48.65, 1, 7086
32676, 23372, 71.53, 72, 48.65, 1, 7086
32677, 23373, 71.53, 72, 48.65, 1, 7086
32678, 23374, 71.53, 72, 48.65, 1, 7086
32679, 23375, 71.53, 72, 48.65, 1, 7086
32680, 23375, 71.53, 72, 48.65, 1, 7087
32681, 23376, 71.53, 72, 48.65, 1, 7087
32682, 23377, 71.53, 72, 48.65, 1, 7087
32683, 23378, 71.53, 72, 48.65, 1, 7087
32684, 23378, 71.53, 72, 48.65, 1, 7088
32685, 23379, 71.53, 72, 48.65, 1, 7088
32686, 23380, 71.53, 72, 48.65, 1, 7088
32687, 23381, 71.53, 72, 48.65, 1, 7088
32688, 23381, 71.53, 72, 48.65, 1, 7088
32689, 23381, 71.53, 72, 48.65, 1, 7089
32690, 23382, 71.53, 72, 48.65, 1, 7089
32691, 23383, 71.53, 72, 48.65, 1, 7089
32692, 23384, 71.53, 72, 48.65, 1, 7089
32693, 23385, 71.53, 72, 48.65, 1, 7089
32694, 23386, 71.53, 72, 48.65, 1, 7089
32695, 23387, 71.53, 72, 48.65, 1, 7089
32696, 23388, 71.53, 72, 48.65, 1, 7089
32697, 23388, 71.53, 72, 48.65, 1, 7090
32698, 23388, 71.53, 72, 48.65, 1, 7090
32699, 23388, 71.53, 72, 48.65, 1, 7091
32700, 23389, 71.53, 72, 48.65, 1, 7091
32701, 23390, 71.53, 72, 48.65, 1, 7091
32702, 23391, 71.53, 72, 48.65, 1, 7091
32703, 23391, 71.53, 72, 48.65, 1, 7092
32704, 23391, 71.52, 72, 48.65, 1, 7093
32705, 23392, 71.52, 72, 48.65, 1, 7093
32706, 23393, 71.53, 72, 48.65, 1, 7093
32707, 23394, 71.53, 72, 48.65, 1, 7093
32708, 23395, 71.53, 72, 48.65, 1, 7093
32709, 23396, 71.53, 72, 48.65, 1, 7093
32710, 23396, 71.53, 72, 48.65, 1, 7094
32711, 23397, 71.53, 72, 48.65, 1, 7094
32712, 23397, 71.52, 72, 48.65, 1, 7094
32713, 23398, 71.53, 72, 48.65, 1, 7094
32714, 23398, 71.52, 72, 48.65, 1, 7095
32715, 23398, 71.52, 72, 48.65, 1, 7096
32716, 23399, 71.52, 72, 48.65, 1, 7096
32717, 23400, 71.52, 72, 48.65, 1, 7096
32718, 23401, 71.52, 72, 48.65, 1, 7096
32719, 23402, 71.52, 72, 48.65, 1, 7096
32720, 23403, 71.53, 72, 48.65, 1, 7096
32721, 23403, 71.52, 72, 48.65, 1, 7096
32722, 23403, 71.52, 72, 48.65, 1, 7096
32723, 23403, 71.52, 72, 48.65, 1, 7096
32724, 23404, 71.52, 72, 48.65, 1, 7096
32725, 23404, 71.52, 72, 48.65, 1, 7097
32726, 23404, 71.52, 72, 48.65, 1, 7098
32727, 23405, 71.52, 72, 48.65, 1, 7098
32728, 23406, 71.52, 72, 48.65, 1, 7098
32729, 23407, 71.52, 72, 48.65, 1, 7098
32730, 23408, 71.52, 72, 48.65, 1, 7098
32731, 23409, 71.52, 72, 48.65, 1, 7098
32732, 23410, 71.52, 72, 48.65, 1, 7098
32733, 23411, 71.52, 72, 48.65, 1, 7098
32734, 23412, 71.52, 72, 48.65, 1, 7098
32735, 23413, 71.52, 72, 48.65, 1, 7098
32736, 23414, 71.52, 72, 48.65, 1, 7098
32737, 23415, 71.52, 72, 48.65, 1, 7098
32738, 23416, 71.53, 72, 48.65, 1, 7098
32739, 23417, 71.53, 72, 48.65, 1, 7098
32740, 23418, 71.53, 72, 48.65, 1, 7098
32741, 23418, 71.52, 72, 48.65, 1, 7099
32742, 23419, 71.53, 72, 48.65, 1, 7099
32743, 23419, 71.52, 72, 48.65, 1, 7100
32744, 23420, 71.52, 72, 48.65, 1, 7100
32745, 23420, 71.52, 72, 48.65, 1, 7101
32746, 23420, 71.52, 72, 48.65, 1, 7102
32747, 23421, 71.52, 72, 48.65, 1, 7102
32748, 23422, 71.52, 72, 48.65, 1, 7102
32749, 23422, 71.52, 72, 48.65, 1, 7103
32750, 23423, 71.52, 72, 48.65, 1, 7103
32751, 23424, 71.52, 72, 48.65, 1, 7103
32752, 23425, 71.52, 72, 48.65, 1, 7103
32753, 23426, 71.52, 72, 48.65, 1, 7103
32754, 23427, 71.52, 72, 48.65, 1, 7103
32755, 23428, 71.52, 72, 48.65, 1, 7103
32756, 23429, 71.53, 72, 48.65, 1, 7103
32757, 23430, 71.53, 72, 48.65, 1, 7103
32758, 23431, 71.53, 72, 48.65, 1, 7103
32759, 23432, 71.53, 72, 48.65, 1, 7103
32760, 23432, 71.53, 72, 48.65, 1, 7104
32761, 23433, 71.53, 72, 48.65, 1, 7104
32762, 23434, 71.53, 72, 48.65, 1, 7104
32763, 23435, 71.53, 72, 48.65, 1, 7104
32764, 23436, 71.53, 72, 48.65, 1, 7104
32765, 23437, 71.53, 72, 48.65, 1, 7104
32766, 23437, 71.53, 72, 48.65, 1, 7104
32767, 23438, 71.53, 72, 48.65, 1, 7104
32768, 23439, 71.53, 72, 48.65, 1, 7104
32769, 23440, 71.53, 72, 48.65, 1, 7104
32770, 23441, 71.53, 72, 48.65, 1, 7104
32771, 23441, 71.53, 72, 48.65, 1, 7104
32772, 23441, 71.53, 72, 48.65, 1, 7104
32773, 23442, 71.53, 72, 48.65, 1, 7104
32774, 23443, 71.53, 72, 48.65, 1, 7104
32775, 23444, 71.53, 72, 48.65, 1, 7104
32776, 23445, 71.53, 72, 48.65, 1, 7104
32777, 23446, 71.53, 72, 48.65, 1, 7104
32778, 23447, 71.53, 72, 48.65, 1, 7104
32779, 23448, 71.53, 72, 48.65, 1, 7104
32780, 23449, 71.53, 72, 48.65, 1, 7104
32781, 23450, 71.54, 72, 48.65, 1, 7104
32782, 23450, 71.53, 72, 48.65, 1, 7105
32783, 23451, 71.53, 72, 48.65, 1, 7105
32784, 23452, 71.53, 72, 48.65, 1, 7105
32785, 23453, 71.54, 72, 48.65, 1, 7105
32786, 23454, 71.54, 72, 48.65, 1, 7105
32787, 23454, 71.53, 72, 48.65, 1, 7106
32788, 23455, 71.54, 72, 48.65, 1, 7106
32789, 23456, 71.54, 72, 48.65, 1, 7106
32790, 23457, 71.54, 72, 48.65, 1, 7106
32791, 23458, 71.54, 72, 48.65, 1, 7106
32792, 23459, 71.54, 72, 48.65, 1, 7106
32793, 23460, 71.54, 72, 48.65, 1, 7106
32794, 23460, 71.54, 72, 48.65, 1, 7106
32795, 23461, 71.54, 72, 48.65, 1, 7106
32796, 23462, 71.54, 72, 48.65, 1, 7106
32797, 23463, 71.54, 72, 48.65, 1, 7106
32798, 23463, 71.54, 72, 48.65, 1, 7107
32799, 23463, 71.54, 72, 48.65, 1, 7108
32800, 23464, 71.54, 72, 48.65, 1, 7108
32801, 23464, 71.53, 72, 48.65, 1, 7109
32802, 23465, 71.54, 72, 48.65, 1, 7109
32803, 23466, 71.54, 72, 48.65, 1, 7109
32804, 23466, 71.53, 72, 48.65, 1, 7110
32805, 23467, 71.53, 72, 48.65, 1, 7110
32806, 23468, 71.54, 72, 48.65, 1, 7110
32807, 23469, 71.54, 72, 48.65, 1, 7110
32808, 23470, 71.54, 72, 48.65, 1, 7110
32809, 23471, 71.54, 72, 48.65, 1, 7110
32810, 23472, 71.54, 72, 48.65, 1, 7110
32811, 23473, 71.54, 72, 48.65, 1, 7110
32812, 23474, 71.54, 72, 48.65, 1, 7110
32813, 23475, 71.54, 72, 48.65, 1, 7110
32814, 23475, 71.54, 72, 48.65, 1, 7111
32815, 23476, 71.54, 72, 48.65, 1, 7111
32816, 23476, 71.54, 72, 48.65, 1, 7112
32817, 23477, 71.54, 72, 48.65, 1, 7112
32818, 23478, 71.54, 72, 48.65, 1, 7112
32819, 23479, 71.54, 72, 48.65, 1, 7112
32820, 23480, 71.54, 72, 48.65, 1, 7112
32821, 23480, 71.54, 72, 48.65, 1, 7113
32822, 23481, 71.54, 72, 48.65, 1, 7113
32823, 23481, 71.54, 72, 48.65, 1, 7114
32824, 23482, 71.54, 72, 48.65, 1, 7114
32825, 23483, 71.54, 72, 48.65, 1, 7114
32826, 23484, 71.54, 72, 48.65, 1, 7114
32827, 23485, 71.54, 72, 48.65, 1, 7114
32828, 23486, 71.54, 72, 48.65, 1, 7114
32829, 23487, 71.54, 72, 48.65, 1, 7114
32830, 23487, 71.54, 72, 48.65, 1, 7115
32831, 23488, 71.54, 72, 48.65, 1, 7115
32832, 23489, 71.54, 72, 48.65, 1, 7115
32833, 23490, 71.54, 72, 48.65, 1, 7115
32834, 23490, 71.54, 72, 48.65, 1, 7116
32835, 23491, 71.54, 72, 48.65, 1, 7116
32836, 23492, 71.54, 72, 48.65, 1, 7116
32837, 23493, 71.54, 72, 48.65, 1, 7116
32838, 23493, 71.54, 72, 48.65, 1, 7117
32839, 23494, 71.54, 72, 48.65, 1, 7117
32840, 23495, 71.54, 72, 48.65, 1, 7117
32841, 23495, 71.54, 72, 48.65, 1, 7117
32842, 23496, 71.54, 72, 48.65, 1, 7117
32843, 23497, 71.54, 72, 48.65, 1, 7117
32844, 23497, 71.54, 72, 48.65, 1, 7117
32845, 23498, 71.54, 72, 48.65, 1, 7117
32846, 23499, 71.54, 72, 48.65, 1, 7117
32847, 23500, 71.54, 72, 48.65, 1, 7117
32848, 23501, 71.54, 72, 48.65, 1, 7117
32849, 23501, 71.54, 72, 48.65, 1, 7117
32850, 23502, 71.54, 72, 48.65, 1, 7117
32851, 23503, 71.54, 72, 48.65, 1, 7117
32852, 23504, 71.55, 72, 48.65, 1, 7117
32853, 23505, 71.55, 72, 48.65, 1, 7117
32854, 23505, 71.54, 72, 48.65, 1, 7117
32855, 23505, 71.54, 72, 48.65, 1, 7118
32856, 23506, 71.54, 72, 48.65, 1, 7118
32857, 23506, 71.54, 72, 48.65, 1, 7119
32858, 23507, 71.54, 72, 48.65, 1, 7119
32859, 23508, 71.54, 72, 48.65, 1, 7119
32860, 23509, 71.54, 72, 48.65, 1, 7119
32861, 23510, 71.54, 72, 48.65, 1, 7119
32862, 23510, 71.54, 72, 48.65, 1, 7119
32863, 23511, 71.54, 72, 48.65, 1, 7119
32864, 23512, 71.54, 72, 48.65, 1, 7119
32865, 23513, 71.54, 72, 48.65, 1, 7119
32866, 23514, 71.55, 72, 48.65, 1, 7119
32867, 23515, 71.55, 72, 48.65, 1, 7119
32868, 23516, 71.55, 72, 48.65, 1, 7119
32869, 23517, 71.55, 72, 48.65, 1, 7119
32870, 23518, 71.55, 72, 48.65, 1, 7119
32871, 23518, 71.55, 72, 48.65, 1, 7119
32872, 23519, 71.55, 72, 48.65, 1, 7119
32873, 23520, 71.55, 72, 48.65, 1, 7119
32874, 23521, 71.55, 72, 48.65, 1, 7119
32875, 23522, 71.55, 72, 48.65, 1, 7119
32876, 23523, 71.55, 72, 48.65, 1, 7119
32877, 23524, 71.55, 72, 48.65, 1, 7119
32878, 23525, 71.55, 72, 48.65, 1, 7119
32879, 23526, 71.55, 72, 48.65, 1, 7119
32880, 23527, 71.55, 72, 48.65, 1, 7119
32881, 23528, 71.56, 72, 48.65, 1, 7119
32882, 23529, 71.56, 72, 48.65, 1, 7119
32883, 23529, 71.55, 72, 48.65, 1, 7119
32884, 23529, 71.55, 72, 48.65, 1, 7119
32885, 23530, 71.55, 72, 48.65, 1, 7119
32886, 23530, 71.55, 72, 48.65, 1, 7119
32887, 23531, 71.55, 72, 48.65, 1, 7119
32888, 23532, 71.55, 72, 48.65, 1, 7119
32889, 23532, 71.55, 72, 48.65, 1, 7119
32890, 23533, 71.55, 72, 48.65, 1, 7119
32891, 23534, 71.55, 72, 48.65, 1, 7119
32892, 23534, 71.55, 72, 48.65, 1, 7119
32893, 23535, 71.55, 72, 48.65, 1, 7119
32894, 23536, 71.55, 72, 48.65, 1, 7119
32895, 23537, 71.55, 72, 48.65, 1, 7119
32896, 23538, 71.55, 72, 48.65, 1, 7119
32897, 23539, 71.55, 72, 48.65, 1, 7119
32898, 23540, 71.55, 72, 48.65, 1, 7119
32899, 23541, 71.56, 72, 48.65, 1, 7119
32900, 23542, 71.56, 72, 48.65, 1, 7119
32901, 23543, 71.56, 72, 48.65, 1, 7119
32902, 23544, 71.56, 72, 48.65, 1, 7119
32903, 23545, 71.56, 72, 48.65, 1, 7119
32904, 23546, 71.56, 72, 48.65, 1, 7119
32905, 23546, 71.56, 72, 48.65, 1, 7120
32906, 23547, 71.56, 72, 48.65, 1, 7120
32907, 23547, 71.56, 72, 48.65, 1, 7121
32908, 23548, 71.56, 72, 48.65, 1, 7121
32909, 23549, 71.56, 72, 48.65, 1, 7121
32910, 23550, 71.56, 72, 48.65, 1, 7121
32911, 23551, 71.56, 72, 48.65, 1, 7121
32912, 23552, 71.56, 72, 48.65, 1, 7121
32913, 23553, 71.56, 72, 48.65, 1, 7121
32914, 23554, 71.56, 72, 48.65, 1, 7121
32915, 23555, 71.56, 72, 48.65, 1, 7121
32916, 23556, 71.56, 72, 48.65, 1, 7121
32917, 23557, 71.56, 72, 48.65, 1, 7121
32918, 23558, 71.57, 72, 48.65, 1, 7121
32919, 23559, 71.57, 72, 48.65, 1, 7121
32920, 23560, 71.57, 72, 48.65, 1, 7121
32921, 23561, 71.57, 72, 48.65, 1, 7121
32922, 23562, 71.57, 72, 48.65, 1, 7121
32923, 23563, 71.57, 72, 48.65, 1, 7121
32924, 23564, 71.57, 72, 48.65, 1, 7121
32925, 23564, 71.57, 72, 48.65, 1, 7122
32926, 23565, 71.57, 72, 48.65, 1, 7122
32927, 23565, 71.57, 72, 48.65, 1, 7123
32928, 23566, 71.57, 72, 48.65, 1, 7123
32929, 23567, 71.57, 72, 48.65, 1, 7123
32930, 23568, 71.57, 72, 48.65, 1, 7123
32931, 23569, 71.57, 72, 48.65, 1, 7123
32932, 23569, 71.57, 72, 48.65, 1, 7124
32933, 23570, 71.57, 72, 48.65, 1, 7124
32934, 23571, 71.57, 72, 48.65, 1, 7124
32935, 23571, 71.57, 72, 48.65, 1, 7124
32936, 23571, 71.57, 72, 48.65, 1, 7125
32937, 23572, 71.57, 72, 48.65, 1, 7125
32938, 23572, 71.56, 72, 48.65, 1, 7126
32939, 23572, 71.56, 72, 48.65, 1, 7127
32940, 23573, 71.56, 72, 48.65, 1, 7127
32941, 23574, 71.56, 72, 48.65, 1, 7127
32942, 23574, 71.56, 72, 48.65, 1, 7127
32943, 23574, 71.56, 72, 48.65, 1, 7127
32944, 23575, 71.56, 72, 48.65, 1, 7127
32945, 23576, 71.56, 72, 48.65, 1, 7127
32946, 23577, 71.56, 72, 48.65, 1, 7127
32947, 23578, 71.56, 72, 48.65, 1, 7127
32948, 23578, 71.56, 72, 48.65, 1, 7128
32949, 23578, 71.56, 72, 48.65, 1, 7129
32950, 23579, 71.56, 72, 48.65, 1, 7129
32951, 23580, 71.56, 72, 48.65, 1, 7129
32952, 23581, 71.56, 72, 48.65, 1, 7129
32953, 23582, 71.56, 72, 48.65, 1, 7129
32954, 23583, 71.56, 72, 48.65, 1, 7129
32955, 23583, 71.56, 72, 48.65, 1, 7129
32956, 23584, 71.56, 72, 48.65, 1, 7129
32957, 23585, 71.56, 72, 48.65, 1, 7129
32958, 23586, 71.56, 72, 48.65, 1, 7129
32959, 23586, 71.56, 72, 48.65, 1, 7130
32960, 23587, 71.56, 72, 48.65, 1, 7130
32961, 23587, 71.56, 72, 48.65, 1, 7131
32962, 23587, 71.56, 72, 48.65, 1, 7131
32963, 23588, 71.56, 72, 48.65, 1, 7131
32964, 23589, 71.56, 72, 48.65, 1, 7131
32965, 23589, 71.56, 72, 48.65, 1, 7131
32966, 23589, 71.56, 72, 48.65, 1, 7132
32967, 23590, 71.56, 72, 48.65, 1, 7132
32968, 23590, 71.55, 72, 48.65, 1, 7133
32969, 23590, 71.55, 72, 48.65, 1, 7134
32970, 23591, 71.55, 72, 48.65, 1, 7134
32971, 23591, 71.55, 72, 48.65, 1, 7134
32972, 23592, 71.55, 72, 48.65, 1, 7134
32973, 23593, 71.55, 72, 48.65, 1, 7134
32974, 23593, 71.55, 72, 48.65, 1, 7135
32975, 23593, 71.55, 72, 48.65, 1, 7136
32976, 23593, 71.55, 72, 48.65, 1, 7137
32977, 23593, 71.54, 72, 48.65, 1, 7138
32978, 23594, 71.54, 72, 48.65, 1, 7138
32979, 23595, 71.55, 72, 48.65, 1, 7138
32980, 23596, 71.55, 72, 48.65, 1, 7138
32981, 23597, 71.55, 72, 48.65, 1, 7138
32982, 23598, 71.55, 72, 48.65, 1, 7138
32983, 23599, 71.55, 72, 48.65, 1, 7138
32984, 23600, 71.55, 72, 48.65, 1, 7138
32985, 23601, 71.55, 72, 48.65, 1, 7138
32986, 23602, 71.55, 72, 48.65, 1, 7138
32987, 23603, 71.55, 72, 48.65, 1, 7138
32988, 23604, 71.55, 72, 48.65, 1, 7138
32989, 23604, 71.55, 72, 48.65, 1, 7138
32990, 23605, 71.55, 72, 48.65, 1, 7138
32991, 23605, 71.55, 72, 48.65, 1, 7139
32992, 23606, 71.55, 72, 48.65, 1, 7139
32993, 23606, 71.55, 72, 48.65, 1, 7140
32994, 23607, 71.55, 72, 48.65, 1, 7140
32995, 23607, 71.55, 72, 48.65, 1, 7141
32996, 23608, 71.55, 72, 48.65, 1, 7141
32997, 23609, 71.55, 72, 48.65, 1, 7141
32998, 23610, 71.55, 72, 48.65, 1, 7141
32999, 23611, 71.55, 72, 48.65, 1, 7141
33000, 23612, 71.55, 72, 48.65, 1, 7141
33001, 23613, 71.55, 72, 48.65, 1, 7141
33002, 23614, 71.55, 72, 48.65, 1, 7141
33003, 23615, 71.55, 72, 48.65, 1, 7141
33004, 23615, 71.55, 72, 48.65, 1, 7142
33005, 23616, 71.55, 72, 48.65, 1, 7142
33006, 23617, 71.55, 72, 48.65, 1, 7142
33007, 23618, 71.55, 72, 48.65, 1, 7142
33008, 23619, 71.56, 72, 48.65, 1, 7142
33009, 23620, 71.56, 72, 48.65, 1, 7142
33010, 23621, 71.56, 72, 48.65, 1, 7142
33011, 23621, 71.55, 72, 48.65, 1, 7142
33012, 23621, 71.55, 72, 48.65, 1, 7143
33013, 23621, 71.55, 72, 48.65, 1, 7144
33014, 23622, 71.55, 72, 48.65, 1, 7144
33015, 23623, 71.55, 72, 48.65, 1, 7144
33016, 23624, 71.55, 72, 48.65, 1, 7144
33017, 23625, 71.55, 72, 48.65, 1, 7144
33018, 23626, 71.55, 72, 48.65, 1, 7144
33019, 23627, 71.56, 72, 48.65, 1, 7144
33020, 23628, 71.56, 72, 48.65, 1, 7144
33021, 23628, 71.55, 72, 48.65, 1, 7145
33022, 23628, 71.55, 72, 48.65, 1, 7146
33023, 23629, 71.55, 72, 48.65, 1, 7146
33024, 23630, 71.55, 72, 48.65, 1, 7146
33025, 23631, 71.55, 72, 48.65, 1, 7146
33026, 23632, 71.56, 72, 48.65, 1, 7146
33027, 23633, 71.56, 72, 48.65, 1, 7146
33028, 23634, 71.56, 72, 48.65, 1, 7146
33029, 23634, 71.56, 72, 48.65, 1, 7147
33030, 23634, 71.55, 72, 48.65, 1, 7148
33031, 23635, 71.55, 72, 48.65, 1, 7148
33032, 23636, 71.55, 72, 48.65, 1, 7148
33033, 23636, 71.55, 72, 48.65, 1, 7149
33034, 23636, 71.55, 72, 48.65, 1, 7150
33035, 23636, 71.55, 72, 48.65, 1, 7150
33036, 23637, 71.55, 72, 48.65, 1, 7150
33037, 23638, 71.55, 72, 48.65, 1, 7150
33038, 23638, 71.55, 72, 48.65, 1, 7151
33039, 23638, 71.55, 72, 48.65, 1, 7152
33040, 23639, 71.55, 72, 48.65, 1, 7152
33041, 23639, 71.54, 72, 48.65, 1, 7153
33042, 23640, 71.55, 72, 48.65, 1, 7153
33043, 23640, 71.54, 72, 48.65, 1, 7154
33044, 23641, 71.54, 72, 48.65, 1, 7154
33045, 23642, 71.54, 72, 48.65, 1, 7154
33046, 23643, 71.55, 72, 48.65, 1, 7154
33047, 23644, 71.55, 72, 48.65, 1, 7154
33048, 23645, 71.55, 72, 48.65, 1, 7154
33049, 23645, 71.55, 72, 48.65, 1, 7155
33050, 23646, 71.55, 72, 48.65, 1, 7155
33051, 23647, 71.55, 72, 48.65, 1, 7155
33052, 23648, 71.55, 72, 48.65, 1, 7155
33053, 23648, 71.55, 72, 48.65, 1, 7156
33054, 23649, 71.55, 72, 48.65, 1, 7156
33055, 23649, 71.54, 72, 48.65, 1, 7156
33056, 23649, 71.54, 72, 48.65, 1, 7157
33057, 23650, 71.54, 72, 48.65, 1, 7157
33058, 23651, 71.54, 72, 48.65, 1, 7157
33059, 23652, 71.54, 72, 48.65, 1, 7157
33060, 23653, 71.55, 72, 48.65, 1, 7157
33061, 23654, 71.55, 72, 48.65, 1, 7157
33062, 23655, 71.55, 72, 48.65, 1, 7157
33063, 23655, 71.55, 72, 48.65, 1, 7158
33064, 23655, 71.54, 72, 48.65, 1, 7159
33065, 23656, 71.54, 72, 48.65, 1, 7159
33066, 23657, 71.54, 72, 48.65, 1, 7159
33067, 23657, 71.54, 72, 48.65, 1, 7159
33068, 23658, 71.54, 72, 48.65, 1, 7159
33069, 23659, 71.54, 72, 48.65, 1, 7159
33070, 23660, 71.55, 72, 48.65, 1, 7159
33071, 23660, 71.54, 72, 48.65, 1, 7159
33072, 23661, 71.54, 72, 48.65, 1, 7159
33073, 23662, 71.54, 72, 48.65, 1, 7159
33074, 23663, 71.55, 72, 48.65, 1, 7159
33075, 23664, 71.55, 72, 48.65, 1, 7159
33076, 23665, 71.55, 72, 48.65, 1, 7159
33077, 23666, 71.55, 72, 48.65, 1, 7159
33078, 23666, 71.55, 72, 48.65, 1, 7160
33079, 23666, 71.54, 72, 48.65, 1, 7161
33080, 23666, 71.54, 72, 48.65, 1, 7162
33081, 23666, 71.54, 72, 48.65, 1, 7163
33082, 23667, 71.54, 72, 48.65, 1, 7163
33083, 23668, 71.54, 72, 48.65, 1, 7163
33084, 23669, 71.54, 72, 48.65, 1, 7163
33085, 23670, 71.54, 72, 48.65, 1, 7163
33086, 23671, 71.54, 72, 48.65, 1, 7163
33087, 23672, 71.54, 72, 48.65, 1, 7163
33088, 23672, 71.54, 72, 48.65, 1, 7164
33089, 23673, 71.54, 72, 48.65, 1, 7164
33090, 23673, 71.54, 72, 48.65, 1, 7165
33091, 23674, 71.54, 72, 48.65, 1, 7165
33092, 23675, 71.54, 72, 48.65, 1, 7165
33093, 23676, 71.54, 72, 48.65, 1, 7165
33094, 23677, 71.54, 72, 48.65, 1, 7165
33095, 23678, 71.55, 72, 48.65, 1, 7165
33096, 23678, 71.54, 72, 48.65, 1, 7165
33097, 23679, 71.54, 72, 48.65, 1, 7165
33098, 23680, 71.55, 72, 48.65, 1, 7165
33099, 23681, 71.55, 72, 48.65, 1, 7165
33100, 23682, 71.55, 72, 48.65, 1, 7165
33101, 23682, 71.54, 72, 48.65, 1, 7166
33102, 23683, 71.55, 72, 48.65, 1, 7166
33103, 23683, 71.54, 72, 48.65, 1, 7167
33104, 23684, 71.54, 72, 48.65, 1, 7167
33105, 23684, 71.54, 72, 48.65, 1, 7168
33106, 23684, 71.54, 72, 48.65, 1, 7169
33107, 23685, 71.54, 72, 48.65, 1, 7169
33108, 23686, 71.54, 72, 48.65, 1, 7169
33109, 23687, 71.54, 72, 48.65, 1, 7169
33110, 23688, 71.54, 72, 48.65, 1, 7169
33111, 23689, 71.54, 72, 48.65, 1, 7169
33112, 23690, 71.55, 72, 48.65, 1, 7169
33113, 23691, 71.55, 72, 48.65, 1, 7169
33114, 23691, 71.54, 72, 48.65, 1, 7170
33115, 23692, 71.54, 72, 48.65, 1, 7170
33116, 23693, 71.55, 72, 48.65, 1, 7170
33117, 23694, 71.55, 72, 48.65, 1, 7170
33118, 23695, 71.55, 72, 48.65, 1, 7170
33119, 23696, 71.55, 72, 48.65, 1, 7170
33120, 23697, 71.55, 72, 48.65, 1, 7170
33121, 23698, 71.55, 72, 48.65, 1, 7170
33122, 23698, 71.55, 72, 48.65, 1, 7170
33123, 23698, 71.55, 72, 48.65, 1, 7170
33124, 23699, 71.55, 72, 48.65, 1, 7170
33125, 23699, 71.54, 72, 48.65, 1, 7171
33126, 23700, 71.55, 72, 48.65, 1, 7171
33127, 23701, 71.55, 72, 48.65, 1, 7171
33128, 23702, 71.55, 72, 48.65, 1, 7171
33129, 23702, 71.54, 72, 48.65, 1, 7172
33130, 23703, 71.55, 72, 48.65, 1, 7172
33131, 23703, 71.54, 72, 48.65, 1, 7172
33132, 23704, 71.54, 72, 48.65, 1, 7172
33133, 23705, 71.54, 72, 48.65, 1, 7172
33134, 23706, 71.55, 72, 48.65, 1, 7172
33135, 23707, 71.55, 72, 48.65, 1, 7172
33136, 23707, 71.54, 72, 48.65, 1, 7172
33137, 23707, 71.54, 72, 48.65, 1, 7173
33138, 23708, 71.54, 72, 48.65, 1, 7173
33139, 23709, 71.54, 72, 48.65, 1, 7173
33140, 23710, 71.54, 72, 48.65, 1, 7173
33141, 23710, 71.54, 72, 48.65, 1, 7174
33142, 23711, 71.54, 72, 48.65, 1, 7174
33143, 23712, 71.54, 72, 48.65, 1, 7174
33144, 23713, 71.55, 72, 48.65, 1, 7174
33145, 23714, 71.55, 72, 48.65, 1, 7174
33146, 23715, 71.55, 72, 48.65, 1, 7174
33147, 23715, 71.54, 72, 48.65, 1, 7175
33148, 23715, 71.54, 72, 48.65, 1, 7176
33149, 23716, 71.54, 72, 48.65, 1, 7176
33150, 23717, 71.54, 72, 48.65, 1, 7176
33151, 23717, 71.54, 72, 48.65, 1, 7177
33152, 23717, 71.54, 72, 48.65, 1, 7177
33153, 23718, 71.54, 72, 48.65, 1, 7177
33154, 23718, 71.54, 72, 48.65, 1, 7178
33155, 23719, 71.54, 72, 48.65, 1, 7178
33156, 23720, 71.54, 72, 48.65, 1, 7178
33157, 23721, 71.54, 72, 48.65, 1, 7178
33158, 23722, 71.54, 72, 48.65, 1, 7178
33159, 23723, 71.54, 72, 48.65, 1, 7178
33160, 23724, 71.54, 72, 48.65, 1, 7178
33161, 23724, 71.54, 72, 48.65, 1, 7179
33162, 23725, 71.54, 72, 48.65, 1, 7179
33163, 23725, 71.54, 72, 48.65, 1, 7179
33164, 23726, 71.54, 72, 48.65, 1, 7179
33165, 23727, 71.54, 72, 48.65, 1, 7179
33166, 23728, 71.54, 72, 48.65, 1, 7179
33167, 23728, 71.54, 72, 48.65, 1, 7180
33168, 23728, 71.54, 72, 48.65, 1, 7181
33169, 23729, 71.54, 72, 48.65, 1, 7181
33170, 23730, 71.54, 72, 48.65, 1, 7181
33171, 23730, 71.54, 72, 48.65, 1, 7182
33172, 23731, 71.54, 72, 48.65, 1, 7182
33173, 23732, 71.54, 72, 48.65, 1, 7182
33174, 23732, 71.54, 72, 48.65, 1, 7183
33175, 23733, 71.54, 72, 48.65, 1, 7183
33176, 23733, 71.54, 72, 48.65, 1, 7184
33177, 23734, 71.54, 72, 48.65, 1, 7184
33178, 23735, 71.54, 72, 48.65, 1, 7184
33179, 23736, 71.54, 72, 48.65, 1, 7184
33180, 23736, 71.54, 72, 48.65, 1, 7184
33181, 23736, 71.53, 72, 48.65, 1, 7184
33182, 23736, 71.53, 72, 48.65, 1, 7184
33183, 23736, 71.53, 72, 48.65, 1, 7184
33184, 23737, 71.53, 72, 48.65, 1, 7184
33185, 23738, 71.53, 72, 48.65, 1, 7184
33186, 23739, 71.53, 72, 48.65, 1, 7184
33187, 23740, 71.53, 72, 48.65, 1, 7184
33188, 23741, 71.53, 72, 48.65, 1, 7184
33189, 23742, 71.54, 72, 48.65, 1, 7184
33190, 23742, 71.53, 72, 48.65, 1, 7184
33191, 23743, 71.53, 72, 48.65, 1, 7184
33192, 23744, 71.54, 72, 48.65, 1, 7184
33193, 23744, 71.53, 72, 48.65, 1, 7185
33194, 23745, 71.53, 72, 48.65, 1, 7185
33195, 23746, 71.53, 72, 48.65, 1, 7185
33196, 23747, 71.54, 72, 48.65, 1, 7185
33197, 23748, 71.54, 72, 48.65, 1, 7185
33198, 23749, 71.54, 72, 48.65, 1, 7185
33199, 23750, 71.54, 72, 48.65, 1, 7185
33200, 23750, 71.54, 72, 48.65, 1, 7186
33201, 23750, 71.53, 72, 48.65, 1, 7187
33202, 23751, 71.53, 72, 48.65, 1, 7187
33203, 23752, 71.54, 72, 48.65, 1, 7187
33204, 23753, 71.54, 72, 48.65, 1, 7187
33205, 23753, 71.53, 72, 48.65, 1, 7187
33206, 23754, 71.54, 72, 48.65, 1, 7187
33207, 23754, 71.53, 72, 48.65, 1, 7188
33208, 23755, 71.53, 72, 48.65, 1, 7188
33209, 23756, 71.53, 72, 48.65, 1, 7188
33210, 23756, 71.53, 72, 48.65, 1, 7189
33211, 23757, 71.53, 72, 48.65, 1, 7189
33212, 23758, 71.53, 72, 48.65, 1, 7189
33213, 23759, 71.54, 72, 48.65, 1, 7189
33214, 23760, 71.54, 72, 48.65, 1, 7189
33215, 23761, 71.54, 72, 48.65, 1, 7189
33216, 23762, 71.54, 72, 48.65, 1, 7189
33217, 23763, 71.54, 72, 48.65, 1, 7189
33218, 23764, 71.54, 72, 48.65, 1, 7189
33219, 23765, 71.54, 72, 48.65, 1, 7189
33220, 23766, 71.54, 72, 48.65, 1, 7189
33221, 23767, 71.54, 72, 48.65, 1, 7189
33222, 23768, 71.54, 72, 48.65, 1, 7189
33223, 23769, 71.54, 72, 48.65, 1, 7189
33224, 23769, 71.54, 72, 48.65, 1, 7190
33225, 23770, 71.54, 72, 48.65, 1, 7190
33226, 23771, 71.54, 72, 48.65, 1, 7190
33227, 23772, 71.54, 72, 48.65, 1, 7190
33228, 23773, 71.55, 72, 48.65, 1, 7190
33229, 23774, 71.55, 72, 48.65, 1, 7190
33230, 23775, 71.55, 72, 48.65, 1, 7190
33231, 23776, 71.55, 72, 48.65, 1, 7190
33232, 23777, 71.55, 72, 48.65, 1, 7190
33233, 23778, 71.55, 72, 48.65, 1, 7190
33234, 23779, 71.55, 72, 48.65, 1, 7190
33235, 23779, 71.55, 72, 48.65, 1, 7191
33236, 23780, 71.55, 72, 48.65, 1, 7191
33237, 23781, 71.55, 72, 48.65, 1, 7191
33238, 23782, 71.55, 72, 48.65, 1, 7191
33239, 23783, 71.55, 72, 48.65, 1, 7191
33240, 23784, 71.55, 72, 48.65, 1, 7191
33241, 23784, 71.55, 72, 48.65, 1, 7192
33242, 23785, 71.55, 72, 48.65, 1, 7192
33243, 23785, 71.55, 72, 48.65, 1, 7192
33244, 23786, 71.55, 72, 48.65, 1, 7192
33245, 23787, 71.55, 72, 48.65, 1, 7192
33246, 23788, 71.55, 72, 48.65, 1, 7192
33247, 23789, 71.55, 72, 48.65, 1, 7192
33248, 23790, 71.55, 72, 48.65, 1, 7192
33249, 23791, 71.55, 72, 48.65, 1, 7192
33250, 23791, 71.55, 72, 48.65, 1, 7193
33251, 23792, 71.55, 72, 48.65, 1, 7193
33252, 23793, 71.55, 72, 48.65, 1, 7193
33253, 23793, 71.55, 72, 48.65, 1, 7194
33254, 23794, 71.55, 72, 48.65, 1, 7194
33255, 23794, 71.55, 72, 48.65, 1, 7195
33256, 23794, 71.55, 72, 48.65, 1, 7195
33257, 23795, 71.55, 72, 48.65, 1, 7195
33258, 23795, 71.55, 72, 48.65, 1, 7196
33259, 23796, 71.55, 72, 48.65, 1, 7196
33260, 23797, 71.55, 72, 48.65, 1, 7196
33261, 23797, 71.55, 72, 48.65, 1, 7197
33262, 23797, 71.54, 72, 48.65, 1, 7198
33263, 23797, 71.54, 72, 48.65, 1, 7199
33264, 23798, 71.54, 72, 48.65, 1, 7199
33265, 23798, 71.54, 72, 48.65, 1, 7200
33266, 23799, 71.54, 72, 48.65, 1, 7200
33267, 23800, 71.54, 72, 48.65, 1, 7200
33268, 23800, 71.54, 72, 48.65, 1, 7201
33269, 23801, 71.54, 72, 48.65, 1, 7201
33270, 23802, 71.54, 72, 48.65, 1, 7201
33271, 23802, 71.54, 72, 48.65, 1, 7202
33272, 23803, 71.54, 72, 48.65, 1, 7202
33273, 23804, 71.54, 72, 48.65, 1, 7202
33274, 23805, 71.54, 72, 48.65, 1, 7202
33275, 23806, 71.54, 72, 48.65, 1, 7202
33276, 23807, 71.54, 72, 48.65, 1, 7202
33277, 23808, 71.54, 72, 48.65, 1, 7202
33278, 23809, 71.55, 72, 48.65, 1, 7202
33279, 23809, 71.54, 72, 48.65, 1, 7203
33280, 23810, 71.54, 72, 48.65, 1, 7203
33281, 23810, 71.54, 72, 48.65, 1, 7204
33282, 23810, 71.54, 72, 48.65, 1, 7205
33283, 23810, 71.54, 72, 48.65, 1, 7206
33284, 23811, 71.54, 72, 48.65, 1, 7206
33285, 23811, 71.54, 72, 48.65, 1, 7207
33286, 23812, 71.54, 72, 48.65, 1, 7207
33287, 23813, 71.54, 72, 48.65, 1, 7207
33288, 23814, 71.54, 72, 48.65, 1, 7207
33289, 23814, 71.54, 72, 48.65, 1, 7208
33290, 23815, 71.54, 72, 48.65, 1, 7208
33291, 23815, 71.54, 72, 48.65, 1, 7209
33292, 23816, 71.54, 72, 48.65, 1, 7209
33293, 23817, 71.54, 72, 48.65, 1, 7209
33294, 23818, 71.54, 72, 48.65, 1, 7209
33295, 23819, 71.54, 72, 48.65, 1, 7209
33296, 23820, 71.54, 72, 48.65, 1, 7209
33297, 23821, 71.54, 72, 48.65, 1, 7209
33298, 23822, 71.54, 72, 48.65, 1, 7209
33299, 23823, 71.54, 72, 48.65, 1, 7209
33300, 23824, 71.54, 72, 48.65, 1, 7209
33301, 23824, 71.54, 72, 48.65, 1, 7210
33302, 23825, 71.54, 72, 48.65, 1, 7210
33303, 23826, 71.54, 72, 48.65, 1, 7210
33304, 23826, 71.54, 72, 48.65, 1, 7211
33305, 23827, 71.54, 72, 48.65, 1, 7211
33306, 23828, 71.54, 72, 48.65, 1, 7211
33307, 23829, 71.54, 72, 48.65, 1, 7211
33308, 23830, 71.54, 72, 48.65, 1, 7211
33309, 23831, 71.55, 72, 48.65, 1, 7211
33310, 23831, 71.54, 72, 48.65, 1, 7212
33311, 23831, 71.54, 72, 48.65, 1, 7213
33312, 23832, 71.54, 72, 48.65, 1, 7213
33313, 23833, 71.54, 72, 48.65, 1, 7213
33314, 23834, 71.54, 72, 48.65, 1, 7213
33315, 23835, 71.54, 72, 48.65, 1, 7213
33316, 23836, 71.55, 72, 48.65, 1, 7213
33317, 23837, 71.55, 72, 48.65, 1, 7213
33318, 23838, 71.55, 72, 48.65, 1, 7213
33319, 23838, 71.54, 72, 48.65, 1, 7213
33320, 23839, 71.55, 72, 48.65, 1, 7213
33321, 23840, 71.55, 72, 48.65, 1, 7213
33322, 23841, 71.55, 72, 48.65, 1, 7213
33323, 23842, 71.55, 72, 48.65, 1, 7213
33324, 23842, 71.55, 72, 48.65, 1, 7214
33325, 23843, 71.55, 72, 48.65, 1, 7214
33326, 23844, 71.55, 72, 48.65, 1, 7214
33327, 23845, 71.55, 72, 48.65, 1, 7214
33328, 23846, 71.55, 72, 48.65, 1, 7214
33329, 23846, 71.55, 72, 48.65, 1, 7215
33330, 23847, 71.55, 72, 48.65, 1, 7215
33331, 23848, 71.55, 72, 48.65, 1, 7215
33332, 23848, 71.55, 72, 48.65, 1, 7216
33333, 23848, 71.54, 72, 48.65, 1, 7216
33334, 23849, 71.55, 72, 48.65, 1, 7216
33335, 23850, 71.55, 72, 48.65, 1, 7216
33336, 23851, 71.55, 72, 48.65, 1, 7216
33337, 23852, 71.55, 72, 48.65, 1, 7216
33338, 23852, 71.55, 72, 48.65, 1, 7216
33339, 23853, 71.55, 72, 48.65, 1, 7216
33340, 23854, 71.55, 72, 48.65, 1, 7216
33341, 23854, 71.55, 72, 48.65, 1, 7217
33342, 23855, 71.55, 72, 48.65, 1, 7217
33343, 23855, 71.54, 72, 48.65, 1, 7218
33344, 23856, 71.55, 72, 48.65, 1, 7218
33345, 23857, 71.55, 72, 48.65, 1, 7218
33346, 23857, 71.54, 72, 48.65, 1, 7219
33347, 23858, 71.54, 72, 48.65, 1, 7219
33348, 23858, 71.54, 72, 48.65, 1, 7220
33349, 23859, 71.54, 72, 48.65, 1, 7220
33350, 23860, 71.54, 72, 48.65, 1, 7220
33351, 23861, 71.55, 72, 48.65, 1, 7220
33352, 23861, 71.54, 72, 48.65, 1, 7221
33353, 23862, 71.54, 72, 48.65, 1, 7221
33354, 23863, 71.54, 72, 48.65, 1, 7221
33355, 23864, 71.55, 72, 48.65, 1, 7221
33356, 23865, 71.55, 72, 48.65, 1, 7221
33357, 23866, 71.55, 72, 48.65, 1, 7221
33358, 23867, 71.55, 72, 48.65, 1, 7221
33359, 23867, 71.55, 72, 48.65, 1, 7222
33360, 23868, 71.55, 72, 48.65, 1, 7222
33361, 23869, 71.55, 72, 48.65, 1, 7222
33362, 23869, 71.55, 72, 48.65, 1, 7223
33363, 23869, 71.54, 72, 48.65, 1, 7224
33364, 23869, 71.54, 72, 48.65, 1, 7225
33365, 23870, 71.54, 72, 48.65, 1, 7225
33366, 23870, 71.54, 72, 48.65, 1, 7225
33367, 23870, 71.54, 72, 48.65, 1, 7225
33368, 23871, 71.54, 72, 48.65, 1, 7225
33369, 23872, 71.54, 72, 48.65, 1, 7225
33370, 23872, 71.54, 72, 48.65, 1, 7226
33371, 23873, 71.54, 72, 48.65, 1, 7226
33372, 23874, 71.54, 72, 48.65, 1, 7226
33373, 23874, 71.54, 72, 48.65, 1, 7227
33374, 23875, 71.54, 72, 48.65, 1, 7227
33375, 23876, 71.54, 72, 48.65, 1, 7227
33376, 23877, 71.54, 72, 48.65, 1, 7227
33377, 23878, 71.54, 72, 48.65, 1, 7227
33378, 23879, 71.54, 72, 48.65, 1, 7227
33379, 23879, 71.54, 72, 48.65, 1, 7228
33380, 23879, 71.54, 72, 48.65, 1, 7229
33381, 23880, 71.54, 72, 48.65, 1, 7229
33382, 23881, 71.54, 72, 48.65, 1, 7229
33383, 23882, 71.54, 72, 48.65, 1, 7229
33384, 23883, 71.54, 72, 48.65, 1, 7229
33385, 23883, 71.54, 72, 48.65, 1, 7230
33386, 23884, 71.54, 72, 48.65, 1, 7230
33387, 23884, 71.54, 72, 48.65, 1, 7231
33388, 23885, 71.54, 72, 48.65, 1, 7231
33389, 23885, 71.54, 72, 48.65, 1, 7232
33390, 23886, 71.54, 72, 48.65, 1, 7232
33391, 23887, 71.54, 72, 48.65, 1, 7232
33392, 23887, 71.54, 72, 48.65, 1, 7232
33393, 23888, 71.54, 72, 48.65, 1, 7232
33394, 23889, 71.54, 72, 48.65, 1, 7232
33395, 23890, 71.54, 72, 48.65, 1, 7232
33396, 23891, 71.54, 72, 48.65, 1, 7232
33397, 23892, 71.54, 72, 48.65, 1, 7232
33398, 23893, 71.54, 72, 48.65, 1, 7232
33399, 23894, 71.54, 72, 48.65, 1, 7232
33400, 23895, 71.54, 72, 48.65, 1, 7232
33401, 23895, 71.54, 72, 48.65, 1, 7232
33402, 23895, 71.54, 72, 48.65, 1, 7232
33403, 23896, 71.54, 72, 48.65, 1, 7232
33404, 23897, 71.54, 72, 48.65, 1, 7232
33405, 23898, 71.54, 72, 48.65, 1, 7232
33406, 23898, 71.54, 72, 48.65, 1, 7233
33407, 23899, 71.54, 72, 48.65, 1, 7233
33408, 23900, 71.54, 72, 48.65, 1, 7233
33409, 23901, 71.54, 72, 48.65, 1, 7233
33410, 23902, 71.54, 72, 48.65, 1, 7233
33411, 23903, 71.54, 72, 48.65, 1, 7233
33412, 23904, 71.54, 72, 48.65, 1, 7233
33413, 23904, 71.54, 72, 48.65, 1, 7234
33414, 23904, 71.54, 72, 48.65, 1, 7234
33415, 23904, 71.54, 72, 48.65, 1, 7235
33416, 23905, 71.54, 72, 48.65, 1, 7235
33417, 23906, 71.54, 72, 48.65, 1, 7235
33418, 23907, 71.54, 72, 48.65, 1, 7235
33419, 23908, 71.54, 72, 48.65, 1, 7235
33420, 23909, 71.54, 72, 48.65, 1, 7235
33421, 23909, 71.54, 72, 48.65, 1, 7236
33422, 23910, 71.54, 72, 48.65, 1, 7236
33423, 23911, 71.54, 72, 48.65, 1, 7236
33424, 23912, 71.54, 72, 48.65, 1, 7236
33425, 23913, 71.54, 72, 48.65, 1, 7236
33426, 23914, 71.54, 72, 48.65, 1, 7236
33427, 23915, 71.54, 72, 48.65, 1, 7236
33428, 23916, 71.54, 72, 48.65, 1, 7236
33429, 23917, 71.55, 72, 48.65, 1, 7236
33430, 23917, 71.54, 72, 48.65, 1, 7237
33431, 23918, 71.54, 72, 48.65, 1, 7237
33432, 23919, 71.55, 72, 48.65, 1, 7237
33433, 23920, 71.55, 72, 48.65, 1, 7237
33434, 23921, 71.55, 72, 48.65, 1, 7237
33435, 23922, 71.55, 72, 48.65, 1, 7237
33436, 23923, 71.55, 72, 48.65, 1, 7237
33437, 23924, 71.55, 72, 48.65, 1, 7237
33438, 23925, 71.55, 72, 48.65, 1, 7237
33439, 23926, 71.55, 72, 48.65, 1, 7237
33440, 23926, 71.55, 72, 48.65, 1, 7237
33441, 23926, 71.55, 72, 48.65, 1, 7237
33442, 23926, 71.54, 72, 48.65, 1, 7237
33443, 23926, 71.54, 72, 48.65, 1, 7237
33444, 23926, 71.54, 72, 48.65, 1, 7237
33445, 23927, 71.54, 72, 48.65, 1, 7237
33446, 23927, 71.54, 72, 48.65, 1, 7238
33447, 23927, 71.54, 72, 48.65, 1, 7239
33448, 23927, 71.53, 72, 48.65, 1, 7240
33449, 23928, 71.54, 72, 48.65, 1, 7240
33450, 23928, 71.53, 72, 48.65, 1, 7241
33451, 23929, 71.53, 72, 48.65, 1, 7241
33452, 23930, 71.54, 72, 48.65, 1, 7241
33453, 23931, 71.54, 72, 48.65, 1, 7241
33454, 23932, 71.54, 72, 48.65, 1, 7241
33455, 23933, 71.54, 72, 48.65, 1, 7241
33456, 23933, 71.54, 72, 48.65, 1, 7242
33457, 23934, 71.54, 72, 48.65, 1, 7242
33458, 23935, 71.54, 72, 48.65, 1, 7242
33459, 23936, 71.54, 72, 48.65, 1, 7242
33460, 23936, 71.54, 72, 48.65, 1, 7243
33461, 23937, 71.54, 72, 48.65, 1, 7243
33462, 23937, 71.53, 72, 48.65, 1, 7243
33463, 23937, 71.53, 72, 48.65, 1, 7244
33464, 23938, 71.53, 72, 48.65, 1, 7244
33465, 23939, 71.53, 72, 48.65, 1, 7244
33466, 23939, 71.53, 72, 48.65, 1, 7245
33467, 23939, 71.53, 72, 48.65, 1, 7246
33468, 23940, 71.53, 72, 48.65, 1, 7246
33469, 23941, 71.53, 72, 48.65, 1, 7246
33470, 23942, 71.53, 72, 48.65, 1, 7246
33471, 23943, 71.53, 72, 48.65, 1, 7246
33472, 23944, 71.53, 72, 48.65, 1, 7246
33473, 23944, 71.53, 72, 48.65, 1, 7246
33474, 23945, 71.53, 72, 48.65, 1, 7246
33475, 23946, 71.53, 72, 48.65, 1, 7246
33476, 23946, 71.53, 72, 48.65, 1, 7247
33477, 23947, 71.53, 72, 48.65, 1, 7247
33478, 23948, 71.53, 72, 48.65, 1, 7247
33479, 23949, 71.53, 72, 48.65, 1, 7247
33480, 23949, 71.53, 72, 48.65, 1, 7248
33481, 23949, 71.53, 72, 48.65, 1, 7249
33482, 23949, 71.53, 72, 48.65, 1, 7250
33483, 23949, 71.53, 72, 48.65, 1, 7251
33484, 23950, 71.53, 72, 48.65, 1, 7251
33485, 23951, 71.53, 72, 48.65, 1, 7251
33486, 23952, 71.53, 72, 48.65, 1, 7251
33487, 23952, 71.53, 72, 48.65, 1, 7252
33488, 23953, 71.53, 72, 48.65, 1, 7252
33489, 23954, 71.53, 72, 48.65, 1, 7252
33490, 23955, 71.53, 72, 48.65, 1, 7252
33491, 23956, 71.53, 72, 48.65, 1, 7252
33492, 23957, 71.53, 72, 48.65, 1, 7252
33493, 23958, 71.53, 72, 48.65, 1, 7252
33494, 23958, 71.53, 72, 48.65, 1, 7253
33495, 23959, 71.53, 72, 48.65, 1, 7253
33496, 23959, 71.53, 72, 48.65, 1, 7254
33497, 23959, 71.53, 72, 48.65, 1, 7254
33498, 23960, 71.53, 72, 48.65, 1, 7254
33499, 23961, 71.53, 72, 48.65, 1, 7254
33500, 23962, 71.53, 72, 48.65, 1, 7254
33501, 23962, 71.53, 72, 48.65, 1, 7255
33502, 23963, 71.53, 72, 48.65, 1, 7255
33503, 23963, 71.52, 72, 48.65, 1, 7256
33504, 23963, 71.52, 72, 48.65, 1, 7256
33505, 23964, 71.52, 72, 48.65, 1, 7256
33506, 23965, 71.52, 72, 48.65, 1, 7256
33507, 23966, 71.53, 72, 48.65, 1, 7256
33508, 23967, 71.53, 72, 48.65, 1, 7256
33509, 23967, 71.52, 72, 48.65, 1, 7256
33510, 23968, 71.52, 72, 48.65, 1, 7256
33511, 23969, 71.53, 72, 48.65, 1, 7256
33512, 23970, 71.53, 72, 48.65, 1, 7256
33513, 23971, 71.53, 72, 48.65, 1, 7256
33514, 23971, 71.53, 72, 48.65, 1, 7256
33515, 23972, 71.53, 72, 48.65, 1, 7256
33516, 23973, 71.53, 72, 48.65, 1, 7256
33517, 23974, 71.53, 72, 48.65, 1, 7256
33518, 23975, 71.53, 72, 48.65, 1, 7256
33519, 23976, 71.53, 72, 48.65, 1, 7256
33520, 23976, 71.53, 72, 48.65, 1, 7256
33521, 23977, 71.53, 72, 48.65, 1, 7256
33522, 23978, 71.53, 72, 48.65, 1, 7256
33523, 23978, 71.53, 72, 48.65, 1, 7257
33524, 23978, 71.52, 72, 48.65, 1, 7258
33525, 23978, 71.52, 72, 48.65, 1, 7259
33526, 23979, 71.52, 72, 48.65, 1, 7259
33527, 23980, 71.52, 72, 48.65, 1, 7259
33528, 23981, 71.53, 72, 48.65, 1, 7259
33529, 23982, 71.53, 72, 48.65, 1, 7259
33530, 23983, 71.53, 72, 48.65, 1, 7259
33531, 23984, 71.53, 72, 48.65, 1, 7259
33532, 23985, 71.53, 72, 48.65, 1, 7259
33533, 23985, 71.53, 72, 48.65, 1, 7260
33534, 23985, 71.52, 72, 48.65, 1, 7261
33535, 23986, 71.53, 72, 48.65, 1, 7261
33536, 23987, 71.53, 72, 48.65, 1, 7261
33537, 23988, 71.53, 72, 48.65, 1, 7261
33538, 23989, 71.53, 72, 48.65, 1, 7261
33539, 23990, 71.53, 72, 48.65, 1, 7261
33540, 23991, 71.53, 72, 48.65, 1, 7261
33541, 23991, 71.53, 72, 48.65, 1, 7262
33542, 23992, 71.53, 72, 48.65, 1, 7262
33543, 23992, 71.53, 72, 48.65, 1, 7263
33544, 23993, 71.53, 72, 48.65, 1, 7263
33545, 23994, 71.53, 72, 48.65, 1, 7263
33546, 23995, 71.53, 72, 48.65, 1, 7263
33547, 23996, 71.53, 72, 48.65, 1, 7263
33548, 23997, 71.53, 72, 48.65, 1, 7263
33549, 23997, 71.53, 72, 48.65, 1, 7264
33550, 23997, 71.53, 72, 48.65, 1, 7265
33551, 23997, 71.52, 72, 48.65, 1, 7265
33552, 23998, 71.52, 72, 48.65, 1, 7265
33553, 23999, 71.53, 72, 48.65, 1, 7265
33554, 24000, 71.53, 72, 48.65, 1, 7265
33555, 24000, 71.52, 72, 48.65, 1, 7265
33556, 24001, 71.53, 72, 48.65, 1, 7265
33557, 24002, 71.53, 72, 48.65, 1, 7265
33558, 24003, 71.53, 72, 48.65, 1, 7265
33559, 24003, 71.52, 72, 48.65, 1, 7265
33560, 24004, 71.53, 72, 48.65, 1, 7265
33561, 24005, 71.53, 72, 48.65, 1, 7265
33562, 24006, 71.53, 72, 48.65, 1, 7265
33563, 24006, 71.53, 72, 48.65, 1, 7266
33564, 24006, 71.52, 72, 48.65, 1, 7267
33565, 24006, 71.52, 72, 48.65, 1, 7267
33566, 24007, 71.52, 72, 48.65, 1, 7267
33567, 24008, 71.52, 72, 48.65, 1, 7267
33568, 24008, 71.52, 72, 48.65, 1, 7267
33569, 24009, 71.52, 72, 48.65, 1, 7267
33570, 24010, 71.52, 72, 48.65, 1, 7267
33571, 24010, 71.52, 72, 48.65, 1, 7267
33572, 24011, 71.52, 72, 48.65, 1, 7267
33573, 24012, 71.52, 72, 48.65, 1, 7267
33574, 24012, 71.52, 72, 48.65, 1, 7267
33575, 24013, 71.52, 72, 48.65, 1, 7267
33576, 24014, 71.52, 72, 48.65, 1, 7267
33577, 24015, 71.52, 72, 48.65, 1, 7267
33578, 24015, 71.52, 72, 48.65, 1, 7267
33579, 24016, 71.52, 72, 48.65, 1, 7267
33580, 24017, 71.52, 72, 48.65, 1, 7267
33581, 24018, 71.52, 72, 48.65, 1, 7267
33582, 24019, 71.52, 72, 48.65, 1, 7267
33583, 24020, 71.52, 72, 48.65, 1, 7267
33584, 24021, 71.53, 72, 48.65, 1, 7267
33585, 24022, 71.53, 72, 48.65, 1, 7267
33586, 24023, 71.53, 72, 48.65, 1, 7267
33587, 24023, 71.52, 72, 48.65, 1, 7268
33588, 24024, 71.53, 72, 48.65, 1, 7268
33589, 24025, 71.53, 72, 48.65, 1, 7268
33590, 24026, 71.53, 72, 48.65, 1, 7268
33591, 24027, 71.53, 72, 48.65, 1, 7268
33592, 24027, 71.53, 72, 48.65, 1, 7269
33593, 24028, 71.53, 72, 48.65, 1, 7269
33594, 24029, 71.53, 72, 48.65, 1, 7269
33595, 24029, 71.53, 72, 48.65, 1, 7269
33596, 24029, 71.52, 72, 48.65, 1, 7269
33597, 24030, 71.52, 72, 48.65, 1, 7269
33598, 24030, 71.52, 72, 48.65, 1, 7269
33599, 24031, 71.52, 72, 48.65, 1, 7269
33600, 24032, 71.52, 72, 48.65, 1, 7269
33601, 24033, 71.52, 72, 48.65, 1, 7269
33602, 24034, 71.53, 72, 48.65, 1, 7269
33603, 24034, 71.52, 72, 48.65, 1, 7269
33604, 24035, 71.52, 72, 48.65, 1, 7269
33605, 24036, 71.53, 72, 48.65, 1, 7269
33606, 24037, 71.53, 72, 48.65, 1, 7269
33607, 24038, 71.53, 72, 48.65, 1, 7269
33608, 24039, 71.53, 72, 48.65, 1, 7269
33609, 24040, 71.53, 72, 48.65, 1, 7269
33610, 24041, 71.53, 72, 48.65, 1, 7269
33611, 24042, 71.53, 72, 48.65, 1, 7269
33612, 24043, 71.53, 72, 48.65, 1, 7269
33613, 24044, 71.53, 72, 48.65, 1, 7269
33614, 24044, 71.53, 72, 48.65, 1, 7269
33615, 24045, 71.53, 72, 48.65, 1, 7269
33616, 24046, 71.53, 72, 48.65, 1, 7269
33617, 24047, 71.53, 72, 48.65, 1, 7269
33618, 24047, 71.53, 72, 48.65, 1, 7270
33619, 24048, 71.53, 72, 48.65, 1, 7270
33620, 24049, 71.53, 72, 48.65, 1, 7270
33621, 24049, 71.53, 72, 48.65, 1, 7271
33622, 24049, 71.53, 72, 48.65, 1, 7272
33623, 24050, 71.53, 72, 48.65, 1, 7272
33624, 24051, 71.53, 72, 48.65, 1, 7272
33625, 24052, 71.53, 72, 48.65, 1, 7272
33626, 24053, 71.53, 72, 48.65, 1, 7272
33627, 24053, 71.53, 72, 48.65, 1, 7272
33628, 24053, 71.53, 72, 48.65, 1, 7273
33629, 24054, 71.53, 72, 48.65, 1, 7273
33630, 24054, 71.53, 72, 48.65, 1, 7274
33631, 24055, 71.53, 72, 48.65, 1, 7274
33632, 24055, 71.52, 72, 48.65, 1, 7275
33633, 24056, 71.52, 72, 48.65, 1, 7275
33634, 24057, 71.53, 72, 48.65, 1, 7275
33635, 24058, 71.53, 72, 48.65, 1, 7275
33636, 24058, 71.52, 72, 48.65, 1, 7276
33637, 24059, 71.53, 72, 48.65, 1, 7276
33638, 24060, 71.53, 72, 48.65, 1, 7276
33639, 24061, 71.53, 72, 48.65, 1, 7276
33640, 24062, 71.53, 72, 48.65, 1, 7276
33641, 24062, 71.53, 72, 48.65, 1, 7277
33642, 24063, 71.53, 72, 48.65, 1, 7277
33643, 24064, 71.53, 72, 48.65, 1, 7277
33644, 24065, 71.53, 72, 48.65, 1, 7277
33645, 24066, 71.53, 72, 48.65, 1, 7277
33646, 24067, 71.53, 72, 48.65, 1, 7277
33647, 24067, 71.53, 72, 48.65, 1, 7278
33648, 24068, 71.53, 72, 48.65, 1, 7278
33649, 24068, 71.53, 72, 48.65, 1, 7279
33650, 24068, 71.52, 72, 48.65, 1, 7279
33651, 24068, 71.52, 72, 48.65, 1, 7280
33652, 24069, 71.52, 72, 48.65, 1, 7280
33653, 24070, 71.52, 72, 48.65, 1, 7280
33654, 24071, 71.52, 72, 48.65, 1, 7280
33655, 24071, 71.52, 72, 48.65, 1, 7281
33656, 24072, 71.52, 72, 48.65, 1, 7281
33657, 24073, 71.52, 72, 48.65, 1, 7281
33658, 24074, 71.53, 72, 48.65, 1, 7281
33659, 24075, 71.53, 72, 48.65, 1, 7281
33660, 24076, 71.53, 72, 48.65, 1, 7281
33661, 24077, 71.53, 72, 48.65, 1, 7281
33662, 24077, 71.53, 72, 48.65, 1, 7282
33663, 24078, 71.53, 72, 48.65, 1, 7282
33664, 24079, 71.53, 72, 48.65, 1, 7282
33665, 24080, 71.53, 72, 48.65, 1, 7282
33666, 24081, 71.53, 72, 48.65, 1, 7282
33667, 24082, 71.53, 72, 48.65, 1, 7282
33668, 24082, 71.53, 72, 48.65, 1, 7283
33669, 24083, 71.53, 72, 48.65, 1, 7283
33670, 24084, 71.53, 72, 48.65, 1, 7283
33671, 24084, 71.53, 72, 48.65, 1, 7284
33672, 24084, 71.53, 72, 48.65, 1, 7284
33673, 24085, 71.53, 72, 48.65, 1, 7284
33674, 24086, 71.53, 72, 48.65, 1, 7284
33675, 24087, 71.53, 72, 48.65, 1, 7284
33676, 24087, 71.53, 72, 48.65, 1, 7285
33677, 24088, 71.53, 72, 48.65, 1, 7285
33678, 24089, 71.53, 72, 48.65, 1, 7285
33679, 24089, 71.53, 72, 48.65, 1, 7286
33680, 24089, 71.52, 72, 48.65, 1, 7286
33681, 24090, 71.52, 72, 48.65, 1, 7286
33682, 24091, 71.52, 72, 48.65, 1, 7286
33683, 24092, 71.53, 72, 48.65, 1, 7286
33684, 24093, 71.53, 72, 48.65, 1, 7286
33685, 24093, 71.52, 72, 48.65, 1, 7287
33686, 24094, 71.53, 72, 48.65, 1, 7287
33687, 24095, 71.53, 72, 48.65, 1, 7287
33688, 24096, 71.53, 72, 48.65, 1, 7287
33689, 24096, 71.52, 72, 48.65, 1, 7288
33690, 24096, 71.52, 72, 48.65, 1, 7289
33691, 24097, 71.52, 72, 48.65, 1, 7289
33692, 24098, 71.52, 72, 48.65, 1, 7289
33693, 24098, 71.52, 72, 48.65, 1, 7289
33694, 24098, 71.52, 72, 48.65, 1, 7290
33695, 24099, 71.52, 72, 48.65, 1, 7290
33696, 24100, 71.52, 72, 48.65, 1, 7290
33697, 24101, 71.52, 72, 48.65, 1, 7290
33698, 24101, 71.52, 72, 48.65, 1, 7291
33699, 24102, 71.52, 72, 48.65, 1, 7291
33700, 24102, 71.52, 72, 48.65, 1, 7292
33701, 24103, 71.52, 72, 48.65, 1, 7292
33702, 24104, 71.52, 72, 48.65, 1, 7292
33703, 24105, 71.52, 72, 48.65, 1, 7292
33704, 24106, 71.52, 72, 48.65, 1, 7292
33705, 24107, 71.52, 72, 48.65, 1, 7292
33706, 24108, 71.52, 72, 48.65, 1, 7292
33707, 24109, 71.53, 72, 48.65, 1, 7292
33708, 24110, 71.53, 72, 48.65, 1, 7292
33709, 24110, 71.52, 72, 48.65, 1, 7293
33710, 24111, 71.52, 72, 48.65, 1, 7293
33711, 24111, 71.52, 72, 48.65, 1, 7293
33712, 24111, 71.52, 72, 48.65, 1, 7294
33713, 24112, 71.52, 72, 48.65, 1, 7294
33714, 24113, 71.52, 72, 48.65, 1, 7294
33715, 24114, 71.52, 72, 48.65, 1, 7294
33716, 24115, 71.52, 72, 48.65, 1, 7294
33717, 24116, 71.52, 72, 48.65, 1, 7294
33718, 24116, 71.52, 72, 48.65, 1, 7295
33719, 24117, 71.52, 72, 48.65, 1, 7295
33720, 24117, 71.52, 72, 48.65, 1, 7295
33721, 24118, 71.52, 72, 48.65, 1, 7295
33722, 24119, 71.52, 72, 48.65, 1, 7295
33723, 24120, 71.52, 72, 48.65, 1, 7295
33724, 24121, 71.52, 72, 48.65, 1, 7295
33725, 24122, 71.53, 72, 48.65, 1, 7295
33726, 24123, 71.53, 72, 48.65, 1, 7295
33727, 24124, 71.53, 72, 48.65, 1, 7295
33728, 24125, 71.53, 72, 48.65, 1, 7295
33729, 24125, 71.53, 72, 48.65, 1, 7296
33730, 24125, 71.52, 72, 48.65, 1, 7297
33731, 24125, 71.52, 72, 48.65, 1, 7297
33732, 24126, 71.52, 72, 48.65, 1, 7297
33733, 24127, 71.52, 72, 48.65, 1, 7297
33734, 24127, 71.52, 72, 48.65, 1, 7298
33735, 24128, 71.52, 72, 48.65, 1, 7298
33736, 24129, 71.52, 72, 48.65, 1, 7298
33737, 24129, 71.52, 72, 48.65, 1, 7299
33738, 24130, 71.52, 72, 48.65, 1, 7299
33739, 24130, 71.52, 72, 48.65, 1, 7300
33740, 24131, 71.52, 72, 48.65, 1, 7300
33741, 24132, 71.52, 72, 48.65, 1, 7300
33742, 24132, 71.52, 72, 48.65, 1, 7301
33743, 24132, 71.52, 72, 48.65, 1, 7302
33744, 24133, 71.52, 72, 48.65, 1, 7302
33745, 24134, 71.52, 72, 48.65, 1, 7302
33746, 24134, 71.52, 72, 48.65, 1, 7303
33747, 24134, 71.51, 72, 48.65, 1, 7304
33748, 24135, 71.52, 72, 48.65, 1, 7304
33749, 24136, 71.52, 72, 48.65, 1, 7304
33750, 24137, 71.52, 72, 48.65, 1, 7304
33751, 24138, 71.52, 72, 48.65, 1, 7304
33752, 24139, 71.52, 72, 48.65, 1, 7304
33753, 24140, 71.52, 72, 48.65, 1, 7304
33754, 24141, 71.52, 72, 48.65, 1, 7304
33755, 24142, 71.52, 72, 48.65, 1, 7304
33756, 24143, 71.52, 72, 48.65, 1, 7304
33757, 24144, 71.52, 72, 48.65, 1, 7304
33758, 24144, 71.52, 72, 48.65, 1, 7305
33759, 24145, 71.52, 72, 48.65, 1, 7305
33760, 24146, 71.52, 72, 48.65, 1, 7305
33761, 24147, 71.52, 72, 48.65, 1, 7305
33762, 24148, 71.52, 72, 48.65, 1, 7305
33763, 24149, 71.53, 72, 48.65, 1, 7305
33764, 24150, 71.53, 72, 48.65, 1, 7305
33765, 24151, 71.53, 72, 48.65, 1, 7305
33766, 24151, 71.52, 72, 48.65, 1, 7306
33767, 24152, 71.53, 72, 48.65, 1, 7306
33768, 24153, 71.53, 72, 48.65, 1, 7306
33769, 24154, 71.53, 72, 48.65, 1, 7306
33770, 24155, 71.53, 72, 48.65, 1, 7306
33771, 24156, 71.53, 72, 48.65, 1, 7306
33772, 24157, 71.53, 72, 48.65, 1, 7306
33773, 24157, 71.53, 72, 48.65, 1, 7306
33774, 24158, 71.53, 72, 48.65, 1, 7306
33775, 24159, 71.53, 72, 48.65, 1, 7306
33776, 24159, 71.53, 72, 48.65, 1, 7307
33777, 24160, 71.53, 72, 48.65, 1, 7307
33778, 24160, 71.53, 72, 48.65, 1, 7308
33779, 24161, 71.53, 72, 48.65, 1, 7308
33780, 24162, 71.53, 72, 48.65, 1, 7308
33781, 24163, 71.53, 72, 48.65, 1, 7308
33782, 24163, 71.53, 72, 48.65, 1, 7309
33783, 24164, 71.53, 72, 48.65, 1, 7309
33784, 24165, 71.53, 72, 48.65, 1, 7309
33785, 24166, 71.53, 72, 48.65, 1, 7309
33786, 24167, 71.53, 72, 48.65, 1, 7309
33787, 24168, 71.53, 72, 48.65, 1, 7309
33788, 24169, 71.53, 72, 48.65, 1, 7309
33789, 24170, 71.53, 72, 48.65, 1, 7309
33790, 24171, 71.53, 72, 48.65, 1, 7309
33791, 24172, 71.53, 72, 48.65, 1, 7309
33792, 24173, 71.53, 72, 48.65, 1, 7309
33793, 24174, 71.54, 72, 48.65, 1, 7309
33794, 24174, 71.53, 72, 48.65, 1, 7310
33795, 24175, 71.53, 72, 48.65, 1, 7310
33796, 24176, 71.54, 72, 48.65, 1, 7310
33797, 24177, 71.54, 72, 48.65, 1, 7310
33798, 24178, 71.54, 72, 48.65, 1, 7310
33799, 24179, 71.54, 72, 48.65, 1, 7310
33800, 24180, 71.54, 72, 48.65, 1, 7310
33801, 24180, 71.54, 72, 48.65, 1, 7311
33802, 24181, 71.54, 72, 48.65, 1, 7311
33803, 24181, 71.54, 72, 48.65, 1, 7312
33804, 24182, 71.54, 72, 48.65, 1, 7312
33805, 24183, 71.54, 72, 48.65, 1, 7312
33806, 24184, 71.54, 72, 48.65, 1, 7312
33807, 24185, 71.54, 72, 48.65, 1, 7312
33808, 24185, 71.54, 72, 48.65, 1, 7313
33809, 24186, 71.54, 72, 48.65, 1, 7313
33810, 24187, 71.54, 72, 48.65, 1, 7313
33811, 24188, 71.54, 72, 48.65, 1, 7313
33812, 24189, 71.54, 72, 48.65, 1, 7313
33813, 24189, 71.54, 72, 48.65, 1, 7314
33814, 24190, 71.54, 72, 48.65, 1, 7314
33815, 24191, 71.54, 72, 48.65, 1, 7314
33816, 24192, 71.54, 72, 48.65, 1, 7314
33817, 24193, 71.54, 72, 48.65, 1, 7314
33818, 24193, 71.54, 72, 48.65, 1, 7315
33819, 24193, 71.54, 72, 48.65, 1, 7316
33820, 24193, 71.53, 72, 48.65, 1, 7317
33821, 24194, 71.54, 72, 48.65, 1, 7317
33822, 24194, 71.53, 72, 48.65, 1, 7317
33823, 24195, 71.53, 72, 48.65, 1, 7317
33824, 24196, 71.54, 72, 48.65, 1, 7317
33825, 24196, 71.53, 72, 48.65, 1, 7317
33826, 24197, 71.53, 72, 48.65, 1, 7317
33827, 24197, 71.53, 72, 48.65, 1, 7317
33828, 24198, 71.53, 72, 48.65, 1, 7317
33829, 24199, 71.53, 72, 48.65, 1, 7317
33830, 24200, 71.53, 72, 48.65, 1, 7317
33831, 24201, 71.53, 72, 48.65, 1, 7317
33832, 24202, 71.54, 72, 48.65, 1, 7317
33833, 24203, 71.54, 72, 48.65, 1, 7317
33834, 24204, 71.54, 72, 48.65, 1, 7317
33835, 24204, 71.54, 72, 48.65, 1, 7318
33836, 24204, 71.53, 72, 48.65, 1, 7319
33837, 24204, 71.53, 72, 48.65, 1, 7320
33838, 24205, 71.53, 72, 48.65, 1, 7320
33839, 24205, 71.53, 72, 48.65, 1, 7321
33840, 24206, 71.53, 72, 48.65, 1, 7321
33841, 24206, 71.53, 72, 48.65, 1, 7322
33842, 24207, 71.53, 72, 48.65, 1, 7322
33843, 24208, 71.53, 72, 48.65, 1, 7322
33844, 24209, 71.53, 72, 48.65, 1, 7322
33845, 24210, 71.53, 72, 48.65, 1, 7322
33846, 24211, 71.53, 72, 48.65, 1, 7322
33847, 24212, 71.53, 72, 48.65, 1, 7322
33848, 24213, 71.53, 72, 48.65, 1, 7322
33849, 24214, 71.54, 72, 48.65, 1, 7322
33850, 24214, 71.53, 72, 48.65, 1, 7323
33851, 24215, 71.53, 72, 48.65, 1, 7323
33852, 24216, 71.53, 72, 48.65, 1, 7323
33853, 24216, 71.53, 72, 48.65, 1, 7324
33854, 24217, 71.53, 72, 48.65, 1, 7324
33855, 24217, 71.53, 72, 48.65, 1, 7325
33856, 24218, 71.53, 72, 48.65, 1, 7325
33857, 24219, 71.53, 72, 48.65, 1, 7325
33858, 24219, 71.53, 72, 48.65, 1, 7326
33859, 24220, 71.53, 72, 48.65, 1, 7326
33860, 24220, 71.53, 72, 48.65, 1, 7327
33861, 24221, 71.53, 72, 48.65, 1, 7327
33862, 24222, 71.53, 72, 48.65, 1, 7327
33863, 24222, 71.53, 72, 48.65, 1, 7327
33864, 24223, 71.53, 72, 48.65, 1, 7327
33865, 24223, 71.53, 72, 48.65, 1, 7327
33866, 24223, 71.53, 72, 48.65, 1, 7327
33867, 24224, 71.53, 72, 48.65, 1, 7327
33868, 24224, 71.52, 72, 48.65, 1, 7328
33869, 24225, 71.53, 72, 48.65, 1, 7328
33870, 24226, 71.53, 72, 48.65, 1, 7328
33871, 24227, 71.53, 72, 48.65, 1, 7328
33872, 24228, 71.53, 72, 48.65, 1, 7328
33873, 24228, 71.53, 72, 48.65, 1, 7329
33874, 24229, 71.53, 72, 48.65, 1, 7329
33875, 24230, 71.53, 72, 48.65, 1, 7329
33876, 24231, 71.53, 72, 48.65, 1, 7329
33877, 24231, 71.53, 72, 48.65, 1, 7329
33878, 24232, 71.53, 72, 48.65, 1, 7329
33879, 24233, 71.53, 72, 48.65, 1, 7329
33880, 24234, 71.53, 72, 48.65, 1, 7329
33881, 24235, 71.53, 72, 48.65, 1, 7329
33882, 24236, 71.53, 72, 48.65, 1, 7329
33883, 24237, 71.53, 72, 48.65, 1, 7329
33884, 24238, 71.53, 72, 48.65, 1, 7329
33885, 24238, 71.53, 72, 48.65, 1, 7330
33886, 24238, 71.53, 72, 48.65, 1, 7331
33887, 24239, 71.53, 72, 48.65, 1, 7331
33888, 24240, 71.53, 72, 48.65, 1, 7331
33889, 24241, 71.53, 72, 48.65, 1, 7331
33890, 24241, 71.53, 72, 48.65, 1, 7332
33891, 24241, 71.53, 72, 48.65, 1, 7333
33892, 24242, 71.53, 72, 48.65, 1, 7333
33893, 24242, 71.53, 72, 48.65, 1, 7333
33894, 24243, 71.53, 72, 48.65, 1, 7333
33895, 24244, 71.53, 72, 48.65, 1, 7333
33896, 24245, 71.53, 72, 48.65, 1, 7333
33897, 24245, 71.53, 72, 48.65, 1, 7334
33898, 24246, 71.53, 72, 48.65, 1, 7334
33899, 24247, 71.53, 72, 48.65, 1, 7334
33900, 24247, 71.53, 72, 48.65, 1, 7335
33901, 24247, 71.52, 72, 48.65, 1, 7335
33902, 24248, 71.52, 72, 48.65, 1, 7335
33903, 24248, 71.52, 72, 48.65, 1, 7336
33904, 24248, 71.52, 72, 48.65, 1, 7337
33905, 24249, 71.52, 72, 48.65, 1, 7337
33906, 24250, 71.52, 72, 48.65, 1, 7337
33907, 24250, 71.52, 72, 48.65, 1, 7337
33908, 24251, 71.52, 72, 48.65, 1, 7337
33909, 24252, 71.52, 72, 48.65, 1, 7337
33910, 24252, 71.52, 72, 48.65, 1, 7337
33911, 24253, 71.52, 72, 48.65, 1, 7337
33912, 24254, 71.52, 72, 48.65, 1, 7337
33913, 24255, 71.52, 72, 48.65, 1, 7337
33914, 24256, 71.52, 72, 48.65, 1, 7337
33915, 24257, 71.52, 72, 48.65, 1, 7337
33916, 24257, 71.52, 72, 48.65, 1, 7337
33917, 24258, 71.52, 72, 48.65, 1, 7337
33918, 24258, 71.52, 72, 48.65, 1, 7338
33919, 24259, 71.52, 72, 48.65, 1, 7338
33920, 24260, 71.52, 72, 48.65, 1, 7338
33921, 24261, 71.52, 72, 48.65, 1, 7338
33922, 24262, 71.52, 72, 48.65, 1, 7338
33923, 24263, 71.52, 72, 48.65, 1, 7338
33924, 24264, 71.52, 72, 48.65, 1, 7338
33925, 24265, 71.53, 72, 48.65, 1, 7338
33926, 24266, 71.53, 72, 48.65, 1, 7338
33927, 24267, 71.53, 72, 48.65, 1, 7338
33928, 24268, 71.53, 72, 48.65, 1, 7338
33929, 24268, 71.53, 72, 48.65, 1, 7339
33930, 24268, 71.52, 72, 48.65, 1, 7340
33931, 24269, 71.52, 72, 48.65, 1, 7340
33932, 24270, 71.53, 72, 48.65, 1, 7340
33933, 24271, 71.53, 72, 48.65, 1, 7340
33934, 24272, 71.53, 72, 48.65, 1, 7340
33935, 24273, 71.53, 72, 48.65, 1, 7340
33936, 24274, 71.53, 72, 48.65, 1, 7340
33937, 24274, 71.53, 72, 48.65, 1, 7341
33938, 24275, 71.53, 72, 48.65, 1, 7341
33939, 24275, 71.53, 72, 48.65, 1, 7342
33940, 24275, 71.52, 72, 48.65, 1, 7342
33941, 24276, 71.52, 72, 48.65, 1, 7342
33942, 24277, 71.52, 72, 48.65, 1, 7342
33943, 24278, 71.53, 72, 48.65, 1, 7342
33944, 24279, 71.53, 72, 48.65, 1, 7342
33945, 24280, 71.53, 72, 48.65, 1, 7342
33946, 24281, 71.53, 72, 48.65, 1, 7342
33947, 24281, 71.53, 72, 48.65, 1, 7343
33948, 24282, 71.53, 72, 48.65, 1, 7343
33949, 24282, 71.52, 72, 48.65, 1, 7344
33950, 24282, 71.52, 72, 48.65, 1, 7345
33951, 24282, 71.52, 72, 48.65, 1, 7346
33952, 24283, 71.52, 72, 48.65, 1, 7346
33953, 24284, 71.52, 72, 48.65, 1, 7346
33954, 24284, 71.52, 72, 48.65, 1, 7347
33955, 24285, 71.52, 72, 48.65, 1, 7347
33956, 24285, 71.52, 72, 48.65, 1, 7347
33957, 24286, 71.52, 72, 48.65, 1, 7347
33958, 24287, 71.52, 72, 48.65, 1, 7347
33959, 24287, 71.52, 72, 48.65, 1, 7348
33960, 24288, 71.52, 72, 48.65, 1, 7348
33961, 24289, 71.52, 72, 48.65, 1, 7348
33962, 24290, 71.52, 72, 48.65, 1, 7348
33963, 24291, 71.52, 72, 48.65, 1, 7348
33964, 24292, 71.52, 72, 48.65, 1, 7348
33965, 24293, 71.52, 72, 48.65, 1, 7348
33966, 24294, 71.52, 72, 48.65, 1, 7348
33967, 24294, 71.52, 72, 48.65, 1, 7349
33968, 24295, 71.52, 72, 48.65, 1, 7349
33969, 24296, 71.52, 72, 48.65, 1, 7349
33970, 24297, 71.52, 72, 48.65, 1, 7349
33971, 24298, 71.53, 72, 48.65, 1, 7349
33972, 24299, 71.53, 72, 48.65, 1, 7349
33973, 24300, 71.53, 72, 48.65, 1, 7349
33974, 24301, 71.53, 72, 48.65, 1, 7349
33975, 24302, 71.53, 72, 48.65, 1, 7349
33976, 24303, 71.53, 72, 48.65, 1, 7349
33977, 24303, 71.53, 72, 48.65, 1, 7350
33978, 24303, 71.53, 72, 48.65, 1, 7351
33979, 24303, 71.52, 72, 48.65, 1, 7352
33980, 24304, 71.52, 72, 48.65, 1, 7352
33981, 24304, 71.52, 72, 48.65, 1, 7353
33982, 24305, 71.52, 72, 48.65, 1, 7353
33983, 24306, 71.52, 72, 48.65, 1, 7353
33984, 24307, 71.52, 72, 48.65, 1, 7353
33985, 24308, 71.53, 72, 48.65, 1, 7353
33986, 24309, 71.53, 72, 48.65, 1, 7353
33987, 24309, 71.52, 72, 48.65, 1, 7354
33988, 24310, 71.53, 72, 48.65, 1, 7354
33989, 24311, 71.53, 72, 48.65, 1, 7354
33990, 24311, 71.52, 72, 48.65, 1, 7355
33991, 24312, 71.52, 72, 48.65, 1, 7355
33992, 24313, 71.53, 72, 48.65, 1, 7355
33993, 24314, 71.53, 72, 48.65, 1, 7355
33994, 24314, 71.52, 72, 48.65, 1, 7355
33995, 24315, 71.53, 72, 48.65, 1, 7355
33996, 24315, 71.52, 72, 48.65, 1, 7356
33997, 24315, 71.52, 72, 48.65, 1, 7357
33998, 24316, 71.52, 72, 48.65, 1, 7357
33999, 24317, 71.52, 72, 48.65, 1, 7357
34000, 24318, 71.52, 72, 48.65, 1, 7357
34001, 24319, 71.52, 72, 48.65, 1, 7357
34002, 24320, 71.53, 72, 48.65, 1, 7357
34003, 24320, 71.52, 72, 48.65, 1, 7358
34004, 24321, 71.52, 72, 48.65, 1, 7358
34005, 24322, 71.52, 72, 48.65, 1, 7358
34006, 24323, 71.53, 72, 48.65, 1, 7358
34007, 24324, 71.53, 72, 48.65, 1, 7358
34008, 24325, 71.53, 72, 48.65, 1, 7358
34009, 24326, 71.53, 72, 48.65, 1, 7358
34010, 24327, 71.53, 72, 48.65, 1, 7358
34011, 24328, 71.53, 72, 48.65, 1, 7358
34012, 24329, 71.53, 72, 48.65, 1, 7358
34013, 24330, 71.53, 72, 48.65, 1, 7358
34014, 24331, 71.53, 72, 48.65, 1, 7358
34015, 24331, 71.53, 72, 48.65, 1, 7359
34016, 24331, 71.53, 72, 48.65, 1, 7359
34017, 24332, 71.53, 72, 48.65, 1, 7359
34018, 24332, 71.53, 72, 48.65, 1, 7359
34019, 24332, 71.52, 72, 48.65, 1, 7359
34020, 24333, 71.53, 72, 48.65, 1, 7359
34021, 24334, 71.53, 72, 48.65, 1, 7359
34022, 24335, 71.53, 72, 48.65, 1, 7359
34023, 24336, 71.53, 72, 48.65, 1, 7359
34024, 24337, 71.53, 72, 48.65, 1, 7359
34025, 24338, 71.53, 72, 48.65, 1, 7359
34026, 24339, 71.53, 72, 48.65, 1, 7359
34027, 24340, 71.53, 72, 48.65, 1, 7359
34028, 24341, 71.53, 72, 48.65, 1, 7359
34029, 24342, 71.53, 72, 48.65, 1, 7359
34030, 24342, 71.53, 72, 48.65, 1, 7360
34031, 24343, 71.53, 72, 48.65, 1, 7360
34032, 24344, 71.53, 72, 48.65, 1, 7360
34033, 24345, 71.53, 72, 48.65, 1, 7360
34034, 24345, 71.53, 72, 48.65, 1, 7361
34035, 24346, 71.53, 72, 48.65, 1, 7361
34036, 24347, 71.53, 72, 48.65, 1, 7361
34037, 24348, 71.53, 72, 48.65, 1, 7361
34038, 24349, 71.53, 72, 48.65, 1, 7361
34039, 24349, 71.53, 72, 48.65, 1, 7362
34040, 24350, 71.53, 72, 48.65, 1, 7362
34041, 24351, 71.53, 72, 48.65, 1, 7362
34042, 24352, 71.54, 72, 48.65, 1, 7362
34043, 24353, 71.54, 72, 48.65, 1, 7362
34044, 24354, 71.54, 72, 48.65, 1, 7362
34045, 24354, 71.53, 72, 48.65, 1, 7363
34046, 24354, 71.53, 72, 48.65, 1, 7363
34047, 24354, 71.53, 72, 48.65, 1, 7363
34048, 24354, 71.53, 72, 48.65, 1, 7364
34049, 24355, 71.53, 72, 48.65, 1, 7364
34050, 24356, 71.53, 72, 48.65, 1, 7364
34051, 24356, 71.53, 72, 48.65, 1, 7365
34052, 24357, 71.53, 72, 48.65, 1, 7365
34053, 24358, 71.53, 72, 48.65, 1, 7365
34054, 24359, 71.53, 72, 48.65, 1, 7365
34055, 24360, 71.53, 72, 48.65, 1, 7365
34056, 24360, 71.53, 72, 48.65, 1, 7366
34057, 24361, 71.53, 72, 48.65, 1, 7366
34058, 24362, 71.53, 72, 48.65, 1, 7366
34059, 24363, 71.53, 72, 48.65, 1, 7366
34060, 24364, 71.53, 72, 48.65, 1, 7366
34061, 24365, 71.53, 72, 48.65, 1, 7366
34062, 24365, 71.53, 72, 48.65, 1, 7367
34063, 24365, 71.53, 72, 48.65, 1, 7367
34064, 24365, 71.53, 72, 48.65, 1, 7367
34065, 24366, 71.53, 72, 48.65, 1, 7367
34066, 24367, 71.53, 72, 48.65, 1, 7367
34067, 24368, 71.53, 72, 48.65, 1, 7367
34068, 24368, 71.53, 72, 48.65, 1, 7367
34069, 24369, 71.53, 72, 48.65, 1, 7367
34070, 24370, 71.53, 72, 48.65, 1, 7367
34071, 24371, 71.53, 72, 48.65, 1, 7367
34072, 24372, 71.53, 72, 48.65, 1, 7367
34073, 24373, 71.53, 72, 48.65, 1, 7367
34074, 24374, 71.53, 72, 48.65, 1, 7367
34075, 24374, 71.53, 72, 48.65, 1, 7368
34076, 24374, 71.53, 72, 48.65, 1, 7369
34077, 24375, 71.53, 72, 48.65, 1, 7369
34078, 24376, 71.53, 72, 48.65, 1, 7369
34079, 24377, 71.53, 72, 48.65, 1, 7369
34080, 24377, 71.53, 72, 48.65, 1, 7370
34081, 24378, 71.53, 72, 48.65, 1, 7370
34082, 24379, 71.53, 72, 48.65, 1, 7370
34083, 24380, 71.53, 72, 48.65, 1, 7370
34084, 24381, 71.53, 72, 48.65, 1, 7370
34085, 24382, 71.53, 72, 48.65, 1, 7370
34086, 24383, 71.53, 72, 48.65, 1, 7370
34087, 24384, 71.53, 72, 48.65, 1, 7370
34088, 24385, 71.54, 72, 48.65, 1, 7370
34089, 24386, 71.54, 72, 48.65, 1, 7370
34090, 24386, 71.53, 72, 48.65, 1, 7371
34091, 24387, 71.54, 72, 48.65, 1, 7371
34092, 24388, 71.54, 72, 48.65, 1, 7371
34093, 24388, 71.53, 72, 48.65, 1, 7371
34094, 24389, 71.53, 72, 48.65, 1, 7371
34095, 24390, 71.54, 72, 48.65, 1, 7371
34096, 24391, 71.54, 72, 48.65, 1, 7371
34097, 24392, 71.54, 72, 48.65, 1, 7371
34098, 24393, 71.54, 72, 48.65, 1, 7371
34099, 24394, 71.54, 72, 48.65, 1, 7371
34100, 24395, 71.54, 72, 48.65, 1, 7371
34101, 24396, 71.54, 72, 48.65, 1, 7371
34102, 24396, 71.54, 72, 48.65, 1, 7372
34103, 24397, 71.54, 72, 48.65, 1, 7372
34104, 24397, 71.54, 72, 48.65, 1, 7373
34105, 24398, 71.54, 72, 48.65, 1, 7373
34106, 24399, 71.54, 72, 48.65, 1, 7373
34107, 24400, 71.54, 72, 48.65, 1, 7373
34108, 24401, 71.54, 72, 48.65, 1, 7373
34109, 24401, 71.54, 72, 48.65, 1, 7373
34110, 24402, 71.54, 72, 48.65, 1, 7373
34111, 24402, 71.54, 72, 48.65, 1, 7374
34112, 24403, 71.54, 72, 48.65, 1, 7374
34113, 24403, 71.54, 72, 48.65, 1, 7375
34114, 24404, 71.54, 72, 48.65, 1, 7375
34115, 24405, 71.54, 72, 48.65, 1, 7375
34116, 24405, 71.54, 72, 48.65, 1, 7376
34117, 24406, 71.54, 72, 48.65, 1, 7376
34118, 24407, 71.54, 72, 48.65, 1, 7376
34119, 24408, 71.54, 72, 48.65, 1, 7376
34120, 24409, 71.54, 72, 48.65, 1, 7376
34121, 24410, 71.54, 72, 48.65, 1, 7376
34122, 24410, 71.54, 72, 48.65, 1, 7376
34123, 24411, 71.54, 72, 48.65, 1, 7376
34124, 24412, 71.54, 72, 48.65, 1, 7376
34125, 24412, 71.54, 72, 48.65, 1, 7376
34126, 24413, 71.54, 72, 48.65, 1, 7376
34127, 24414, 71.54, 72, 48.65, 1, 7376
34128, 24415, 71.54, 72, 48.65, 1, 7376
34129, 24416, 71.54, 72, 48.65, 1, 7376
34130, 24416, 71.54, 72, 48.65, 1, 7377
34131, 24417, 71.54, 72, 48.65, 1, 7377
34132, 24418, 71.54, 72, 48.65, 1, 7377
34133, 24419, 71.54, 72, 48.65, 1, 7377
34134, 24420, 71.54, 72, 48.65, 1, 7377
34135, 24421, 71.54, 72, 48.65, 1, 7377
34136, 24422, 71.54, 72, 48.65, 1, 7377
34137, 24423, 71.54, 72, 48.65, 1, 7377
34138, 24424, 71.54, 72, 48.65, 1, 7377
34139, 24425, 71.55, 72, 48.65, 1, 7377
34140, 24425, 71.54, 72, 48.65, 1, 7378
34141, 24425, 71.54, 72, 48.65, 1, 7378
34142, 24426, 71.54, 72, 48.65, 1, 7378
34143, 24426, 71.54, 72, 48.65, 1, 7379
34144, 24426, 71.54, 72, 48.65, 1, 7380
34145, 24427, 71.54, 72, 48.65, 1, 7380
34146, 24428, 71.54, 72, 48.65, 1, 7380
34147, 24428, 71.54, 72, 48.65, 1, 7381
34148, 24429, 71.54, 72, 48.65, 1, 7381
34149, 24430, 71.54, 72, 48.65, 1, 7381
34150, 24430, 71.54, 72, 48.65, 1, 7382
34151, 24430, 71.54, 72, 48.65, 1, 7382
34152, 24431, 71.54, 72, 48.65, 1, 7382
34153, 24432, 71.54, 72, 48.65, 1, 7382
34154, 24433, 71.54, 72, 48.65, 1, 7382
34155, 24433, 71.54, 72, 48.65, 1, 7383
34156, 24433, 71.53, 72, 48.65, 1, 7384
34157, 24434, 71.53, 72, 48.65, 1, 7384
34158, 24434, 71.53, 72, 48.65, 1, 7384
34159, 24435, 71.53, 72, 48.65, 1, 7384
34160, 24436, 71.53, 72, 48.65, 1, 7384
34161, 24437, 71.53, 72, 48.65, 1, 7384
34162, 24437, 71.53, 72, 48.65, 1, 7384
34163, 24438, 71.53, 72, 48.65, 1, 7384
34164, 24439, 71.53, 72, 48.65, 1, 7384
34165, 24440, 71.54, 72, 48.65, 1, 7384
34166, 24441, 71.54, 72, 48.65, 1, 7384
34167, 24441, 71.53, 72, 48.65, 1, 7384
34168, 24442, 71.53, 72, 48.65, 1, 7384
34169, 24443, 71.54, 72, 48.65, 1, 7384
34170, 24444, 71.54, 72, 48.65, 1, 7384
34171, 24444, 71.53, 72, 48.65, 1, 7384
34172, 24445, 71.54, 72, 48.65, 1, 7384
34173, 24445, 71.53, 72, 48.65, 1, 7385
34174, 24445, 71.53, 72, 48.65, 1, 7386
34175, 24446, 71.53, 72, 48.65, 1, 7386
34176, 24446, 71.53, 72, 48.65, 1, 7387
34177, 24446, 71.53, 72, 48.65, 1, 7388
34178, 24447, 71.53, 72, 48.65, 1, 7388
34179, 24448, 71.53, 72, 48.65, 1, 7388
34180, 24448, 71.53, 72, 48.65, 1, 7388
34181, 24449, 71.53, 72, 48.65, 1, 7388
34182, 24450, 71.53, 72, 48.65, 1, 7388
34183, 24451, 71.53, 72, 48.65, 1, 7388
34184, 24452, 71.53, 72, 48.65, 1, 7388
34185, 24452, 71.53, 72, 48.65, 1, 7388
34186, 24453, 71.53, 72, 48.65, 1, 7388
34187, 24454, 71.53, 72, 48.65, 1, 7388
34188, 24455, 71.53, 72, 48.65, 1, 7388
34189, 24455, 71.53, 72, 48.65, 1, 7388
34190, 24456, 71.53, 72, 48.65, 1, 7388
34191, 24456, 71.53, 72, 48.65, 1, 7389
34192, 24457, 71.53, 72, 48.65, 1, 7389
34193, 24458, 71.53, 72, 48.65, 1, 7389
34194, 24459, 71.53, 72, 48.65, 1, 7389
34195, 24459, 71.53, 72, 48.65, 1, 7390
34196, 24460, 71.53, 72, 48.65, 1, 7390
34197, 24461, 71.53, 72, 48.65, 1, 7390
34198, 24461, 71.53, 72, 48.65, 1, 7391
34199, 24462, 71.53, 72, 48.65, 1, 7391
34200, 24463, 71.53, 72, 48.65, 1, 7391
34201, 24464, 71.53, 72, 48.65, 1, 7391
34202, 24465, 71.53, 72, 48.65, 1, 7391
34203, 24465, 71.53, 72, 48.65, 1, 7392
34204, 24465, 71.53, 72, 48.65, 1, 7393
34205, 24466, 71.53, 72, 48.65, 1, 7393
34206, 24467, 71.53, 72, 48.65, 1, 7393
34207, 24467, 71.53, 72, 48.65, 1, 7394
34208, 24468, 71.53, 72, 48.65, 1, 7394
34209, 24469, 71.53, 72, 48.65, 1, 7394
34210, 24469, 71.53, 72, 48.65, 1, 7395
34211, 24470, 71.53, 72, 48.65, 1, 7395
34212, 24470, 71.52, 72, 48.65, 1, 7396
34213, 24471, 71.53, 72, 48.65, 1, 7396
34214, 24472, 71.53, 72, 48.65, 1, 7396
34215, 24472, 71.52, 72, 48.65, 1, 7396
34216, 24473, 71.53, 72, 48.65, 1, 7396
34217, 24473, 71.52, 72, 48.65, 1, 7396
34218, 24474, 71.52, 72, 48.65, 1, 7396
34219, 24475, 71.52, 72, 48.65, 1, 7396
34220, 24476, 71.53, 72, 48.65, 1, 7396
34221, 24477, 71.53, 72, 48.65, 1, 7396
34222, 24478, 71.53, 72, 48.65, 1, 7396
34223, 24479, 71.53, 72, 48.65, 1, 7396
34224, 24479, 71.53, 72, 48.65, 1, 7397
34225, 24480, 71.53, 72, 48.65, 1, 7397
34226, 24481, 71.53, 72, 48.65, 1, 7397
34227, 24482, 71.53, 72, 48.65, 1, 7397
34228, 24483, 71.53, 72, 48.65, 1, 7397
34229, 24484, 71.53, 72, 48.65, 1, 7397
34230, 24484, 71.53, 72, 48.65, 1, 7398
34231, 24485, 71.53, 72, 48.65, 1, 7398
34232, 24486, 71.53, 72, 48.65, 1, 7398
34233, 24486, 71.53, 72, 48.65, 1, 7399
34234, 24486, 71.53, 72, 48.65, 1, 7400
34235, 24487, 71.53, 72, 48.65, 1, 7400
34236, 24488, 71.53, 72, 48.65, 1, 7400
34237, 24488, 71.52, 72, 48.65, 1, 7401
34238, 24488, 71.52, 72, 48.65, 1, 7402
34239, 24489, 71.52, 72, 48.65, 1, 7402
34240, 24490, 71.52, 72, 48.65, 1, 7402
34241, 24491, 71.53, 72, 48.65, 1, 7402
34242, 24492, 71.53, 72, 48.65, 1, 7402
34243, 24492, 71.52, 72, 48.65, 1, 7403
34244, 24493, 71.52, 72, 48.65, 1, 7403
34245, 24494, 71.53, 72, 48.65, 1, 7403
34246, 24495, 71.53, 72, 48.65, 1, 7403
34247, 24496, 71.53, 72, 48.65, 1, 7403
34248, 24496, 71.53, 72, 48.65, 1, 7404
34249, 24497, 71.53, 72, 48.65, 1, 7404
34250, 24497, 71.52, 72, 48.65, 1, 7405
34251, 24498, 71.52, 72, 48.65, 1, 7405
34252, 24499, 71.53, 72, 48.65, 1, 7405
34253, 24500, 71.53, 72, 48.65, 1, 7405
34254, 24500, 71.52, 72, 48.65, 1, 7406
34255, 24501, 71.53, 72, 48.65, 1, 7406
34256, 24502, 71.53, 72, 48.65, 1, 7406
34257, 24503, 71.53, 72, 48.65, 1, 7406
34258, 24504, 71.53, 72, 48.65, 1, 7406
34259, 24505, 71.53, 72, 48.65, 1, 7406
34260, 24506, 71.53, 72, 48.65, 1, 7406
34261, 24507, 71.53, 72, 48.65, 1, 7406
34262, 24508, 71.53, 72, 48.65, 1, 7406
34263, 24508, 71.53, 72, 48.65, 1, 7407
34264, 24509, 71.53, 72, 48.65, 1, 7407
34265, 24510, 71.53, 72, 48.65, 1, 7407
34266, 24511, 71.53, 72, 48.65, 1, 7407
34267, 24512, 71.53, 72, 48.65, 1, 7407
34268, 24513, 71.53, 72, 48.65, 1, 7407
34269, 24514, 71.53, 72, 48.65, 1, 7407
34270, 24515, 71.53, 72, 48.65, 1, 7407
34271, 24516, 71.54, 72, 48.65, 1, 7407
34272, 24517, 71.54, 72, 48.65, 1, 7407
34273, 24518, 71.54, 72, 48.65, 1, 7407
34274, 24519, 71.54, 72, 48.65, 1, 7407
34275, 24519, 71.54, 72, 48.65, 1, 7408
34276, 24520, 71.54, 72, 48.65, 1, 7408
34277, 24521, 71.54, 72, 48.65, 1, 7408
34278, 24521, 71.54, 72, 48.65, 1, 7409
34279, 24522, 71.54, 72, 48.65, 1, 7409
34280, 24523, 71.54, 72, 48.65, 1, 7409
34281, 24524, 71.54, 72, 48.65, 1, 7409
34282, 24525, 71.54, 72, 48.65, 1, 7409
34283, 24526, 71.54, 72, 48.65, 1, 7409
34284, 24526, 71.54, 72, 48.65, 1, 7410
34285, 24527, 71.54, 72, 48.65, 1, 7410
34286, 24528, 71.54, 72, 48.65, 1, 7410
34287, 24529, 71.54, 72, 48.65, 1, 7410
34288, 24530, 71.54, 72, 48.65, 1, 7410
34289, 24531, 71.54, 72, 48.65, 1, 7410
34290, 24532, 71.54, 72, 48.65, 1, 7410
34291, 24532, 71.54, 72, 48.65, 1, 7411
34292, 24533, 71.54, 72, 48.65, 1, 7411
34293, 24534, 71.54, 72, 48.65, 1, 7411
34294, 24534, 71.54, 72, 48.65, 1, 7412
34295, 24535, 71.54, 72, 48.65, 1, 7412
34296, 24535, 71.54, 72, 48.65, 1, 7413
34297, 24536, 71.54, 72, 48.65, 1, 7413
34298, 24537, 71.54, 72, 48.65, 1, 7413
34299, 24538, 71.54, 72, 48.65, 1, 7413
34300, 24539, 71.54, 72, 48.65, 1, 7413
34301, 24539, 71.54, 72, 48.65, 1, 7414
34302, 24540, 71.54, 72, 48.65, 1, 7414
34303, 24541, 71.54, 72, 48.65, 1, 7414
34304, 24542, 71.54, 72, 48.65, 1, 7414
34305, 24543, 71.54, 72, 48.65, 1, 7414
34306, 24544, 71.54, 72, 48.65, 1, 7414
34307, 24545, 71.55, 72, 48.65, 1, 7414
34308, 24546, 71.55, 72, 48.65, 1, 7414
34309, 24547, 71.55, 72, 48.65, 1, 7414
34310, 24547, 71.54, 72, 48.65, 1, 7414
34311, 24548, 71.55, 72, 48.65, 1, 7414
34312, 24549, 71.55, 72, 48.65, 1, 7414
34313, 24550, 71.55, 72, 48.65, 1, 7414
34314, 24550, 71.55, 72, 48.65, 1, 7415
34315, 24551, 71.55, 72, 48.65, 1, 7415
34316, 24552, 71.55, 72, 48.65, 1, 7415
34317, 24552, 71.54, 72, 48.65, 1, 7416
34318, 24553, 71.55, 72, 48.65, 1, 7416
34319, 24554, 71.55, 72, 48.65, 1, 7416
34320, 24554, 71.54, 72, 48.65, 1, 7416
34321, 24555, 71.55, 72, 48.65, 1, 7416
34322, 24556, 71.55, 72, 48.65, 1, 7416
34323, 24556, 71.54, 72, 48.65, 1, 7416
34324, 24557, 71.54, 72, 48.65, 1, 7416
34325, 24558, 71.55, 72, 48.65, 1, 7416
34326, 24558, 71.54, 72, 48.65, 1, 7417
34327, 24559, 71.54, 72, 48.65, 1, 7417
34328, 24559, 71.54, 72, 48.65, 1, 7418
34329, 24560, 71.54, 72, 48.65, 1, 7418
34330, 24561, 71.54, 72, 48.65, 1, 7418
34331, 24562, 71.54, 72, 48.65, 1, 7418
34332, 24563, 71.55, 72, 48.65, 1, 7418
34333, 24563, 71.54, 72, 48.65, 1, 7418
34334, 24563, 71.54, 72, 48.65, 1, 7418
34335, 24563, 71.54, 72, 48.65, 1, 7418
34336, 24564, 71.54, 72, 48.65, 1, 7418
34337, 24564, 71.54, 72, 48.65, 1, 7419
34338, 24565, 71.54, 72, 48.65, 1, 7419
34339, 24566, 71.54, 72, 48.65, 1, 7419
34340, 24566, 71.54, 72, 48.65, 1, 7419
34341, 24566, 71.54, 72, 48.65, 1, 7419
34342, 24567, 71.54, 72, 48.65, 1, 7419
34343, 24567, 71.53, 72, 48.65, 1, 7420
34344, 24568, 71.54, 72, 48.65, 1, 7420
34345, 24569, 71.54, 72, 48.65, 1, 7420
34346, 24569, 71.53, 72, 48.65, 1, 7421
34347, 24570, 71.53, 72, 48.65, 1, 7421
34348, 24570, 71.53, 72, 48.65, 1, 7422
34349, 24571, 71.53, 72, 48.65, 1, 7422
34350, 24571, 71.53, 72, 48.65, 1, 7423
34351, 24572, 71.53, 72, 48.65, 1, 7423
34352, 24573, 71.53, 72, 48.65, 1, 7423
34353, 24574, 71.53, 72, 48.65, 1, 7423
34354, 24575, 71.53, 72, 48.65, 1, 7423
34355, 24576, 71.54, 72, 48.65, 1, 7423
34356, 24576, 71.53, 72, 48.65, 1, 7424
34357, 24576, 71.53, 72, 48.65, 1, 7425
34358, 24577, 71.53, 72, 48.65, 1, 7425
34359, 24578, 71.53, 72, 48.65, 1, 7425
34360, 24579, 71.53, 72, 48.65, 1, 7425
34361, 24580, 71.53, 72, 48.65, 1, 7425
34362, 24580, 71.53, 72, 48.65, 1, 7426
34363, 24580, 71.53, 72, 48.65, 1, 7427
34364, 24580, 71.53, 72, 48.65, 1, 7428
34365, 24580, 71.53, 72, 48.65, 1, 7429
34366, 24580, 71.52, 72, 48.65, 1, 7430
34367, 24580, 71.52, 72, 48.65, 1, 7431
34368, 24580, 71.52, 72, 48.65, 1, 7432
34369, 24580, 71.52, 72, 48.65, 1, 7432
34370, 24580, 71.52, 72, 48.65, 1, 7433
34371, 24580, 71.51, 72, 48.65, 1, 7434
34372, 24581, 71.51, 72, 48.65, 1, 7434
34373, 24582, 71.52, 72, 48.65, 1, 7434
34374, 24582, 71.51, 72, 48.65, 1, 7434
34375, 24583, 71.51, 72, 48.65, 1, 7434
34376, 24583, 71.51, 72, 48.65, 1, 7434
34377, 24583, 71.51, 72, 48.65, 1, 7435
34378, 24584, 71.51, 72, 48.65, 1, 7435
34379, 24584, 71.51, 72, 48.65, 1, 7436
34380, 24585, 71.51, 72, 48.65, 1, 7436
34381, 24586, 71.51, 72, 48.65, 1, 7436
34382, 24587, 71.51, 72, 48.65, 1, 7436
34383, 24588, 71.51, 72, 48.65, 1, 7436
34384, 24588, 71.51, 72, 48.65, 1, 7437
34385, 24589, 71.51, 72, 48.65, 1, 7437
34386, 24590, 71.51, 72, 48.65, 1, 7437
34387, 24591, 71.51, 72, 48.65, 1, 7437
34388, 24592, 71.51, 72, 48.65, 1, 7437
34389, 24593, 71.51, 72, 48.65, 1, 7437
34390, 24594, 71.51, 72, 48.65, 1, 7437
34391, 24595, 71.52, 72, 48.65, 1, 7437
34392, 24596, 71.52, 72, 48.65, 1, 7437
34393, 24597, 71.52, 72, 48.65, 1, 7437
34394, 24597, 71.52, 72, 48.65, 1, 7438
34395, 24597, 71.51, 72, 48.65, 1, 7438
34396, 24598, 71.51, 72, 48.65, 1, 7438
34397, 24599, 71.51, 72, 48.65, 1, 7438
34398, 24600, 71.52, 72, 48.65, 1, 7438
34399, 24601, 71.52, 72, 48.65, 1, 7438
34400, 24601, 71.51, 72, 48.65, 1, 7439
34401, 24601, 71.51, 72, 48.65, 1, 7440
34402, 24601, 71.51, 72, 48.65, 1, 7441
34403, 24602, 71.51, 72, 48.65, 1, 7441
34404, 24603, 71.51, 72, 48.65, 1, 7441
34405, 24604, 71.51, 72, 48.65, 1, 7441
34406, 24605, 71.51, 72, 48.65, 1, 7441
34407, 24605, 71.51, 72, 48.65, 1, 7442
34408, 24605, 71.51, 72, 48.65, 1, 7442
34409, 24606, 71.51, 72, 48.65, 1, 7442
34410, 24607, 71.51, 72, 48.65, 1, 7442
34411, 24607, 71.51, 72, 48.65, 1, 7443
34412, 24608, 71.51, 72, 48.65, 1, 7443
34413, 24609, 71.51, 72, 48.65, 1, 7443
34414, 24610, 71.51, 72, 48.65, 1, 7443
34415, 24611, 71.51, 72, 48.65, 1, 7443
34416, 24611, 71.51, 72, 48.65, 1, 7444
34417, 24611, 71.51, 72, 48.65, 1, 7445
34418, 24612, 71.51, 72, 48.65, 1, 7445
34419, 24613, 71.51, 72, 48.65, 1, 7445
34420, 24614, 71.51, 72, 48.65, 1, 7445
34421, 24614, 71.51, 72, 48.65, 1, 7446
34422, 24615, 71.51, 72, 48.65, 1, 7446
34423, 24616, 71.51, 72, 48.65, 1, 7446
34424, 24617, 71.51, 72, 48.65, 1, 7446
34425, 24618, 71.51, 72, 48.65, 1, 7446
34426, 24619, 71.51, 72, 48.65, 1, 7446
34427, 24619, 71.51, 72, 48.65, 1, 7447
34428, 24620, 71.51, 72, 48.65, 1, 7447
34429, 24621, 71.51, 72, 48.65, 1, 7447
34430, 24622, 71.51, 72, 48.65, 1, 7447
34431, 24622, 71.51, 72, 48.65, 1, 7448
34432, 24623, 71.51, 72, 48.65, 1, 7448
34433, 24623, 71.51, 72, 48.65, 1, 7449
34434, 24624, 71.51, 72, 48.65, 1, 7449
34435, 24625, 71.51, 72, 48.65, 1, 7449
34436, 24626, 71.51, 72, 48.65, 1, 7449
34437, 24627, 71.51, 72, 48.65, 1, 7449
34438, 24627, 71.51, 72, 48.65, 1, 7450
34439, 24628, 71.51, 72, 48.65, 1, 7450
34440, 24629, 71.51, 72, 48.65, 1, 7450
34441, 24629, 71.51, 72, 48.65, 1, 7451
34442, 24630, 71.51, 72, 48.65, 1, 7451
34443, 24630, 71.51, 72, 48.65, 1, 7452
34444, 24631, 71.51, 72, 48.65, 1, 7452
34445, 24632, 71.51, 72, 48.65, 1, 7452
34446, 24633, 71.51, 72, 48.65, 1, 7452
34447, 24634, 71.51, 72, 48.65, 1, 7452
34448, 24635, 71.51, 72, 48.65, 1, 7452
34449, 24635, 71.51, 72, 48.65, 1, 7452
34450, 24636, 71.51, 72, 48.65, 1, 7452
34451, 24637, 71.51, 72, 48.65, 1, 7452
34452, 24637, 71.51, 72, 48.65, 1, 7452
34453, 24638, 71.51, 72, 48.65, 1, 7452
34454, 24638, 71.51, 72, 48.65, 1, 7452
34455, 24639, 71.51, 72, 48.65, 1, 7452
34456, 24640, 71.51, 72, 48.65, 1, 7452
34457, 24640, 71.51, 72, 48.65, 1, 7452
34458, 24641, 71.51, 72, 48.65, 1, 7452
34459, 24641, 71.51, 72, 48.65, 1, 7453
34460, 24642, 71.51, 72, 48.65, 1, 7453
34461, 24643, 71.51, 72, 48.65, 1, 7453
34462, 24644, 71.51, 72, 48.65, 1, 7453
34463, 24645, 71.51, 72, 48.65, 1, 7453
34464, 24646, 71.51, 72, 48.65, 1, 7453
34465, 24647, 71.51, 72, 48.65, 1, 7453
34466, 24648, 71.51, 72, 48.65, 1, 7453
34467, 24649, 71.51, 72, 48.65, 1, 7453
34468, 24650, 71.52, 72, 48.65, 1, 7453
34469, 24651, 71.52, 72, 48.65, 1, 7453
34470, 24652, 71.52, 72, 48.65, 1, 7453
34471, 24653, 71.52, 72, 48.65, 1, 7453
34472, 24653, 71.52, 72, 48.65, 1, 7454
34473, 24654, 71.52, 72, 48.65, 1, 7454
34474, 24655, 71.52, 72, 48.65, 1, 7454
34475, 24656, 71.52, 72, 48.65, 1, 7454
34476, 24657, 71.52, 72, 48.65, 1, 7454
34477, 24658, 71.52, 72, 48.65, 1, 7454
34478, 24659, 71.52, 72, 48.65, 1, 7454
34479, 24660, 71.52, 72, 48.65, 1, 7454
34480, 24661, 71.52, 72, 48.65, 1, 7454
34481, 24662, 71.52, 72, 48.65, 1, 7454
34482, 24662, 71.52, 72, 48.65, 1, 7455
34483, 24663, 71.52, 72, 48.65, 1, 7455
34484, 24664, 71.52, 72, 48.65, 1, 7455
34485, 24665, 71.52, 72, 48.65, 1, 7455
34486, 24665, 71.52, 72, 48.65, 1, 7456
34487, 24665, 71.52, 72, 48.65, 1, 7457
34488, 24665, 71.52, 72, 48.65, 1, 7458
34489, 24665, 71.52, 72, 48.65, 1, 7459
34490, 24666, 71.52, 72, 48.65, 1, 7459
34491, 24667, 71.52, 72, 48.65, 1, 7459
34492, 24667, 71.52, 72, 48.65, 1, 7460
34493, 24668, 71.52, 72, 48.65, 1, 7460
34494, 24669, 71.52, 72, 48.65, 1, 7460
34495, 24669, 71.51, 72, 48.65, 1, 7461
34496, 24670, 71.52, 72, 48.65, 1, 7461
34497, 24670, 71.51, 72, 48.65, 1, 7462
34498, 24671, 71.51, 72, 48.65, 1, 7462
34499, 24672, 71.52, 72, 48.65, 1, 7462
34500, 24672, 71.51, 72, 48.65, 1, 7463
34501, 24672, 71.51, 72, 48.65, 1, 7464
34502, 24672, 71.51, 72, 48.65, 1, 7465
34503, 24672, 71.51, 72, 48.65, 1, 7466
34504, 24672, 71.50, 72, 48.65, 1, 7467
34505, 24673, 71.51, 72, 48.65, 1, 7467
34506, 24674, 71.51, 72, 48.65, 1, 7467
34507, 24675, 71.51, 72, 48.65, 1, 7467
34508, 24675, 71.51, 72, 48.65, 1, 7468
34509, 24676, 71.51, 72, 48.65, 1, 7468
34510, 24676, 71.50, 72, 48.65, 1, 7469
34511, 24677, 71.50, 72, 48.65, 1, 7469
34512, 24677, 71.50, 72, 48.65, 1, 7470
34513, 24678, 71.50, 72, 48.65, 1, 7470
34514, 24679, 71.50, 72, 48.65, 1, 7470
34515, 24680, 71.51, 72, 48.65, 1, 7470
34516, 24681, 71.51, 72, 48.65, 1, 7470
34517, 24682, 71.51, 72, 48.65, 1, 7470
34518, 24682, 71.50, 72, 48.65, 1, 7471
34519, 24683, 71.51, 72, 48.65, 1, 7471
34520, 24684, 71.51, 72, 48.65, 1, 7471
34521, 24685, 71.51, 72, 48.65, 1, 7471
34522, 24686, 71.51, 72, 48.65, 1, 7471
34523, 24687, 71.51, 72, 48.65, 1, 7471
34524, 24688, 71.51, 72, 48.65, 1, 7471
34525, 24688, 71.51, 72, 48.65, 1, 7472
34526, 24689, 71.51, 72, 48.65, 1, 7472
34527, 24690, 71.51, 72, 48.65, 1, 7472
34528, 24691, 71.51, 72, 48.65, 1, 7472
34529, 24692, 71.51, 72, 48.65, 1, 7472
34530, 24692, 71.51, 72, 48.65, 1, 7472
34531, 24692, 71.51, 72, 48.65, 1, 7472
34532, 24692, 71.50, 72, 48.65, 1, 7472
34533, 24693, 71.51, 72, 48.65, 1, 7472
34534, 24694, 71.51, 72, 48.65, 1, 7472
34535, 24695, 71.51, 72, 48.65, 1, 7472
34536, 24696, 71.51, 72, 48.65, 1, 7472
34537, 24697, 71.51, 72, 48.65, 1, 7472
34538, 24697, 71.51, 72, 48.65, 1, 7472
34539, 24697, 71.50, 72, 48.65, 1, 7472
34540, 24698, 71.51, 72, 48.65, 1, 7472
34541, 24699, 71.51, 72, 48.65, 1, 7472
34542, 24699, 71.50, 72, 48.65, 1, 7473
34543, 24700, 71.51, 72, 48.65, 1, 7473
34544, 24701, 71.51, 72, 48.65, 1, 7473
34545, 24701, 71.50, 72, 48.65, 1, 7474
34546, 24701, 71.50, 72, 48.65, 1, 7475
34547, 24701, 71.50, 72, 48.65, 1, 7476
34548, 24701, 71.50, 72, 48.65, 1, 7477
34549, 24702, 71.50, 72, 48.65, 1, 7477
34550, 24703, 71.50, 72, 48.65, 1, 7477
34551, 24704, 71.50, 72, 48.65, 1, 7477
34552, 24705, 71.50, 72, 48.65, 1, 7477
34553, 24706, 71.50, 72, 48.65, 1, 7477
34554, 24707, 71.50, 72, 48.65, 1, 7477
34555, 24707, 71.50, 72, 48.65, 1, 7478
34556, 24708, 71.50, 72, 48.65, 1, 7478
34557, 24708, 71.50, 72, 48.65, 1, 7479
34558, 24709, 71.50, 72, 48.65, 1, 7479
34559, 24709, 71.50, 72, 48.65, 1, 7480
34560, 24710, 71.50, 72, 48.65, 1, 7480
34561, 24711, 71.50, 72, 48.65, 1, 7480
34562, 24712, 71.50, 72, 48.65, 1, 7480
34563, 24713, 71.50, 72, 48.65, 1, 7480
34564, 24714, 71.50, 72, 48.65, 1, 7480
34565, 24714, 71.50, 72, 48.65, 1, 7481
34566, 24715, 71.50, 72, 48.65, 1, 7481
34567, 24716, 71.50, 72, 48.65, 1, 7481
34568, 24716, 71.50, 72, 48.65, 1, 7482
34569, 24717, 71.50, 72, 48.65, 1, 7482
34570, 24718, 71.50, 72, 48.65, 1, 7482
34571, 24719, 71.50, 72, 48.65, 1, 7482
34572, 24720, 71.50, 72, 48.65, 1, 7482
34573, 24721, 71.50, 72, 48.65, 1, 7482
34574, 24722, 71.50, 72, 48.65, 1, 7482
34575, 24723, 71.51, 72, 48.65, 1, 7482
34576, 24724, 71.51, 72, 48.65, 1, 7482
34577, 24724, 71.50, 72, 48.65, 1, 7483
34578, 24724, 71.50, 72, 48.65, 1, 7484
34579, 24725, 71.50, 72, 48.65, 1, 7484
34580, 24725, 71.50, 72, 48.65, 1, 7485
34581, 24726, 71.50, 72, 48.65, 1, 7485
34582, 24726, 71.50, 72, 48.65, 1, 7485
34583, 24727, 71.50, 72, 48.65, 1, 7485
34584, 24728, 71.50, 72, 48.65, 1, 7485
34585, 24729, 71.50, 72, 48.65, 1, 7485
34586, 24730, 71.50, 72, 48.65, 1, 7485
34587, 24730, 71.50, 72, 48.65, 1, 7486
34588, 24731, 71.50, 72, 48.65, 1, 7486
34589, 24732, 71.50, 72, 48.65, 1, 7486
34590, 24733, 71.50, 72, 48.65, 1, 7486
34591, 24734, 71.50, 72, 48.65, 1, 7486
34592, 24735, 71.50, 72, 48.65, 1, 7486
34593, 24735, 71.50, 72, 48.65, 1, 7487
34594, 24736, 71.50, 72, 48.65, 1, 7487
34595, 24737, 71.50, 72, 48.65, 1, 7487
34596, 24737, 71.50, 72, 48.65, 1, 7488
34597, 24738, 71.50, 72, 48.65, 1, 7488
34598, 24738, 71.50, 72, 48.65, 1, 7489
34599, 24739, 71.50, 72, 48.65, 1, 7489
34600, 24740, 71.50, 72, 48.65, 1, 7489
34601, 24740, 71.50, 72, 48.65, 1, 7490
34602, 24741, 71.50, 72, 48.65, 1, 7490
34603, 24742, 71.50, 72, 48.65, 1, 7490
34604, 24743, 71.50, 72, 48.65, 1, 7490
34605, 24744, 71.50, 72, 48.65, 1, 7490
34606, 24744, 71.50, 72, 48.65, 1, 7491
34607, 24745, 71.50, 72, 48.65, 1, 7491
34608, 24746, 71.50, 72, 48.65, 1, 7491
34609, 24747, 71.50, 72, 48.65, 1, 7491
34610, 24748, 71.51, 72, 48.65, 1, 7491
34611, 24749, 71.51, 72, 48.65, 1, 7491
34612, 24750, 71.51, 72, 48.65, 1, 7491
34613, 24750, 71.50, 72, 48.65, 1, 7492
34614, 24751, 71.51, 72, 48.65, 1, 7492
34615, 24752, 71.51, 72, 48.65, 1, 7492
34616, 24753, 71.51, 72, 48.65, 1, 7492
34617, 24753, 71.51, 72, 48.65, 1, 7492
34618, 24753, 71.50, 72, 48.65, 1, 7493
34619, 24753, 71.50, 72, 48.65, 1, 7494
34620, 24753, 71.50, 72, 48.65, 1, 7494
34621, 24754, 71.50, 72, 48.65, 1, 7494
34622, 24754, 71.50, 72, 48.65, 1, 7494
34623, 24755, 71.50, 72, 48.65, 1, 7494
34624, 24755, 71.50, 72, 48.65, 1, 7494
34625, 24755, 71.49, 72, 48.65, 1, 7494
34626, 24756, 71.50, 72, 48.65, 1, 7494
34627, 24757, 71.50, 72, 48.65, 1, 7494
34628, 24757, 71.49, 72, 48.65, 1, 7495
34629, 24758, 71.49, 72, 48.65, 1, 7495
34630, 24759, 71.50, 72, 48.65, 1, 7495
34631, 24760, 71.50, 72, 48.65, 1, 7495
34632, 24760, 71.49, 72, 48.65, 1, 7496
34633, 24761, 71.50, 72, 48.65, 1, 7496
34634, 24762, 71.50, 72, 48.65, 1, 7496
34635, 24763, 71.50, 72, 48.65, 1, 7496
34636, 24764, 71.50, 72, 48.65, 1, 7496
34637, 24765, 71.50, 72, 48.65, 1, 7496
34638, 24766, 71.50, 72, 48.65, 1, 7496
34639, 24767, 71.50, 72, 48.65, 1, 7496
34640, 24768, 71.50, 72, 48.65, 1, 7496
34641, 24768, 71.50, 72, 48.65, 1, 7496
34642, 24769, 71.50, 72, 48.65, 1, 7496
34643, 24770, 71.50, 72, 48.65, 1, 7496
34644, 24771, 71.50, 72, 48.65, 1, 7496
34645, 24771, 71.50, 72, 48.65, 1, 7497
34646, 24772, 71.50, 72, 48.65, 1, 7497
34647, 24773, 71.50, 72, 48.65, 1, 7497
34648, 24774, 71.50, 72, 48.65, 1, 7497
34649, 24775, 71.50, 72, 48.65, 1, 7497
34650, 24775, 71.50, 72, 48.65, 1, 7498
34651, 24775, 71.50, 72, 48.65, 1, 7498
34652, 24776, 71.50, 72, 48.65, 1, 7498
34653, 24777, 71.50, 72, 48.65, 1, 7498
34654, 24777, 71.50, 72, 48.65, 1, 7498
34655, 24777, 71.50, 72, 48.65, 1, 7499
34656, 24778, 71.50, 72, 48.65, 1, 7499
34657, 24779, 71.50, 72, 48.65, 1, 7499
34658, 24779, 71.50, 72, 48.65, 1, 7500
34659, 24780, 71.50, 72, 48.65, 1, 7500
34660, 24780, 71.49, 72, 48.65, 1, 7500
34661, 24780, 71.49, 72, 48.65, 1, 7500
34662, 24781, 71.49, 72, 48.65, 1, 7500
34663, 24782, 71.49, 72, 48.65, 1, 7500
34664, 24783, 71.49, 72, 48.65, 1, 7500
34665, 24784, 71.50, 72, 48.65, 1, 7500
34666, 24785, 71.50, 72, 48.65, 1, 7500
34667, 24785, 71.49, 72, 48.65, 1, 7501
34668, 24785, 71.49, 72, 48.65, 1, 7502
34669, 24786, 71.49, 72, 48.65, 1, 7502
34670, 24787, 71.49, 72, 48.65, 1, 7502
34671, 24788, 71.49, 72, 48.65, 1, 7502
34672, 24789, 71.50, 72, 48.65, 1, 7502
34673, 24790, 71.50, 72, 48.65, 1, 7502
34674, 24791, 71.50, 72, 48.65, 1, 7502
34675, 24791, 71.50, 72, 48.65, 1, 7502
34676, 24791, 71.49, 72, 48.65, 1, 7502
34677, 24792, 71.49, 72, 48.65, 1, 7502
34678, 24793, 71.49, 72, 48.65, 1, 7502
34679, 24793, 71.49, 72, 48.65, 1, 7502
34680, 24794, 71.49, 72, 48.65, 1, 7502
34681, 24795, 71.49, 72, 48.65, 1, 7502
34682, 24795, 71.49, 72, 48.65, 1, 7503
34683, 24796, 71.49, 72, 48.65, 1, 7503
34684, 24797, 71.49, 72, 48.65, 1, 7503
34685, 24798, 71.49, 72, 48.65, 1, 7503
34686, 24799, 71.50, 72, 48.65, 1, 7503
34687, 24799, 71.49, 72, 48.65, 1, 7504
34688, 24800, 71.49, 72, 48.65, 1, 7504
34689, 24801, 71.50, 72, 48.65, 1, 7504
34690, 24801, 71.49, 72, 48.65, 1, 7504
34691, 24802, 71.49, 72, 48.65, 1, 7504
34692, 24802, 71.49, 72, 48.65, 1, 7505
34693, 24802, 71.49, 72, 48.65, 1, 7506
34694, 24803, 71.49, 72, 48.65, 1, 7506
34695, 24804, 71.49, 72, 48.65, 1, 7506
34696, 24805, 71.49, 72, 48.65, 1, 7506
34697, 24806, 71.49, 72, 48.65, 1, 7506
34698, 24806, 71.49, 72, 48.65, 1, 7507
34699, 24807, 71.49, 72, 48.65, 1, 7507
34700, 24808, 71.49, 72, 48.65, 1, 7507
34701, 24809, 71.49, 72, 48.65, 1, 7507
34702, 24810, 71.49, 72, 48.65, 1, 7507
34703, 24810, 71.49, 72, 48.65, 1, 7508
34704, 24810, 71.49, 72, 48.65, 1, 7509
34705, 24811, 71.49, 72, 48.65, 1, 7509
34706, 24812, 71.49, 72, 48.65, 1, 7509
34707, 24813, 71.49, 72, 48.65, 1, 7509
34708, 24814, 71.49, 72, 48.65, 1, 7509
34709, 24815, 71.49, 72, 48.65, 1, 7509
34710, 24815, 71.49, 72, 48.65, 1, 7510
34711, 24816, 71.49, 72, 48.65, 1, 7510
34712, 24817, 71.49, 72, 48.65, 1, 7510
34713, 24817, 71.49, 72, 48.65, 1, 7511
34714, 24817, 71.49, 72, 48.65, 1, 7512
34715, 24817, 71.49, 72, 48.65, 1, 7513
34716, 24817, 71.49, 72, 48.65, 1, 7514
34717, 24818, 71.49, 72, 48.65, 1, 7514
34718, 24819, 71.49, 72, 48.65, 1, 7514
34719, 24819, 71.49, 72, 48.65, 1, 7515
34720, 24820, 71.49, 72, 48.65, 1, 7515
34721, 24821, 71.49, 72, 48.65, 1, 7515
34722, 24821, 71.48, 72, 48.65, 1, 7516
34723, 24822, 71.49, 72, 48.65, 1, 7516
34724, 24823, 71.49, 72, 48.65, 1, 7516
34725, 24823, 71.48, 72, 48.65, 1, 7517
34726, 24824, 71.49, 72, 48.65, 1, 7517
34727, 24825, 71.49, 72, 48.65, 1, 7517
34728, 24826, 71.49, 72, 48.65, 1, 7517
34729, 24826, 71.48, 72, 48.65, 1, 7517
34730, 24827, 71.49, 72, 48.65, 1, 7517
34731, 24828, 71.49, 72, 48.65, 1, 7517
34732, 24829, 71.49, 72, 48.65, 1, 7517
34733, 24830, 71.49, 72, 48.65, 1, 7517
34734, 24831, 71.49, 72, 48.65, 1, 7517
34735, 24832, 71.49, 72, 48.65, 1, 7517
34736, 24833, 71.49, 72, 48.65, 1, 7517
34737, 24834, 71.49, 72, 48.65, 1, 7517
34738, 24834, 71.49, 72, 48.65, 1, 7517
34739, 24835, 71.49, 72, 48.65, 1, 7517
34740, 24836, 71.49, 72, 48.65, 1, 7517
34741, 24837, 71.49, 72, 48.65, 1, 7517
34742, 24837, 71.49, 72, 48.65, 1, 7517
34743, 24838, 71.49, 72, 48.65, 1, 7517
34744, 24839, 71.49, 72, 48.65, 1, 7517
34745, 24839, 71.49, 72, 48.65, 1, 7517
34746, 24840, 71.49, 72, 48.65, 1, 7517
34747, 24841, 71.49, 72, 48.65, 1, 7517
34748, 24841, 71.49, 72, 48.65, 1, 7518
34749, 24842, 71.49, 72, 48.65, 1, 7518
34750, 24843, 71.49, 72, 48.65, 1, 7518
34751, 24843, 71.49, 72, 48.65, 1, 7519
34752, 24843, 71.49, 72, 48.65, 1, 7520
34753, 24844, 71.49, 72, 48.65, 1, 7520
34754, 24844, 71.49, 72, 48.65, 1, 7521
34755, 24845, 71.49, 72, 48.65, 1, 7521
34756, 24846, 71.49, 72, 48.65, 1, 7521
34757, 24847, 71.49, 72, 48.65, 1, 7521
34758, 24848, 71.49, 72, 48.65, 1, 7521
34759, 24849, 71.49, 72, 48.65, 1, 7521
34760, 24850, 71.49, 72, 48.65, 1, 7521
34761, 24850, 71.49, 72, 48.65, 1, 7522
34762, 24851, 71.49, 72, 48.65, 1, 7522
34763, 24852, 71.49, 72, 48.65, 1, 7522
34764, 24853, 71.49, 72, 48.65, 1, 7522
34765, 24854, 71.49, 72, 48.65, 1, 7522
34766, 24855, 71.49, 72, 48.65, 1, 7522
34767, 24856, 71.49, 72, 48.65, 1, 7522
34768, 24856, 71.49, 72, 48.65, 1, 7522
34769, 24856, 71.49, 72, 48.65, 1, 7523
34770, 24857, 71.49, 72, 48.65, 1, 7523
34771, 24858, 71.49, 72, 48.65, 1, 7523
34772, 24859, 71.49, 72, 48.65, 1, 7523
34773, 24859, 71.49, 72, 48.65, 1, 7524
34774, 24859, 71.49, 72, 48.65, 1, 7525
34775, 24860, 71.49, 72, 48.65, 1, 7525
34776, 24860, 71.49, 72, 48.65, 1, 7525
34777, 24861, 71.49, 72, 48.65, 1, 7525
34778, 24862, 71.49, 72, 48.65, 1, 7525
34779, 24863, 71.49, 72, 48.65, 1, 7525
34780, 24864, 71.49, 72, 48.65, 1, 7525
34781, 24865, 71.49, 72, 48.65, 1, 7525
34782, 24866, 71.49, 72, 48.65, 1, 7525
34783, 24867, 71.49, 72, 48.65, 1, 7525
34784, 24867, 71.49, 72, 48.65, 1, 7525
34785, 24868, 71.49, 72, 48.65, 1, 7525
34786, 24869, 71.49, 72, 48.65, 1, 7525
34787, 24870, 71.49, 72, 48.65, 1, 7525
34788, 24871, 71.49, 72, 48.65, 1, 7525
34789, 24871, 71.49, 72, 48.65, 1, 7526
34790, 24872, 71.49, 72, 48.65, 1, 7526
34791, 24873, 71.49, 72, 48.65, 1, 7526
34792, 24874, 71.49, 72, 48.65, 1, 7526
34793, 24875, 71.49, 72, 48.65, 1, 7526
34794, 24875, 71.49, 72, 48.65, 1, 7527
34795, 24876, 71.49, 72, 48.65, 1, 7527
34796, 24877, 71.49, 72, 48.65, 1, 7527
34797, 24878, 71.49, 72, 48.65, 1, 7527
34798, 24879, 71.50, 72, 48.65, 1, 7527
34799, 24879, 71.49, 72, 48.65, 1, 7528
34800, 24880, 71.49, 72, 48.65, 1, 7528
34801, 24881, 71.50, 72, 48.65, 1, 7528
34802, 24882, 71.50, 72, 48.65, 1, 7528
34803, 24883, 71.50, 72, 48.65, 1, 7528
34804, 24884, 71.50, 72, 48.65, 1, 7528
34805, 24885, 71.50, 72, 48.65, 1, 7528
34806, 24885, 71.50, 72, 48.65, 1, 7529
34807, 24885, 71.49, 72, 48.65, 1, 7530
34808, 24886, 71.50, 72, 48.65, 1, 7530
34809, 24886, 71.49, 72, 48.65, 1, 7531
34810, 24887, 71.49, 72, 48.65, 1, 7531
34811, 24888, 71.49, 72, 48.65, 1, 7531
34812, 24889, 71.50, 72, 48.65, 1, 7531
34813, 24890, 71.50, 72, 48.65, 1, 7531
34814, 24891, 71.50, 72, 48.65, 1, 7531
34815, 24891, 71.50, 72, 48.65, 1, 7532
34816, 24892, 71.50, 72, 48.65, 1, 7532
34817, 24893, 71.50, 72, 48.65, 1, 7532
34818, 24894, 71.50, 72, 48.65, 1, 7532
34819, 24895, 71.50, 72, 48.65, 1, 7532
34820, 24895, 71.50, 72, 48.65, 1, 7533
34821, 24896, 71.50, 72, 48.65, 1, 7533
34822, 24897, 71.50, 72, 48.65, 1, 7533
34823, 24898, 71.50, 72, 48.65, 1, 7533
34824, 24898, 71.50, 72, 48.65, 1, 7534
34825, 24899, 71.50, 72, 48.65, 1, 7534
34826, 24900, 71.50, 72, 48.65, 1, 7534
34827, 24900, 71.50, 72, 48.65, 1, 7535
34828, 24901, 71.50, 72, 48.65, 1, 7535
34829, 24902, 71.50, 72, 48.65, 1, 7535
34830, 24902, 71.50, 72, 48.65, 1, 7536
34831, 24902, 71.49, 72, 48.65, 1, 7537
34832, 24903, 71.49, 72, 48.65, 1, 7537
34833, 24904, 71.50, 72, 48.65, 1, 7537
34834, 24905, 71.50, 72, 48.65, 1, 7537
34835, 24906, 71.50, 72, 48.65, 1, 7537
34836, 24906, 71.50, 72, 48.65, 1, 7537
34837, 24906, 71.49, 72, 48.65, 1, 7538
34838, 24907, 71.49, 72, 48.65, 1, 7538
34839, 24907, 71.49, 72, 48.65, 1, 7539
34840, 24908, 71.49, 72, 48.65, 1, 7539
34841, 24909, 71.49, 72, 48.65, 1, 7539
34842, 24910, 71.49, 72, 48.65, 1, 7539
34843, 24911, 71.49, 72, 48.65, 1, 7539
34844, 24911, 71.49, 72, 48.65, 1, 7540
34845, 24912, 71.49, 72, 48.65, 1, 7540
34846, 24913, 71.49, 72, 48.65, 1, 7540
34847, 24914, 71.50, 72, 48.65, 1, 7540
34848, 24915, 71.50, 72, 48.65, 1, 7540
34849, 24916, 71.50, 72, 48.65, 1, 7540
34850, 24916, 71.49, 72, 48.65, 1, 7540
34851, 24917, 71.50, 72, 48.65, 1, 7540
34852, 24918, 71.50, 72, 48.65, 1, 7540
34853, 24919, 71.50, 72, 48.65, 1, 7540
34854, 24920, 71.50, 72, 48.65, 1, 7540
34855, 24921, 71.50, 72, 48.65, 1, 7540
34856, 24922, 71.50, 72, 48.65, 1, 7540
34857, 24923, 71.50, 72, 48.65, 1, 7540
34858, 24923, 71.50, 72, 48.65, 1, 7541
34859, 24924, 71.50, 72, 48.65, 1, 7541
34860, 24925, 71.50, 72, 48.65, 1, 7541
34861, 24926, 71.50, 72, 48.65, 1, 7541
34862, 24927, 71.50, 72, 48.65, 1, 7541
34863, 24928, 71.50, 72, 48.65, 1, 7541
34864, 24929, 71.50, 72, 48.65, 1, 7541
34865, 24929, 71.50, 72, 48.65, 1, 7542
34866, 24930, 71.50, 72, 48.65, 1, 7542
34867, 24930, 71.50, 72, 48.65, 1, 7543
34868, 24931, 71.50, 72, 48.65, 1, 7543
34869, 24932, 71.50, 72, 48.65, 1, 7543
34870, 24933, 71.50, 72, 48.65, 1, 7543
34871, 24933, 71.50, 72, 48.65, 1, 7544
34872, 24934, 71.50, 72, 48.65, 1, 7544
34873, 24935, 71.50, 72, 48.65, 1, 7544
34874, 24936, 71.50, 72, 48.65, 1, 7544
34875, 24937, 71.50, 72, 48.65, 1, 7544
34876, 24937, 71.50, 72, 48.65, 1, 7544
34877, 24938, 71.50, 72, 48.65, 1, 7544
34878, 24939, 71.50, 72, 48.65, 1, 7544
34879, 24939, 71.50, 72, 48.65, 1, 7545
34880, 24940, 71.50, 72, 48.65, 1, 7545
34881, 24941, 71.50, 72, 48.65, 1, 7545
34882, 24942, 71.50, 72, 48.65, 1, 7545
34883, 24943, 71.50, 72, 48.65, 1, 7545
34884, 24944, 71.51, 72, 48.65, 1, 7545
34885, 24945, 71.51, 72, 48.65, 1, 7545
34886, 24946, 71.51, 72, 48.65, 1, 7545
34887, 24947, 71.51, 72, 48.65, 1, 7545
34888, 24947, 71.51, 72, 48.65, 1, 7546
34889, 24947, 71.50, 72, 48.65, 1, 7547
34890, 24948, 71.50, 72, 48.65, 1, 7547
34891, 24949, 71.51, 72, 48.65, 1, 7547
34892, 24950, 71.51, 72, 48.65, 1, 7547
34893, 24951, 71.51, 72, 48.65, 1, 7547
34894, 24951, 71.51, 72, 48.65, 1, 7548
34895, 24952, 71.51, 72, 48.65, 1, 7548
34896, 24953, 71.51, 72, 48.65, 1, 7548
34897, 24954, 71.51, 72, 48.65, 1, 7548
34898, 24955, 71.51, 72, 48.65, 1, 7548
34899, 24956, 71.51, 72, 48.65, 1, 7548
34900, 24957, 71.51, 72, 48.65, 1, 7548
34901, 24958, 71.51, 72, 48.65, 1, 7548
34902, 24959, 71.51, 72, 48.65, 1, 7548
34903, 24959, 71.51, 72, 48.65, 1, 7549
34904, 24959, 71.51, 72, 48.65, 1, 7550
34905, 24959, 71.51, 72, 48.65, 1, 7551
34906, 24960, 71.51, 72, 48.65, 1, 7551
34907, 24961, 71.51, 72, 48.65, 1, 7551
34908, 24962, 71.51, 72, 48.65, 1, 7551
34909, 24962, 71.51, 72, 48.65, 1, 7551
34910, 24963, 71.51, 72, 48.65, 1, 7551
34911, 24964, 71.51, 72, 48.65, 1, 7551
34912, 24965, 71.51, 72, 48.65, 1, 7551
34913, 24966, 71.51, 72, 48.65, 1, 7551
34914, 24966, 71.51, 72, 48.65, 1, 7551
34915, 24967, 71.51, 72, 48.65, 1, 7551
34916, 24968, 71.51, 72, 48.65, 1, 7551
34917, 24969, 71.51, 72, 48.65, 1, 7551
34918, 24970, 71.51, 72, 48.65, 1, 7551
34919, 24971, 71.51, 72, 48.65, 1, 7551
34920, 24972, 71.51, 72, 48.65, 1, 7551
34921, 24973, 71.51, 72, 48.65, 1, 7551
34922, 24973, 71.51, 72, 48.65, 1, 7551
34923, 24974, 71.51, 72, 48.65, 1, 7551
34924, 24975, 71.51, 72, 48.65, 1, 7551
34925, 24976, 71.51, 72, 48.65, 1, 7551
34926, 24977, 71.51, 72, 48.65, 1, 7551
34927, 24978, 71.51, 72, 48.65, 1, 7551
34928, 24979, 71.52, 72, 48.65, 1, 7551
34929, 24980, 71.52, 72, 48.65, 1, 7551
34930, 24980, 71.51, 72, 48.65, 1, 7552
34931, 24981, 71.52, 72, 48.65, 1, 7552
34932, 24982, 71.52, 72, 48.65, 1, 7552
34933, 24983, 71.52, 72, 48.65, 1, 7552
34934, 24984, 71.52, 72, 48.65, 1, 7552
34935, 24985, 71.52, 72, 48.65, 1, 7552
34936, 24986, 71.52, 72, 48.65, 1, 7552
34937, 24987, 71.52, 72, 48.65, 1, 7552
34938, 24988, 71.52, 72, 48.65, 1, 7552
34939, 24988, 71.52, 72, 48.65, 1, 7553
34940, 24989, 71.52, 72, 48.65, 1, 7553
34941, 24989, 71.52, 72, 48.65, 1, 7554
34942, 24990, 71.52, 72, 48.65, 1, 7554
34943, 24991, 71.52, 72, 48.65, 1, 7554
34944, 24992, 71.52, 72, 48.65, 1, 7554
34945, 24993, 71.52, 72, 48.65, 1, 7554
34946, 24993, 71.52, 72, 48.65, 1, 7555
34947, 24994, 71.52, 72, 48.65, 1, 7555
34948, 24995, 71.52, 72, 48.65, 1, 7555
34949, 24996, 71.52, 72, 48.65, 1, 7555
34950, 24997, 71.52, 72, 48.65, 1, 7555
34951, 24998, 71.52, 72, 48.65, 1, 7555
34952, 24999, 71.52, 72, 48.65, 1, 7555
34953, 24999, 71.52, 72, 48.65, 1, 7556
34954, 25000, 71.52, 72, 48.65, 1, 7556
34955, 25001, 71.52, 72, 48.65, 1, 7556
34956, 25002, 71.52, 72, 48.65, 1, 7556
34957, 25003, 71.53, 72, 48.65, 1, 7556
34958, 25003, 71.52, 72, 48.65, 1, 7557
34959, 25003, 71.52, 72, 48.65, 1, 7558
34960, 25004, 71.52, 72, 48.65, 1, 7558
34961, 25005, 71.52, 72, 48.65, 1, 7558
34962, 25006, 71.52, 72, 48.65, 1, 7558
34963, 25006, 71.52, 72, 48.65, 1, 7559
34964, 25007, 71.52, 72, 48.65, 1, 7559
34965, 25007, 71.52, 72, 48.65, 1, 7560
34966, 25008, 71.52, 72, 48.65, 1, 7560
34967, 25009, 71.52, 72, 48.65, 1, 7560
34968, 25009, 71.52, 72, 48.65, 1, 7561
34969, 25009, 71.52, 72, 48.65, 1, 7562
34970, 25010, 71.52, 72, 48.65, 1, 7562
34971, 25011, 71.52, 72, 48.65, 1, 7562
34972, 25011, 71.52, 72, 48.65, 1, 7562
34973, 25012, 71.52, 72, 48.65, 1, 7562
34974, 25013, 71.52, 72, 48.65, 1, 7562
34975, 25014, 71.52, 72, 48.65, 1, 7562
34976, 25015, 71.52, 72, 48.65, 1, 7562
34977, 25016, 71.52, 72, 48.65, 1, 7562
34978, 25017, 71.52, 72, 48.65, 1, 7562
34979, 25017, 71.52, 72, 48.65, 1, 7563
34980, 25018, 71.52, 72, 48.65, 1, 7563
34981, 25019, 71.52, 72, 48.65, 1, 7563
34982, 25020, 71.52, 72, 48.65, 1, 7563
34983, 25021, 71.52, 72, 48.65, 1, 7563
34984, 25022, 71.52, 72, 48.65, 1, 7563
34985, 25023, 71.52, 72, 48.65, 1, 7563
34986, 25024, 71.53, 72, 48.65, 1, 7563
34987, 25024, 71.52, 72, 48.65, 1, 7564
34988, 25025, 71.52, 72, 48.65, 1, 7564
34989, 25026, 71.53, 72, 48.65, 1, 7564
34990, 25027, 71.53, 72, 48.65, 1, 7564
34991, 25028, 71.53, 72, 48.65, 1, 7564
34992, 25029, 71.53, 72, 48.65, 1, 7564
34993, 25030, 71.53, 72, 48.65, 1, 7564
34994, 25031, 71.53, 72, 48.65, 1, 7564
34995, 25032, 71.53, 72, 48.65, 1, 7564
34996, 25033, 71.53, 72, 48.65, 1, 7564
34997, 25034, 71.53, 72, 48.65, 1, 7564
34998, 25034, 71.53, 72, 48.65, 1, 7564
34999, 25034, 71.53, 72, 48.65, 1, 7564
35000, 25034, 71.53, 72, 48.65, 1, 7564
35001, 25035, 71.53, 72, 48.65, 1, 7564
35002, 25035, 71.52, 72, 48.65, 1, 7564
35003, 25035, 71.52, 72, 48.65, 1, 7564
35004, 25036, 71.52, 72, 48.65, 1, 7564
35005, 25037, 71.52, 72, 48.65, 1, 7564
35006, 25038, 71.52, 72, 48.65, 1, 7564
35007, 25038, 71.52, 72, 48.65, 1, 7564
35008, 25038, 71.52, 72, 48.65, 1, 7565
35009, 25039, 71.52, 72, 48.65, 1, 7565
35010, 25040, 71.52, 72, 48.65, 1, 7565
35011, 25040, 71.52, 72, 48.65, 1, 7566
35012, 25041, 71.52, 72, 48.65, 1, 7566
35013, 25041, 71.52, 72, 48.65, 1, 7567
35014, 25042, 71.52, 72, 48.65, 1, 7567
35015, 25042, 71.52, 72, 48.65, 1, 7568
35016, 25043, 71.52, 72, 48.65, 1, 7568
35017, 25044, 71.52, 72, 48.65, 1, 7568
35018, 25045, 71.52, 72, 48.65, 1, 7568
35019, 25045, 71.52, 72, 48.65, 1, 7569
35020, 25045, 71.52, 72, 48.65, 1, 7570
35021, 25046, 71.52, 72, 48.65, 1, 7570
35022, 25047, 71.52, 72, 48.65, 1, 7570
35023, 25047, 71.52, 72, 48.65, 1, 7570
35024, 25048, 71.52, 72, 48.65, 1, 7570
35025, 25049, 71.52, 72, 48.65, 1, 7570
35026, 25049, 71.52, 72, 48.65, 1, 7570
35027, 25050, 71.52, 72, 48.65, 1, 7570
35028, 25051, 71.52, 72, 48.65, 1, 7570
35029, 25051, 71.52, 72, 48.65, 1, 7571
35030, 25052, 71.52, 72, 48.65, 1, 7571
35031, 25053, 71.52, 72, 48.65, 1, 7571
35032, 25053, 71.51, 72, 48.65, 1, 7572
35033, 25054, 71.52, 72, 48.65, 1, 7572
35034, 25055, 71.52, 72, 48.65, 1, 7572
35035, 25056, 71.52, 72, 48.65, 1, 7572
35036, 25057, 71.52, 72, 48.65, 1, 7572
35037, 25057, 71.52, 72, 48.65, 1, 7572
35038, 25058, 71.52, 72, 48.65, 1, 7572
35039, 25059, 71.52, 72, 48.65, 1, 7572
35040, 25060, 71.52, 72, 48.65, 1, 7572
35041, 25061, 71.52, 72, 48.65, 1, 7572
35042, 25062, 71.52, 72, 48.65, 1, 7572
35043, 25063, 71.52, 72, 48.65, 1, 7572
35044, 25064, 71.52, 72, 48.65, 1, 7572
35045, 25065, 71.52, 72, 48.65, 1, 7572
35046, 25065, 71.52, 72, 48.65, 1, 7572
35047, 25065, 71.52, 72, 48.65, 1, 7573
35048, 25066, 71.52, 72, 48.65, 1, 7573
35049, 25067, 71.52, 72, 48.65, 1, 7573
35050, 25068, 71.52, 72, 48.65, 1, 7573
35051, 25069, 71.52, 72, 48.65, 1, 7573
35052, 25070, 71.52, 72, 48.65, 1, 7573
35053, 25071, 71.52, 72, 48.65, 1, 7573
35054, 25072, 71.52, 72, 48.65, 1, 7573
35055, 25073, 71.52, 72, 48.65, 1, 7573
35056, 25073, 71.52, 72, 48.65, 1, 7574
35057, 25073, 71.52, 72, 48.65, 1, 7575
35058, 25074, 71.52, 72, 48.65, 1, 7575
35059, 25075, 71.52, 72, 48.65, 1, 7575
35060, 25076, 71.52, 72, 48.65, 1, 7575
35061, 25077, 71.52, 72, 48.65, 1, 7575
35062, 25078, 71.52, 72, 48.65, 1, 7575
35063, 25078, 71.52, 72, 48.65, 1, 7576
35064, 25078, 71.52, 72, 48.65, 1, 7577
35065, 25079, 71.52, 72, 48.65, 1, 7577
35066, 25080, 71.52, 72, 48.65, 1, 7577
35067, 25080, 71.52, 72, 48.65, 1, 7578
35068, 25081, 71.52, 72, 48.65, 1, 7578
35069, 25082, 71.52, 72, 48.65, 1, 7578
35070, 25082, 71.52, 72, 48.65, 1, 7579
35071, 25083, 71.52, 72, 48.65, 1, 7579
35072, 25084, 71.52, 72, 48.65, 1, 7579
35073, 25085, 71.52, 72, 48.65, 1, 7579
35074, 25086, 71.52, 72, 48.65, 1, 7579
35075, 25087, 71.52, 72, 48.65, 1, 7579
35076, 25088, 71.52, 72, 48.65, 1, 7579
35077, 25089, 71.53, 72, 48.65, 1, 7579
35078, 25090, 71.53, 72, 48.65, 1, 7579
35079, 25090, 71.52, 72, 48.65, 1, 7580
35080, 25091, 71.53, 72, 48.65, 1, 7580
35081, 25092, 71.53, 72, 48.65, 1, 7580
35082, 25092, 71.52, 72, 48.65, 1, 7580
35083, 25092, 71.52, 72, 48.65, 1, 7581
35084, 25092, 71.52, 72, 48.65, 1, 7582
35085, 25093, 71.52, 72, 48.65, 1, 7582
35086, 25094, 71.52, 72, 48.65, 1, 7582
35087, 25095, 71.52, 72, 48.65, 1, 7582
35088, 25096, 71.52, 72, 48.65, 1, 7582
35089, 25097, 71.52, 72, 48.65, 1, 7582
35090, 25098, 71.52, 72, 48.65, 1, 7582
35091, 25099, 71.53, 72, 48.65, 1, 7582
35092, 25100, 71.53, 72, 48.65, 1, 7582
35093, 25100, 71.52, 72, 48.65, 1, 7583
35094, 25101, 71.53, 72, 48.65, 1, 7583
35095, 25102, 71.53, 72, 48.65, 1, 7583
35096, 25102, 71.52, 72, 48.65, 1, 7584
35097, 25102, 71.52, 72, 48.65, 1, 7585
35098, 25103, 71.52, 72, 48.65, 1, 7585
35099, 25103, 71.52, 72, 48.65, 1, 7585
35100, 25104, 71.52, 72, 48.65, 1, 7585
35101, 25105, 71.52, 72, 48.65, 1, 7585
35102, 25105, 71.52, 72, 48.65, 1, 7586
35103, 25105, 71.52, 72, 48.65, 1, 7587
35104, 25105, 71.52, 72, 48.65, 1, 7588
35105, 25106, 71.52, 72, 48.65, 1, 7588
35106, 25106, 71.51, 72, 48.65, 1, 7589
35107, 25107, 71.52, 72, 48.65, 1, 7589
35108, 25108, 71.52, 72, 48.65, 1, 7589
35109, 25109, 71.52, 72, 48.65, 1, 7589
35110, 25109, 71.52, 72, 48.65, 1, 7589
35111, 25109, 71.51, 72, 48.65, 1, 7589
35112, 25109, 71.51, 72, 48.65, 1, 7590
35113, 25110, 71.51, 72, 48.65, 1, 7590
35114, 25111, 71.51, 72, 48.65, 1, 7590
35115, 25112, 71.51, 72, 48.65, 1, 7590
35116, 25113, 71.51, 72, 48.65, 1, 7590
35117, 25113, 71.51, 72, 48.65, 1, 7591
35118, 25114, 71.51, 72, 48.65, 1, 7591
35119, 25115, 71.51, 72, 48.65, 1, 7591
35120, 25115, 71.51, 72, 48.65, 1, 7591
35121, 25116, 71.51, 72, 48.65, 1, 7591
35122, 25117, 71.51, 72, 48.65, 1, 7591
35123, 25118, 71.51, 72, 48.65, 1, 7591
35124, 25119, 71.52, 72, 48.65, 1, 7591
35125, 25120, 71.52, 72, 48.65, 1, 7591
35126, 25121, 71.52, 72, 48.65, 1, 7591
35127, 25121, 71.51, 72, 48.65, 1, 7591
35128, 25121, 71.51, 72, 48.65, 1, 7591
35129, 25122, 71.51, 72, 48.65, 1, 7591
35130, 25123, 71.51, 72, 48.65, 1, 7591
35131, 25124, 71.52, 72, 48.65, 1, 7591
35132, 25124, 71.51, 72, 48.65, 1, 7592
35133, 25125, 71.51, 72, 48.65, 1, 7592
35134, 25125, 71.51, 72, 48.65, 1, 7593
35135, 25125, 71.51, 72, 48.65, 1, 7594
35136, 25126, 71.51, 72, 48.65, 1, 7594
35137, 25127, 71.51, 72, 48.65, 1, 7594
35138, 25128, 71.51, 72, 48.65, 1, 7594
35139, 25129, 71.51, 72, 48.65, 1, 7594
35140, 25129, 71.51, 72, 48.65, 1, 7595
35141, 25129, 71.51, 72, 48.65, 1, 7596
35142, 25130, 71.51, 72, 48.65, 1, 7596
35143, 25131, 71.51, 72, 48.65, 1, 7596
35144, 25131, 71.51, 72, 48.65, 1, 7597
35145, 25132, 71.51, 72, 48.65, 1, 7597
35146, 25133, 71.51, 72, 48.65, 1, 7597
35147, 25134, 71.51, 72, 48.65, 1, 7597
35148, 25135, 71.51, 72, 48.65, 1, 7597
35149, 25136, 71.51, 72, 48.65, 1, 7597
35150, 25137, 71.51, 72, 48.65, 1, 7597
35151, 25138, 71.51, 72, 48.65, 1, 7597
35152, 25139, 71.52, 72, 48.65, 1, 7597
35153, 25139, 71.51, 72, 48.65, 1, 7598
35154, 25140, 71.51, 72, 48.65, 1, 7598
35155, 25141, 71.51, 72, 48.65, 1, 7598
35156, 25142, 71.52, 72, 48.65, 1, 7598
35157, 25143, 71.52, 72, 48.65, 1, 7598
35158, 25144, 71.52, 72, 48.65, 1, 7598
35159, 25145, 71.52, 72, 48.65, 1, 7598
35160, 25146, 71.52, 72, 48.65, 1, 7598
35161, 25146, 71.52, 72, 48.65, 1, 7599
35162, 25147, 71.52, 72, 48.65, 1, 7599
35163, 25148, 71.52, 72, 48.65, 1, 7599
35164, 25149, 71.52, 72, 48.65, 1, 7599
35165, 25150, 71.52, 72, 48.65, 1, 7599
35166, 25151, 71.52, 72, 48.65, 1, 7599
35167, 25152, 71.52, 72, 48.65, 1, 7599
35168, 25153, 71.52, 72, 48.65, 1, 7599
35169, 25154, 71.52, 72, 48.65, 1, 7599
35170, 25155, 71.52, 72, 48.65, 1, 7599
35171, 25156, 71.52, 72, 48.65, 1, 7599
35172, 25157, 71.53, 72, 48.65, 1, 7599
35173, 25158, 71.53, 72, 48.65, 1, 7599
35174, 25159, 71.53, 72, 48.65, 1, 7599
35175, 25160, 71.53, 72, 48.65, 1, 7599
35176, 25161, 71.53, 72, 48.65, 1, 7599
35177, 25161, 71.53, 72, 48.65, 1, 7600
35178, 25162, 71.53, 72, 48.65, 1, 7600
35179, 25162, 71.53, 72, 48.65, 1, 7601
35180, 25162, 71.52, 72, 48.65, 1, 7602
35181, 25163, 71.52, 72, 48.65, 1, 7602
35182, 25163, 71.52, 72, 48.65, 1, 7603
35183, 25164, 71.52, 72, 48.65, 1, 7603
35184, 25165, 71.52, 72, 48.65, 1, 7603
35185, 25165, 71.52, 72, 48.65, 1, 7604
35186, 25166, 71.52, 72, 48.65, 1, 7604
35187, 25167, 71.52, 72, 48.65, 1, 7604
35188, 25168, 71.52, 72, 48.65, 1, 7604
35189, 25168, 71.52, 72, 48.65, 1, 7605
35190, 25169, 71.52, 72, 48.65, 1, 7605
35191, 25169, 71.52, 72, 48.65, 1, 7605
35192, 25169, 71.52, 72, 48.65, 1, 7605
35193, 25169, 71.52, 72, 48.65, 1, 7606
35194, 25170, 71.52, 72, 48.65, 1, 7606
35195, 25171, 71.52, 72, 48.65, 1, 7606
35196, 25172, 71.52, 72, 48.65, 1, 7606
35197, 25173, 71.52, 72, 48.65, 1, 7606
35198, 25174, 71.52, 72, 48.65, 1, 7606
35199, 25175, 71.52, 72, 48.65, 1, 7606
35200, 25176, 71.52, 72, 48.65, 1, 7606
35201, 25177, 71.52, 72, 48.65, 1, 7606
35202, 25178, 71.52, 72, 48.65, 1, 7606
35203, 25179, 71.53, 72, 48.65, 1, 7606
35204, 25180, 71.53, 72, 48.65, 1, 7606
35205, 25181, 71.53, 72, 48.65, 1, 7606
35206, 25181, 71.52, 72, 48.65, 1, 7607
35207, 25182, 71.53, 72, 48.65, 1, 7607
35208, 25182, 71.52, 72, 48.65, 1, 7608
35209, 25182, 71.52, 72, 48.65, 1, 7609
35210, 25182, 71.52, 72, 48.65, 1, 7609
35211, 25183, 71.52, 72, 48.65, 1, 7609
35212, 25184, 71.52, 72, 48.65, 1, 7609
35213, 25185, 71.52, 72, 48.65, 1, 7609
35214, 25186, 71.52, 72, 48.65, 1, 7609
35215, 25187, 71.52, 72, 48.65, 1, 7609
35216, 25187, 71.52, 72, 48.65, 1, 7609
35217, 25188, 71.52, 72, 48.65, 1, 7609
35218, 25188, 71.52, 72, 48.65, 1, 7610
35219, 25189, 71.52, 72, 48.65, 1, 7610
35220, 25190, 71.52, 72, 48.65, 1, 7610
35221, 25191, 71.52, 72, 48.65, 1, 7610
35222, 25192, 71.52, 72, 48.65, 1, 7610
35223, 25193, 71.52, 72, 48.65, 1, 7610
35224, 25194, 71.53, 72, 48.65, 1, 7610
35225, 25194, 71.52, 72, 48.65, 1, 7611
35226, 25194, 71.52, 72, 48.65, 1, 7612
35227, 25194, 71.52, 72, 48.65, 1, 7612
35228, 25195, 71.52, 72, 48.65, 1, 7612
35229, 25196, 71.52, 72, 48.65, 1, 7612
35230, 25197, 71.52, 72, 48.65, 1, 7612
35231, 25197, 71.52, 72, 48.65, 1, 7613
35232, 25198, 71.52, 72, 48.65, 1, 7613
35233, 25199, 71.52, 72, 48.65, 1, 7613
35234, 25200, 71.52, 72, 48.65, 1, 7613
35235, 25200, 71.52, 72, 48.65, 1, 7614
35236, 25201, 71.52, 72, 48.65, 1, 7614
35237, 25202, 71.52, 72, 48.65, 1, 7614
35238, 25203, 71.52, 72, 48.65, 1, 7614
35239, 25204, 71.52, 72, 48.65, 1, 7614
35240, 25204, 71.52, 72, 48.65, 1, 7614
35241, 25204, 71.52, 72, 48.65, 1, 7615
35242, 25205, 71.52, 72, 48.65, 1, 7615
35243, 25206, 71.52, 72, 48.65, 1, 7615
35244, 25207, 71.52, 72, 48.65, 1, 7615
35245, 25208, 71.52, 72, 48.65, 1, 7615
35246, 25209, 71.52, 72, 48.65, 1, 7615
35247, 25209, 71.52, 72, 48.65, 1, 7616
35248, 25210, 71.52, 72, 48.65, 1, 7616
35249, 25211, 71.52, 72, 48.65, 1, 7616
35250, 25212, 71.52, 72, 48.65, 1, 7616
35251, 25213, 71.52, 72, 48.65, 1, 7616
35252, 25213, 71.52, 72, 48.65, 1, 7617
35253, 25214, 71.52, 72, 48.65, 1, 7617
35254, 25215, 71.52, 72, 48.65, 1, 7617
35255, 25215, 71.52, 72, 48.65, 1, 7617
35256, 25216, 71.52, 72, 48.65, 1, 7617
35257, 25216, 71.52, 72, 48.65, 1, 7617
35258, 25217, 71.52, 72, 48.65, 1, 7617
35259, 25218, 71.52, 72, 48.65, 1, 7617
35260, 25218, 71.52, 72, 48.65, 1, 7617
35261, 25219, 71.52, 72, 48.65, 1, 7617
35262, 25219, 71.52, 72, 48.65, 1, 7618
35263, 25220, 71.52, 72, 48.65, 1, 7618
35264, 25221, 71.52, 72, 48.65, 1, 7618
35265, 25222, 71.52, 72, 48.65, 1, 7618
35266, 25222, 71.52, 72, 48.65, 1, 7619
35267, 25223, 71.52, 72, 48.65, 1, 7619
35268, 25224, 71.52, 72, 48.65, 1, 7619
35269, 25225, 71.52, 72, 48.65, 1, 7619
35270, 25226, 71.52, 72, 48.65, 1, 7619
35271, 25227, 71.52, 72, 48.65, 1, 7619
35272, 25228, 71.52, 72, 48.65, 1, 7619
35273, 25229, 71.52, 72, 48.65, 1, 7619
35274, 25230, 71.53, 72, 48.65, 1, 7619
35275, 25231, 71.53, 72, 48.65, 1, 7619
35276, 25232, 71.53, 72, 48.65, 1, 7619
35277, 25233, 71.53, 72, 48.65, 1, 7619
35278, 25233, 71.53, 72, 48.65, 1, 7620
35279, 25234, 71.53, 72, 48.65, 1, 7620
35280, 25234, 71.52, 72, 48.65, 1, 7621
35281, 25235, 71.53, 72, 48.65, 1, 7621
35282, 25236, 71.53, 72, 48.65, 1, 7621
35283, 25237, 71.53, 72, 48.65, 1, 7621
35284, 25238, 71.53, 72, 48.65, 1, 7621
35285, 25239, 71.53, 72, 48.65, 1, 7621
35286, 25239, 71.53, 72, 48.65, 1, 7621
35287, 25239, 71.52, 72, 48.65, 1, 7621
35288, 25240, 71.53, 72, 48.65, 1, 7621
35289, 25241, 71.53, 72, 48.65, 1, 7621
35290, 25242, 71.53, 72, 48.65, 1, 7621
35291, 25243, 71.53, 72, 48.65, 1, 7621
35292, 25244, 71.53, 72, 48.65, 1, 7621
35293, 25245, 71.53, 72, 48.65, 1, 7621
35294, 25246, 71.53, 72, 48.65, 1, 7621
35295, 25247, 71.53, 72, 48.65, 1, 7621
35296, 25248, 71.53, 72, 48.65, 1, 7621
35297, 25249, 71.53, 72, 48.65, 1, 7621
35298, 25250, 71.53, 72, 48.65, 1, 7621
35299, 25251, 71.53, 72, 48.65, 1, 7621
35300, 25252, 71.54, 72, 48.65, 1, 7621
35301, 25253, 71.54, 72, 48.65, 1, 7621
35302, 25253, 71.53, 72, 48.65, 1, 7621
35303, 25254, 71.53, 72, 48.65, 1, 7621
35304, 25255, 71.54, 72, 48.65, 1, 7621
35305, 25256, 71.54, 72, 48.65, 1, 7621
35306, 25256, 71.53, 72, 48.65, 1, 7621
35307, 25256, 71.53, 72, 48.65, 1, 7621
35308, 25256, 71.53, 72, 48.65, 1, 7621
35309, 25257, 71.53, 72, 48.65, 1, 7621
35310, 25257, 71.53, 72, 48.65, 1, 7621
35311, 25258, 71.53, 72, 48.65, 1, 7621
35312, 25259, 71.53, 72, 48.65, 1, 7621
35313, 25260, 71.53, 72, 48.65, 1, 7621
35314, 25260, 71.53, 72, 48.65, 1, 7622
35315, 25261, 71.53, 72, 48.65, 1, 7622
35316, 25261, 71.53, 72, 48.65, 1, 7623
35317, 25261, 71.53, 72, 48.65, 1, 7624
35318, 25262, 71.53, 72, 48.65, 1, 7624
35319, 25262, 71.53, 72, 48.65, 1, 7624
35320, 25263, 71.53, 72, 48.65, 1, 7624
35321, 25264, 71.53, 72, 48.65, 1, 7624
35322, 25265, 71.53, 72, 48.65, 1, 7624
35323, 25265, 71.53, 72, 48.65, 1, 7624
35324, 25266, 71.53, 72, 48.65, 1, 7624
35325, 25267, 71.53, 72, 48.65, 1, 7624
35326, 25267, 71.53, 72, 48.65, 1, 7625
35327, 25268, 71.53, 72, 48.65, 1, 7625
35328, 25268, 71.52, 72, 48.65, 1, 7626
35329, 25269, 71.52, 72, 48.65, 1, 7626
35330, 25270, 71.53, 72, 48.65, 1, 7626
35331, 25270, 71.52, 72, 48.65, 1, 7627
35332, 25270, 71.52, 72, 48.65, 1, 7628
35333, 25270, 71.52, 72, 48.65, 1, 7629
35334, 25270, 71.52, 72, 48.65, 1, 7630
35335, 25270, 71.52, 72, 48.65, 1, 7630
35336, 25270, 71.51, 72, 48.65, 1, 7630
35337, 25271, 71.51, 72, 48.65, 1, 7630
35338, 25272, 71.52, 72, 48.65, 1, 7630
35339, 25273, 71.52, 72, 48.65, 1, 7630
35340, 25273, 71.51, 72, 48.65, 1, 7631
35341, 25274, 71.51, 72, 48.65, 1, 7631
35342, 25274, 71.51, 72, 48.65, 1, 7632
35343, 25275, 71.51, 72, 48.65, 1, 7632
35344, 25276, 71.51, 72, 48.65, 1, 7632
35345, 25276, 71.51, 72, 48.65, 1, 7633
35346, 25276, 71.51, 72, 48.65, 1, 7634
35347, 25277, 71.51, 72, 48.65, 1, 7634
35348, 25278, 71.51, 72, 48.65, 1, 7634
35349, 25279, 71.51, 72, 48.65, 1, 7634
35350, 25280, 71.51, 72, 48.65, 1, 7634
35351, 25280, 71.51, 72, 48.65, 1, 7635
35352, 25280, 71.51, 72, 48.65, 1, 7635
35353, 25280, 71.51, 72, 48.65, 1, 7635
35354, 25280, 71.51, 72, 48.65, 1, 7635
35355, 25280, 71.50, 72, 48.65, 1, 7636
35356, 25281, 71.50, 72, 48.65, 1, 7636
35357, 25282, 71.50, 72, 48.65, 1, 7636
35358, 25283, 71.51, 72, 48.65, 1, 7636
35359, 25284, 71.51, 72, 48.65, 1, 7636
35360, 25285, 71.51, 72, 48.65, 1, 7636
35361, 25285, 71.51, 72, 48.65, 1, 7637
35362, 25286, 71.51, 72, 48.65, 1, 7637
35363, 25286, 71.50, 72, 48.65, 1, 7638
35364, 25287, 71.50, 72, 48.65, 1, 7638
35365, 25288, 71.51, 72, 48.65, 1, 7638
35366, 25289, 71.51, 72, 48.65, 1, 7638
35367, 25289, 71.50, 72, 48.65, 1, 7638
35368, 25289, 71.50, 72, 48.65, 1, 7639
35369, 25290, 71.50, 72, 48.65, 1, 7639
35370, 25291, 71.50, 72, 48.65, 1, 7639
35371, 25292, 71.50, 72, 48.65, 1, 7639
35372, 25292, 71.50, 72, 48.65, 1, 7640
35373, 25293, 71.50, 72, 48.65, 1, 7640
35374, 25294, 71.50, 72, 48.65, 1, 7640
35375, 25295, 71.51, 72, 48.65, 1, 7640
35376, 25296, 71.51, 72, 48.65, 1, 7640
35377, 25297, 71.51, 72, 48.65, 1, 7640
35378, 25297, 71.50, 72, 48.65, 1, 7641
35379, 25298, 71.51, 72, 48.65, 1, 7641
35380, 25299, 71.51, 72, 48.65, 1, 7641
35381, 25300, 71.51, 72, 48.65, 1, 7641
35382, 25301, 71.51, 72, 48.65, 1, 7641
35383, 25301, 71.51, 72, 48.65, 1, 7642
35384, 25302, 71.51, 72, 48.65, 1, 7642
35385, 25303, 71.51, 72, 48.65, 1, 7642
35386, 25303, 71.51, 72, 48.65, 1, 7643
35387, 25304, 71.51, 72, 48.65, 1, 7643
35388, 25305, 71.51, 72, 48.65, 1, 7643
35389, 25305, 71.51, 72, 48.65, 1, 7644
35390, 25306, 71.51, 72, 48.65, 1, 7644
35391, 25307, 71.51, 72, 48.65, 1, 7644
35392, 25308, 71.51, 72, 48.65, 1, 7644
35393, 25309, 71.51, 72, 48.65, 1, 7644
35394, 25310, 71.51, 72, 48.65, 1, 7644
35395, 25310, 71.51, 72, 48.65, 1, 7645
35396, 25311, 71.51, 72, 48.65, 1, 7645
35397, 25311, 71.51, 72, 48.65, 1, 7646
35398, 25311, 71.50, 72, 48.65, 1, 7646
35399, 25311, 71.50, 72, 48.65, 1, 7646
35400, 25312, 71.50, 72, 48.65, 1, 7646
35401, 25313, 71.50, 72, 48.65, 1, 7646
35402, 25314, 71.50, 72, 48.65, 1, 7646
35403, 25315, 71.51, 72, 48.65, 1, 7646
35404, 25316, 71.51, 72, 48.65, 1, 7646
35405, 25316, 71.50, 72, 48.65, 1, 7646
35406, 25316, 71.50, 72, 48.65, 1, 7646
35407, 25317, 71.50, 72, 48.65, 1, 7646
35408, 25318, 71.50, 72, 48.65, 1, 7646
35409, 25319, 71.50, 72, 48.65, 1, 7646
35410, 25319, 71.50, 72, 48.65, 1, 7647
35411, 25319, 71.50, 72, 48.65, 1, 7648
35412, 25319, 71.50, 72, 48.65, 1, 7649
35413, 25320, 71.50, 72, 48.65, 1, 7649
35414, 25321, 71.50, 72, 48.65, 1, 7649
35415, 25322, 71.50, 72, 48.65, 1, 7649
35416, 25322, 71.50, 72, 48.65, 1, 7650
35417, 25323, 71.50, 72, 48.65, 1, 7650
35418, 25324, 71.50, 72, 48.65, 1, 7650
35419, 25325, 71.50, 72, 48.65, 1, 7650
35420, 25325, 71.50, 72, 48.65, 1, 7651
35421, 25326, 71.50, 72, 48.65, 1, 7651
35422, 25327, 71.50, 72, 48.65, 1, 7651
35423, 25328, 71.50, 72, 48.65, 1, 7651
35424, 25328, 71.50, 72, 48.65, 1, 7652
35425, 25329, 71.50, 72, 48.65, 1, 7652
35426, 25330, 71.50, 72, 48.65, 1, 7652
35427, 25331, 71.50, 72, 48.65, 1, 7652
35428, 25332, 71.50, 72, 48.65, 1, 7652
35429, 25333, 71.50, 72, 48.65, 1, 7652
35430, 25334, 71.50, 72, 48.65, 1, 7652
35431, 25334, 71.50, 72, 48.65, 1, 7653
35432, 25335, 71.50, 72, 48.65, 1, 7653
35433, 25335, 71.50, 72, 48.65, 1, 7654
35434, 25336, 71.50, 72, 48.65, 1, 7654
35435, 25337, 71.50, 72, 48.65, 1, 7654
35436, 25338, 71.50, 72, 48.65, 1, 7654
35437, 25339, 71.50, 72, 48.65, 1, 7654
35438, 25339, 71.50, 72, 48.65, 1, 7654
35439, 25340, 71.50, 72, 48.65, 1, 7654
35440, 25341, 71.50, 72, 48.65, 1, 7654
35441, 25341, 71.50, 72, 48.65, 1, 7654
35442, 25342, 71.50, 72, 48.65, 1, 7654
35443, 25343, 71.50, 72, 48.65, 1, 7654
35444, 25344, 71.50, 72, 48.65, 1, 7654
35445, 25345, 71.51, 72, 48.65, 1, 7654
35446, 25346, 71.51, 72, 48.65, 1, 7654
35447, 25347, 71.51, 72, 48.65, 1, 7654
35448, 25348, 71.51, 72, 48.65, 1, 7654
35449, 25349, 71.51, 72, 48.65, 1, 7654
35450, 25350, 71.51, 72, 48.65, 1, 7654
35451, 25351, 71.51, 72, 48.65, 1, 7654
35452, 25352, 71.51, 72, 48.65, 1, 7654
35453, 25353, 71.51, 72, 48.65, 1, 7654
35454, 25354, 71.51, 72, 48.65, 1, 7654
35455, 25355, 71.51, 72, 48.65, 1, 7654
35456, 25355, 71.51, 72, 48.65, 1, 7654
35457, 25356, 71.51, 72, 48.65, 1, 7654
35458, 25357, 71.51, 72, 48.65, 1, 7654
35459, 25358, 71.51, 72, 48.65, 1, 7654
35460, 25359, 71.51, 72, 48.65, 1, 7654
35461, 25359, 71.51, 72, 48.65, 1, 7654
35462, 25360, 71.51, 72, 48.65, 1, 7654
35463, 25360, 71.51, 72, 48.65, 1, 7655
35464, 25361, 71.51, 72, 48.65, 1, 7655
35465, 25361, 71.51, 72, 48.65, 1, 7656
35466, 25361, 71.51, 72, 48.65, 1, 7657
35467, 25362, 71.51, 72, 48.65, 1, 7657
35468, 25363, 71.51, 72, 48.65, 1, 7657
35469, 25364, 71.51, 72, 48.65, 1, 7657
35470, 25364, 71.51, 72, 48.65, 1, 7658
35471, 25365, 71.51, 72, 48.65, 1, 7658
35472, 25365, 71.51, 72, 48.65, 1, 7659
35473, 25366, 71.51, 72, 48.65, 1, 7659
35474, 25367, 71.51, 72, 48.65, 1, 7659
35475, 25368, 71.51, 72, 48.65, 1, 7659
35476, 25369, 71.51, 72, 48.65, 1, 7659
35477, 25370, 71.51, 72, 48.65, 1, 7659
35478, 25371, 71.51, 72, 48.65, 1, 7659
35479, 25371, 71.51, 72, 48.65, 1, 7660
35480, 25372, 71.51, 72, 48.65, 1, 7660
35481, 25373, 71.51, 72, 48.65, 1, 7660
35482, 25374, 71.51, 72, 48.65, 1, 7660
35483, 25375, 71.51, 72, 48.65, 1, 7660
35484, 25376, 71.51, 72, 48.65, 1, 7660
35485, 25376, 71.51, 72, 48.65, 1, 7661
35486, 25377, 71.51, 72, 48.65, 1, 7661
35487, 25378, 71.51, 72, 48.65, 1, 7661
35488, 25379, 71.51, 72, 48.65, 1, 7661
35489, 25380, 71.52, 72, 48.65, 1, 7661
35490, 25381, 71.52, 72, 48.65, 1, 7661
35491, 25382, 71.52, 72, 48.65, 1, 7661
35492, 25383, 71.52, 72, 48.65, 1, 7661
35493, 25384, 71.52, 72, 48.65, 1, 7661
35494, 25385, 71.52, 72, 48.65, 1, 7661
35495, 25385, 71.52, 72, 48.65, 1, 7662
35496, 25386, 71.52, 72, 48.65, 1, 7662
35497, 25387, 71.52, 72, 48.65, 1, 7662
35498, 25388, 71.52, 72, 48.65, 1, 7662
35499, 25388, 71.52, 72, 48.65, 1, 7663
35500, 25389, 71.52, 72, 48.65, 1, 7663
35501, 25390, 71.52, 72, 48.65, 1, 7663
35502, 25391, 71.52, 72, 48.65, 1, 7663
35503, 25392, 71.52, 72, 48.65, 1, 7663
35504, 25393, 71.52, 72, 48.65, 1, 7663
35505, 25394, 71.52, 72, 48.65, 1, 7663
35506, 25395, 71.52, 72, 48.65, 1, 7663
35507, 25396, 71.52, 72, 48.65, 1, 7663
35508, 25397, 71.52, 72, 48.65, 1, 7663
35509, 25398, 71.53, 72, 48.65, 1, 7663
35510, 25399, 71.53, 72, 48.65, 1, 7663
35511, 25399, 71.52, 72, 48.65, 1, 7664
35512, 25400, 71.53, 72, 48.65, 1, 7664
35513, 25401, 71.53, 72, 48.65, 1, 7664
35514, 25401, 71.52, 72, 48.65, 1, 7665
35515, 25402, 71.52, 72, 48.65, 1, 7665
35516, 25402, 71.52, 72, 48.65, 1, 7666
35517, 25403, 71.52, 72, 48.65, 1, 7666
35518, 25404, 71.52, 72, 48.65, 1, 7666
35519, 25405, 71.53, 72, 48.65, 1, 7666
35520, 25406, 71.53, 72, 48.65, 1, 7666
35521, 25406, 71.52, 72, 48.65, 1, 7667
35522, 25407, 71.52, 72, 48.65, 1, 7667
35523, 25407, 71.52, 72, 48.65, 1, 7668
35524, 25407, 71.52, 72, 48.65, 1, 7669
35525, 25407, 71.52, 72, 48.65, 1, 7669
35526, 25408, 71.52, 72, 48.65, 1, 7669
35527, 25409, 71.52, 72, 48.65, 1, 7669
35528, 25410, 71.52, 72, 48.65, 1, 7669
35529, 25411, 71.52, 72, 48.65, 1, 7669
35530, 25411, 71.52, 72, 48.65, 1, 7669
35531, 25412, 71.52, 72, 48.65, 1, 7669
35532, 25413, 71.52, 72, 48.65, 1, 7669
35533, 25413, 71.52, 72, 48.65, 1, 7670
35534, 25414, 71.52, 72, 48.65, 1, 7670
35535, 25415, 71.52, 72, 48.65, 1, 7670
35536, 25416, 71.52, 72, 48.65, 1, 7670
35537, 25417, 71.52, 72, 48.65, 1, 7670
35538, 25417, 71.52, 72, 48.65, 1, 7671
35539, 25418, 71.52, 72, 48.65, 1, 7671
35540, 25419, 71.52, 72, 48.65, 1, 7671
35541, 25420, 71.52, 72, 48.65, 1, 7671
35542, 25421, 71.52, 72, 48.65, 1, 7671
35543, 25421, 71.52, 72, 48.65, 1, 7672
35544, 25422, 71.52, 72, 48.65, 1, 7672
35545, 25423, 71.52, 72, 48.65, 1, 7672
35546, 25424, 71.52, 72, 48.65, 1, 7672
35547, 25425, 71.53, 72, 48.65, 1, 7672
35548, 25426, 71.53, 72, 48.65, 1, 7672
35549, 25427, 71.53, 72, 48.65, 1, 7672
35550, 25428, 71.53, 72, 48.65, 1, 7672
35551, 25429, 71.53, 72, 48.65, 1, 7672
35552, 25430, 71.53, 72, 48.65, 1, 7672
35553, 25431, 71.53, 72, 48.65, 1, 7672
35554, 25432, 71.53, 72, 48.65, 1, 7672
35555, 25432, 71.53, 72, 48.65, 1, 7673
35556, 25433, 71.53, 72, 48.65, 1, 7673
35557, 25434, 71.53, 72, 48.65, 1, 7673
35558, 25435, 71.53, 72, 48.65, 1, 7673
35559, 25435, 71.53, 72, 48.65, 1, 7674
35560, 25435, 71.53, 72, 48.65, 1, 7675
35561, 25435, 71.52, 72, 48.65, 1, 7676
35562, 25436, 71.53, 72, 48.65, 1, 7676
35563, 25437, 71.53, 72, 48.65, 1, 7676
35564, 25438, 71.53, 72, 48.65, 1, 7676
35565, 25439, 71.53, 72, 48.65, 1, 7676
35566, 25439, 71.53, 72, 48.65, 1, 7677
35567, 25440, 71.53, 72, 48.65, 1, 7677
35568, 25441, 71.53, 72, 48.65, 1, 7677
35569, 25442, 71.53, 72, 48.65, 1, 7677
35570, 25442, 71.53, 72, 48.65, 1, 7677
35571, 25443, 71.53, 72, 48.65, 1, 7677
35572, 25444, 71.53, 72, 48.65, 1, 7677
35573, 25445, 71.53, 72, 48.65, 1, 7677
35574, 25446, 71.53, 72, 48.65, 1, 7677
35575, 25447, 71.53, 72, 48.65, 1, 7677
35576, 25448, 71.53, 72, 48.65, 1, 7677
35577, 25448, 71.53, 72, 48.65, 1, 7678
35578, 25449, 71.53, 72, 48.65, 1, 7678
35579, 25450, 71.53, 72, 48.65, 1, 7678
35580, 25450, 71.53, 72, 48.65, 1, 7679
35581, 25451, 71.53, 72, 48.65, 1, 7679
35582, 25452, 71.53, 72, 48.65, 1, 7679
35583, 25452, 71.53, 72, 48.65, 1, 7679
35584, 25453, 71.53, 72, 48.65, 1, 7679
35585, 25453, 71.53, 72, 48.65, 1, 7680
35586, 25453, 71.53, 72, 48.65, 1, 7681
35587, 25454, 71.53, 72, 48.65, 1, 7681
35588, 25454, 71.52, 72, 48.65, 1, 7682
35589, 25454, 71.52, 72, 48.65, 1, 7683
35590, 25455, 71.52, 72, 48.65, 1, 7683
35591, 25456, 71.52, 72, 48.65, 1, 7683
35592, 25456, 71.52, 72, 48.65, 1, 7684
35593, 25456, 71.52, 72, 48.65, 1, 7684
35594, 25456, 71.52, 72, 48.65, 1, 7685
35595, 25457, 71.52, 72, 48.65, 1, 7685
35596, 25457, 71.52, 72, 48.65, 1, 7686
35597, 25457, 71.51, 72, 48.65, 1, 7686
35598, 25458, 71.52, 72, 48.65, 1, 7686
35599, 25458, 71.51, 72, 48.65, 1, 7686
35600, 25459, 71.51, 72, 48.65, 1, 7686
35601, 25459, 71.51, 72, 48.65, 1, 7687
35602, 25460, 71.51, 72, 48.65, 1, 7687
35603, 25461, 71.51, 72, 48.65, 1, 7687
35604, 25462, 71.51, 72, 48.65, 1, 7687
35605, 25462, 71.51, 72, 48.65, 1, 7688
35606, 25463, 71.51, 72, 48.65, 1, 7688
35607, 25464, 71.51, 72, 48.65, 1, 7688
35608, 25465, 71.51, 72, 48.65, 1, 7688
35609, 25466, 71.52, 72, 48.65, 1, 7688
35610, 25466, 71.51, 72, 48.65, 1, 7689
35611, 25467, 71.51, 72, 48.65, 1, 7689
35612, 25468, 71.52, 72, 48.65, 1, 7689
35613, 25469, 71.52, 72, 48.65, 1, 7689
35614, 25469, 71.51, 72, 48.65, 1, 7690
35615, 25470, 71.51, 72, 48.65, 1, 7690
35616, 25470, 71.51, 72, 48.65, 1, 7691
35617, 25471, 71.51, 72, 48.65, 1, 7691
35618, 25472, 71.51, 72, 48.65, 1, 7691
35619, 25473, 71.52, 72, 48.65, 1, 7691
35620, 25474, 71.52, 72, 48.65, 1, 7691
35621, 25474, 71.51, 72, 48.65, 1, 7692
35622, 25475, 71.51, 72, 48.65, 1, 7692
35623, 25476, 71.52, 72, 48.65, 1, 7692
35624, 25476, 71.51, 72, 48.65, 1, 7693
35625, 25476, 71.51, 72, 48.65, 1, 7694
35626, 25476, 71.51, 72, 48.65, 1, 7695
35627, 25477, 71.51, 72, 48.65, 1, 7695
35628, 25477, 71.51, 72, 48.65, 1, 7696
35629, 25478, 71.51, 72, 48.65, 1, 7696
35630, 25479, 71.51, 72, 48.65, 1, 7696
35631, 25480, 71.51, 72, 48.65, 1, 7696
35632, 25480, 71.51, 72, 48.65, 1, 7696
35633, 25480, 71.51, 72, 48.65, 1, 7697
35634, 25481, 71.51, 72, 48.65, 1, 7697
35635, 25481, 71.51, 72, 48.65, 1, 7698
35636, 25482, 71.51, 72, 48.65, 1, 7698
35637, 25482, 71.50, 72, 48.65, 1, 7699
35638, 25483, 71.51, 72, 48.65, 1, 7699
35639, 25483, 71.50, 72, 48.65, 1, 7700
35640, 25483, 71.50, 72, 48.65, 1, 7701
35641, 25484, 71.50, 72, 48.65, 1, 7701
35642, 25485, 71.50, 72, 48.65, 1, 7701
35643, 25486, 71.50, 72, 48.65, 1, 7701
35644, 25486, 71.50, 72, 48.65, 1, 7702
35645, 25487, 71.50, 72, 48.65, 1, 7702
35646, 25488, 71.50, 72, 48.65, 1, 7702
35647, 25489, 71.50, 72, 48.65, 1, 7702
35648, 25490, 71.50, 72, 48.65, 1, 7702
35649, 25491, 71.51, 72, 48.65, 1, 7702
35650, 25492, 71.51, 72, 48.65, 1, 7702
35651, 25493, 71.51, 72, 48.65, 1, 7702
35652, 25494, 71.51, 72, 48.65, 1, 7702
35653, 25494, 71.51, 72, 48.65, 1, 7703
35654, 25495, 71.51, 72, 48.65, 1, 7703
35655, 25496, 71.51, 72, 48.65, 1, 7703
35656, 25496, 71.51, 72, 48.65, 1, 7704
35657, 25496, 71.50, 72, 48.65, 1, 7705
35658, 25497, 71.50, 72, 48.65, 1, 7705
35659, 25498, 71.51, 72, 48.65, 1, 7705
35660, 25498, 71.50, 72, 48.65, 1, 7706
35661, 25498, 71.50, 72, 48.65, 1, 7707
35662, 25499, 71.50, 72, 48.65, 1, 7707
35663, 25500, 71.50, 72, 48.65, 1, 7707
35664, 25501, 71.50, 72, 48.65, 1, 7707
35665, 25501, 71.50, 72, 48.65, 1, 7708
35666, 25502, 71.50, 72, 48.65, 1, 7708
35667, 25502, 71.50, 72, 48.65, 1, 7709
35668, 25503, 71.50, 72, 48.65, 1, 7709
35669, 25504, 71.50, 72, 48.65, 1, 7709
35670, 25505, 71.50, 72, 48.65, 1, 7709
35671, 25506, 71.50, 72, 48.65, 1, 7709
35672, 25507, 71.50, 72, 48.65, 1, 7709
35673, 25508, 71.51, 72, 48.65, 1, 7709
35674, 25508, 71.50, 72, 48.65, 1, 7710
35675, 25509, 71.50, 72, 48.65, 1, 7710
35676, 25510, 71.50, 72, 48.65, 1, 7710
35677, 25510, 71.50, 72, 48.65, 1, 7711
35678, 25511, 71.50, 72, 48.65, 1, 7711
35679, 25512, 71.50, 72, 48.65, 1, 7711
35680, 25513, 71.51, 72, 48.65, 1, 7711
35681, 25514, 71.51, 72, 48.65, 1, 7711
35682, 25515, 71.51, 72, 48.65, 1, 7711
35683, 25515, 71.50, 72, 48.65, 1, 7712
35684, 25516, 71.51, 72, 48.65, 1, 7712
35685, 25516, 71.50, 72, 48.65, 1, 7713
35686, 25516, 71.50, 72, 48.65, 1, 7714
35687, 25516, 71.50, 72, 48.65, 1, 7715
35688, 25516, 71.50, 72, 48.65, 1, 7715
35689, 25516, 71.50, 72, 48.65, 1, 7715
35690, 25516, 71.49, 72, 48.65, 1, 7715
35691, 25517, 71.49, 72, 48.65, 1, 7715
35692, 25518, 71.50, 72, 48.65, 1, 7715
35693, 25519, 71.50, 72, 48.65, 1, 7715
35694, 25520, 71.50, 72, 48.65, 1, 7715
35695, 25521, 71.50, 72, 48.65, 1, 7715
35696, 25522, 71.50, 72, 48.65, 1, 7715
35697, 25523, 71.50, 72, 48.65, 1, 7715
35698, 25524, 71.50, 72, 48.65, 1, 7715
35699, 25525, 71.50, 72, 48.65, 1, 7715
35700, 25525, 71.50, 72, 48.65, 1, 7716
35701, 25525, 71.50, 72, 48.65, 1, 7717
35702, 25526, 71.50, 72, 48.65, 1, 7717
35703, 25526, 71.50, 72, 48.65, 1, 7718
35704, 25527, 71.50, 72, 48.65, 1, 7718
35705, 25528, 71.50, 72, 48.65, 1, 7718
35706, 25529, 71.50, 72, 48.65, 1, 7718
35707, 25530, 71.50, 72, 48.65, 1, 7718
35708, 25531, 71.50, 72, 48.65, 1, 7718
35709, 25532, 71.50, 72, 48.65, 1, 7718
35710, 25533, 71.50, 72, 48.65, 1, 7718
35711, 25534, 71.50, 72, 48.65, 1, 7718
35712, 25535, 71.50, 72, 48.65, 1, 7718
35713, 25536, 71.50, 72, 48.65, 1, 7718
35714, 25537, 71.50, 72, 48.65, 1, 7718
35715, 25537, 71.50, 72, 48.65, 1, 7719
35716, 25537, 71.50, 72, 48.65, 1, 7720
35717, 25538, 71.50, 72, 48.65, 1, 7720
35718, 25539, 71.50, 72, 48.65, 1, 7720
35719, 25540, 71.50, 72, 48.65, 1, 7720
35720, 25541, 71.50, 72, 48.65, 1, 7720
35721, 25541, 71.50, 72, 48.65, 1, 7721
35722, 25542, 71.50, 72, 48.65, 1, 7721
35723, 25543, 71.50, 72, 48.65, 1, 7721
35724, 25544, 71.50, 72, 48.65, 1, 7721
35725, 25545, 71.50, 72, 48.65, 1, 7721
35726, 25546, 71.51, 72, 48.65, 1, 7721
35727, 25547, 71.51, 72, 48.65, 1, 7721
35728, 25548, 71.51, 72, 48.65, 1, 7721
35729, 25548, 71.50, 72, 48.65, 1, 7721
35730, 25549, 71.51, 72, 48.65, 1, 7721
35731, 25550, 71.51, 72, 48.65, 1, 7721
35732, 25550, 71.50, 72, 48.65, 1, 7721
35733, 25551, 71.51, 72, 48.65, 1, 7721
35734, 25552, 71.51, 72, 48.65, 1, 7721
35735, 25553, 71.51, 72, 48.65, 1, 7721
35736, 25554, 71.51, 72, 48.65, 1, 7721
35737, 25555, 71.51, 72, 48.65, 1, 7721
35738, 25556, 71.51, 72, 48.65, 1, 7721
35739, 25556, 71.51, 72, 48.65, 1, 7722
35740, 25556, 71.51, 72, 48.65, 1, 7723
35741, 25557, 71.51, 72, 48.65, 1, 7723
35742, 25557, 71.50, 72, 48.65, 1, 7724
35743, 25558, 71.50, 72, 48.65, 1, 7724
35744, 25559, 71.51, 72, 48.65, 1, 7724
35745, 25560, 71.51, 72, 48.65, 1, 7724
35746, 25561, 71.51, 72, 48.65, 1, 7724
35747, 25562, 71.51, 72, 48.65, 1, 7724
35748, 25562, 71.51, 72, 48.65, 1, 7725
35749, 25563, 71.51, 72, 48.65, 1, 7725
35750, 25564, 71.51, 72, 48.65, 1, 7725
35751, 25564, 71.51, 72, 48.65, 1, 7726
35752, 25564, 71.50, 72, 48.65, 1, 7727
35753, 25565, 71.50, 72, 48.65, 1, 7727
35754, 25566, 71.51, 72, 48.65, 1, 7727
35755, 25567, 71.51, 72, 48.65, 1, 7727
35756, 25568, 71.51, 72, 48.65, 1, 7727
35757, 25569, 71.51, 72, 48.65, 1, 7727
35758, 25570, 71.51, 72, 48.65, 1, 7727
35759, 25571, 71.51, 72, 48.65, 1, 7727
35760, 25572, 71.51, 72, 48.65, 1, 7727
35761, 25573, 71.51, 72, 48.65, 1, 7727
35762, 25574, 71.51, 72, 48.65, 1, 7727
35763, 25575, 71.51, 72, 48.65, 1, 7727
35764, 25576, 71.51, 72, 48.65, 1, 7727
35765, 25577, 71.51, 72, 48.65, 1, 7727
35766, 25578, 71.51, 72, 48.65, 1, 7727
35767, 25579, 71.52, 72, 48.65, 1, 7727
35768, 25580, 71.52, 72, 48.65, 1, 7727
35769, 25581, 71.52, 72, 48.65, 1, 7727
35770, 25582, 71.52, 72, 48.65, 1, 7727
35771, 25583, 71.52, 72, 48.65, 1, 7727
35772, 25584, 71.52, 72, 48.65, 1, 7727
35773, 25585, 71.52, 72, 48.65, 1, 7727
35774, 25586, 71.52, 72, 48.65, 1, 7727
35775, 25587, 71.52, 72, 48.65, 1, 7727
35776, 25588, 71.52, 72, 48.65, 1, 7727
35777, 25589, 71.52, 72, 48.65, 1, 7727
35778, 25590, 71.52, 72, 48.65, 1, 7727
35779, 25591, 71.53, 72, 48.65, 1, 7727
35780, 25591, 71.52, 72, 48.65, 1, 7728
35781, 25592, 71.52, 72, 48.65, 1, 7728
35782, 25593, 71.52, 72, 48.65, 1, 7728
35783, 25594, 71.53, 72, 48.65, 1, 7728
35784, 25595, 71.53, 72, 48.65, 1, 7728
35785, 25596, 71.53, 72, 48.65, 1, 7728
35786, 25597, 71.53, 72, 48.65, 1, 7728
35787, 25597, 71.53, 72, 48.65, 1, 7729
35788, 25597, 71.52, 72, 48.65, 1, 7730
35789, 25598, 71.52, 72, 48.65, 1, 7730
35790, 25598, 71.52, 72, 48.65, 1, 7731
35791, 25599, 71.52, 72, 48.65, 1, 7731
35792, 25600, 71.52, 72, 48.65, 1, 7731
35793, 25601, 71.53, 72, 48.65, 1, 7731
35794, 25602, 71.53, 72, 48.65, 1, 7731
35795, 25603, 71.53, 72, 48.65, 1, 7731
35796, 25604, 71.53, 72, 48.65, 1, 7731
35797, 25605, 71.53, 72, 48.65, 1, 7731
35798, 25605, 71.53, 72, 48.65, 1, 7732
35799, 25606, 71.53, 72, 48.65, 1, 7732
35800, 25607, 71.53, 72, 48.65, 1, 7732
35801, 25608, 71.53, 72, 48.65, 1, 7732
35802, 25608, 71.53, 72, 48.65, 1, 7732
35803, 25608, 71.52, 72, 48.65, 1, 7732
35804, 25609, 71.53, 72, 48.65, 1, 7732
35805, 25610, 71.53, 72, 48.65, 1, 7732
35806, 25611, 71.53, 72, 48.65, 1, 7732
35807, 25611, 71.53, 72, 48.65, 1, 7733
35808, 25612, 71.53, 72, 48.65, 1, 7733
35809, 25612, 71.52, 72, 48.65, 1, 7734
35810, 25612, 71.52, 72, 48.65, 1, 7735
35811, 25613, 71.52, 72, 48.65, 1, 7735
35812, 25614, 71.52, 72, 48.65, 1, 7735
35813, 25615, 71.52, 72, 48.65, 1, 7735
35814, 25616, 71.53, 72, 48.65, 1, 7735
35815, 25617, 71.53, 72, 48.65, 1, 7735
35816, 25617, 71.52, 72, 48.65, 1, 7736
35817, 25617, 71.52, 72, 48.65, 1, 7737
35818, 25618, 71.52, 72, 48.65, 1, 7737
35819, 25618, 71.52, 72, 48.65, 1, 7738
35820, 25619, 71.52, 72, 48.65, 1, 7738
35821, 25620, 71.52, 72, 48.65, 1, 7738
35822, 25621, 71.52, 72, 48.65, 1, 7738
35823, 25622, 71.52, 72, 48.65, 1, 7738
35824, 25622, 71.52, 72, 48.65, 1, 7739
35825, 25623, 71.52, 72, 48.65, 1, 7739
35826, 25624, 71.52, 72, 48.65, 1, 7739
35827, 25625, 71.52, 72, 48.65, 1, 7739
35828, 25626, 71.53, 72, 48.65, 1, 7739
35829, 25627, 71.53, 72, 48.65, 1, 7739
35830, 25628, 71.53, 72, 48.65, 1, 7739
35831, 25629, 71.53, 72, 48.65, 1, 7739
35832, 25629, 71.53, 72, 48.65, 1, 7740
35833, 25630, 71.53, 72, 48.65, 1, 7740
35834, 25631, 71.53, 72, 48.65, 1, 7740
35835, 25632, 71.53, 72, 48.65, 1, 7740
35836, 25632, 71.53, 72, 48.65, 1, 7741
35837, 25632, 71.52, 72, 48.65, 1, 7741
35838, 25633, 71.52, 72, 48.65, 1, 7741
35839, 25634, 71.53, 72, 48.65, 1, 7741
35840, 25635, 71.53, 72, 48.65, 1, 7741
35841, 25635, 71.52, 72, 48.65, 1, 7741
35842, 25636, 71.53, 72, 48.65, 1, 7741
35843, 25637, 71.53, 72, 48.65, 1, 7741
35844, 25638, 71.53, 72, 48.65, 1, 7741
35845, 25639, 71.53, 72, 48.65, 1, 7741
35846, 25639, 71.53, 72, 48.65, 1, 7741
35847, 25640, 71.53, 72, 48.65, 1, 7741
35848, 25641, 71.53, 72, 48.65, 1, 7741
35849, 25642, 71.53, 72, 48.65, 1, 7741
35850, 25643, 71.53, 72, 48.65, 1, 7741
35851, 25644, 71.53, 72, 48.65, 1, 7741
35852, 25645, 71.53, 72, 48.65, 1, 7741
35853, 25646, 71.53, 72, 48.65, 1, 7741
35854, 25647, 71.53, 72, 48.65, 1, 7741
35855, 25648, 71.53, 72, 48.65, 1, 7741
35856, 25648, 71.53, 72, 48.65, 1, 7741
35857, 25649, 71.53, 72, 48.65, 1, 7741
35858, 25649, 71.53, 72, 48.65, 1, 7742
35859, 25649, 71.53, 72, 48.65, 1, 7743
35860, 25650, 71.53, 72, 48.65, 1, 7743
35861, 25650, 71.53, 72, 48.65, 1, 7744
35862, 25651, 71.53, 72, 48.65, 1, 7744
35863, 25652, 71.53, 72, 48.65, 1, 7744
35864, 25653, 71.53, 72, 48.65, 1, 7744
35865, 25654, 71.53, 72, 48.65, 1, 7744
35866, 25655, 71.53, 72, 48.65, 1, 7744
35867, 25656, 71.53, 72, 48.65, 1, 7744
35868, 25657, 71.53, 72, 48.65, 1, 7744
35869, 25658, 71.53, 72, 48.65, 1, 7744
35870, 25659, 71.53, 72, 48.65, 1, 7744
35871, 25659, 71.53, 72, 48.65, 1, 7745
35872, 25660, 71.53, 72, 48.65, 1, 7745
35873, 25660, 71.53, 72, 48.65, 1, 7746
35874, 25661, 71.53, 72, 48.65, 1, 7746
35875, 25662, 71.53, 72, 48.65, 1, 7746
35876, 25663, 71.53, 72, 48.65, 1, 7746
35877, 25664, 71.53, 72, 48.65, 1, 7746
35878, 25665, 71.53, 72, 48.65, 1, 7746
35879, 25666, 71.53, 72, 48.65, 1, 7746
35880, 25667, 71.54, 72, 48.65, 1, 7746
35881, 25668, 71.54, 72, 48.65, 1, 7746
35882, 25669, 71.54, 72, 48.65, 1, 7746
35883, 25670, 71.54, 72, 48.65, 1, 7746
35884, 25671, 71.54, 72, 48.65, 1, 7746
35885, 25671, 71.54, 72, 48.65, 1, 7746
35886, 25672, 71.54, 72, 48.65, 1, 7746
35887, 25673, 71.54, 72, 48.65, 1, 7746
35888, 25674, 71.54, 72, 48.65, 1, 7746
35889, 25674, 71.54, 72, 48.65, 1, 7747
35890, 25674, 71.54, 72, 48.65, 1, 7748
35891, 25674, 71.53, 72, 48.65, 1, 7749
35892, 25674, 71.53, 72, 48.65, 1, 7750
35893, 25675, 71.53, 72, 48.65, 1, 7750
35894, 25676, 71.53, 72, 48.65, 1, 7750
35895, 25677, 71.53, 72, 48.65, 1, 7750
35896, 25678, 71.53, 72, 48.65, 1, 7750
35897, 25678, 71.53, 72, 48.65, 1, 7751
35898, 25679, 71.53, 72, 48.65, 1, 7751
35899, 25680, 71.53, 72, 48.65, 1, 7751
35900, 25681, 71.53, 72, 48.65, 1, 7751
35901, 25682, 71.54, 72, 48.65, 1, 7751
35902, 25683, 71.54, 72, 48.65, 1, 7751
35903, 25684, 71.54, 72, 48.65, 1, 7751
35904, 25685, 71.54, 72, 48.65, 1, 7751
35905, 25686, 71.54, 72, 48.65, 1, 7751
35906, 25687, 71.54, 72, 48.65, 1, 7751
35907, 25688, 71.54, 72, 48.65, 1, 7751
35908, 25688, 71.54, 72, 48.65, 1, 7752
35909, 25688, 71.54, 72, 48.65, 1, 7753
35910, 25689, 71.54, 72, 48.65, 1, 7753
35911, 25690, 71.54, 72, 48.65, 1, 7753
35912, 25691, 71.54, 72, 48.65, 1, 7753
35913, 25692, 71.54, 72, 48.65, 1, 7753
35914, 25693, 71.54, 72, 48.65, 1, 7753
35915, 25694, 71.54, 72, 48.65, 1, 7753
35916, 25695, 71.54, 72, 48.65, 1, 7753
35917, 25696, 71.54, 72, 48.65, 1, 7753
35918, 25697, 71.54, 72, 48.65, 1, 7753
35919, 25698, 71.54, 72, 48.65, 1, 7753
35920, 25698, 71.54, 72, 48.65, 1, 7754
35921, 25699, 71.54, 72, 48.65, 1, 7754
35922, 25700, 71.54, 72, 48.65, 1, 7754
35923, 25701, 71.54, 72, 48.65, 1, 7754
35924, 25702, 71.55, 72, 48.65, 1, 7754
35925, 25703, 71.55, 72, 48.65, 1, 7754
35926, 25704, 71.55, 72, 48.65, 1, 7754
35927, 25705, 71.55, 72, 48.65, 1, 7754
35928, 25706, 71.55, 72, 48.65, 1, 7754
35929, 25707, 71.55, 72, 48.65, 1, 7754
35930, 25707, 71.55, 72, 48.65, 1, 7754
35931, 25708, 71.55, 72, 48.65, 1, 7754
35932, 25709, 71.55, 72, 48.65, 1, 7754
35933, 25709, 71.55, 72, 48.65, 1, 7755
35934, 25709, 71.55, 72, 48.65, 1, 7755
35935, 25710, 71.55, 72, 48.65, 1, 7755
35936, 25711, 71.55, 72, 48.65, 1, 7755
35937, 25712, 71.55, 72, 48.65, 1, 7755
35938, 25713, 71.55, 72, 48.65, 1, 7755
35939, 25714, 71.55, 72, 48.65, 1, 7755
35940, 25714, 71.55, 72, 48.65, 1, 7756
35941, 25714, 71.55, 72, 48.65, 1, 7757
35942, 25715, 71.55, 72, 48.65, 1, 7757
35943, 25716, 71.55, 72, 48.65, 1, 7757
35944, 25717, 71.55, 72, 48.65, 1, 7757
35945, 25718, 71.55, 72, 48.65, 1, 7757
35946, 25718, 71.55, 72, 48.65, 1, 7757
35947, 25718, 71.54, 72, 48.65, 1, 7758
35948, 25718, 71.54, 72, 48.65, 1, 7759
35949, 25718, 71.54, 72, 48.65, 1, 7760
35950, 25719, 71.54, 72, 48.65, 1, 7760
35951, 25720, 71.54, 72, 48.65, 1, 7760
35952, 25720, 71.54, 72, 48.65, 1, 7761
35953, 25721, 71.54, 72, 48.65, 1, 7761
35954, 25721, 71.54, 72, 48.65, 1, 7762
35955, 25721, 71.54, 72, 48.65, 1, 7763
35956, 25722, 71.54, 72, 48.65, 1, 7763
35957, 25722, 71.54, 72, 48.65, 1, 7764
35958, 25722, 71.53, 72, 48.65, 1, 7765
35959, 25723, 71.53, 72, 48.65, 1, 7765
35960, 25724, 71.54, 72, 48.65, 1, 7765
35961, 25725, 71.54, 72, 48.65, 1, 7765
35962, 25726, 71.54, 72, 48.65, 1, 7765
35963, 25726, 71.53, 72, 48.65, 1, 7766
35964, 25727, 71.54, 72, 48.65, 1, 7766
35965, 25727, 71.53, 72, 48.65, 1, 7767
35966, 25727, 71.53, 72, 48.65, 1, 7767
35967, 25728, 71.53, 72, 48.65, 1, 7767
35968, 25729, 71.53, 72, 48.65, 1, 7767
35969, 25729, 71.53, 72, 48.65, 1, 7768
35970, 25730, 71.53, 72, 48.65, 1, 7768
35971, 25731, 71.53, 72, 48.65, 1, 7768
35972, 25732, 71.53, 72, 48.65, 1, 7768
35973, 25733, 71.53, 72, 48.65, 1, 7768
35974, 25734, 71.53, 72, 48.65, 1, 7768
35975, 25735, 71.54, 72, 48.65, 1, 7768
35976, 25736, 71.54, 72, 48.65, 1, 7768
35977, 25736, 71.53, 72, 48.65, 1, 7769
35978, 25737, 71.54, 72, 48.65, 1, 7769
35979, 25738, 71.54, 72, 48.65, 1, 7769
35980, 25739, 71.54, 72, 48.65, 1, 7769
35981, 25740, 71.54, 72, 48.65, 1, 7769
35982, 25740, 71.54, 72, 48.65, 1, 7770
35983, 25741, 71.54, 72, 48.65, 1, 7770
35984, 25742, 71.54, 72, 48.65, 1, 7770
35985, 25742, 71.54, 72, 48.65, 1, 7771
35986, 25743, 71.54, 72, 48.65, 1, 7771
35987, 25743, 71.53, 72, 48.65, 1, 7772
35988, 25743, 71.53, 72, 48.65, 1, 7773
35989, 25743, 71.53, 72, 48.65, 1, 7774
35990, 25743, 71.53, 72, 48.65, 1, 7775
35991, 25744, 71.53, 72, 48.65, 1, 7775
35992, 25744, 71.53, 72, 48.65, 1, 7776
35993, 25745, 71.53, 72, 48.65, 1, 7776
35994, 25746, 71.53, 72, 48.65, 1, 7776
35995, 25747, 71.53, 72, 48.65, 1, 7776
35996, 25748, 71.53, 72, 48.65, 1, 7776
35997, 25749, 71.53, 72, 48.65, 1, 7776
35998, 25750, 71.53, 72, 48.65, 1, 7776
35999, 25750, 71.53, 72, 48.65, 1, 7777
36000, 25751, 71.53, 72, 48.65, 1, 7777
36001, 25752, 71.53, 72, 48.65, 1, 7777
36002, 25753, 71.53, 72, 48.65, 1, 7777
36003, 25754, 71.53, 72, 48.65, 1, 7777
36004, 25755, 71.53, 72, 48.65, 1, 7777
36005, 25756, 71.53, 72, 48.65, 1, 7777
36006, 25757, 71.54, 72, 48.65, 1, 7777
36007, 25758, 71.54, 72, 48.65, 1, 7777
36008, 25759, 71.54, 72, 48.65, 1, 7777
36009, 25760, 71.54, 72, 48.65, 1, 7777
36010, 25761, 71.54, 72, 48.65, 1, 7777
36011, 25761, 71.54, 72, 48.65, 1, 7777
36012, 25761, 71.53, 72, 48.65, 1, 7777
36013, 25761, 71.53, 72, 48.65, 1, 7778
36014, 25762, 71.53, 72, 48.65, 1, 7778
36015, 25763, 71.53, 72, 48.65, 1, 7778
36016, 25764, 71.53, 72, 48.65, 1, 7778
36017, 25765, 71.54, 72, 48.65, 1, 7778
36018, 25765, 71.53, 72, 48.65, 1, 7779
36019, 25765, 71.53, 72, 48.65, 1, 7780
36020, 25765, 71.53, 72, 48.65, 1, 7781
36021, 25766, 71.53, 72, 48.65, 1, 7781
36022, 25767, 71.53, 72, 48.65, 1, 7781
36023, 25768, 71.53, 72, 48.65, 1, 7781
36024, 25768, 71.53, 72, 48.65, 1, 7782
36025, 25769, 71.53, 72, 48.65, 1, 7782
36026, 25770, 71.53, 72, 48.65, 1, 7782
36027, 25770, 71.53, 72, 48.65, 1, 7782
36028, 25770, 71.53, 72, 48.65, 1, 7783
36029, 25771, 71.53, 72, 48.65, 1, 7783
36030, 25772, 71.53, 72, 48.65, 1, 7783
36031, 25773, 71.53, 72, 48.65, 1, 7783
36032, 25774, 71.53, 72, 48.65, 1, 7783
36033, 25775, 71.53, 72, 48.65, 1, 7783
36034, 25776, 71.53, 72, 48.65, 1, 7783
36035, 25777, 71.53, 72, 48.65, 1, 7783
36036, 25778, 71.53, 72, 48.65, 1, 7783
36037, 25779, 71.53, 72, 48.65, 1, 7783
36038, 25779, 71.53, 72, 48.65, 1, 7784
36039, 25780, 71.53, 72, 48.65, 1, 7784
36040, 25780, 71.53, 72, 48.65, 1, 7785
36041, 25781, 71.53, 72, 48.65, 1, 7785
36042, 25782, 71.53, 72, 48.65, 1, 7785
36043, 25783, 71.53, 72, 48.65, 1, 7785
36044, 25784, 71.53, 72, 48.65, 1, 7785
36045, 25784, 71.53, 72, 48.65, 1, 7785
36046, 25784, 71.53, 72, 48.65, 1, 7785
36047, 25785, 71.53, 72, 48.65, 1, 7785
36048, 25786, 71.53, 72, 48.65, 1, 7785
36049, 25786, 71.53, 72, 48.65, 1, 7786
36050, 25787, 71.53, 72, 48.65, 1, 7786
36051, 25788, 71.53, 72, 48.65, 1, 7786
36052, 25789, 71.53, 72, 48.65, 1, 7786
36053, 25790, 71.53, 72, 48.65, 1, 7786
36054, 25791, 71.53, 72, 48.65, 1, 7786
36055, 25792, 71.54, 72, 48.65, 1, 7786
36056, 25793, 71.54, 72, 48.65, 1, 7786
36057, 25794, 71.54, 72, 48.65, 1, 7786
36058, 25795, 71.54, 72, 48.65, 1, 7786
36059, 25796, 71.54, 72, 48.65, 1, 7786
36060, 25797, 71.54, 72, 48.65, 1, 7786
36061, 25798, 71.54, 72, 48.65, 1, 7786
36062, 25799, 71.54, 72, 48.65, 1, 7786
36063, 25799, 71.54, 72, 48.65, 1, 7787
36064, 25800, 71.54, 72, 48.65, 1, 7787
36065, 25801, 71.54, 72, 48.65, 1, 7787
36066, 25801, 71.54, 72, 48.65, 1, 7788
36067, 25802, 71.54, 72, 48.65, 1, 7788
36068, 25803, 71.54, 72, 48.65, 1, 7788
36069, 25804, 71.54, 72, 48.65, 1, 7788
36070, 25805, 71.54, 72, 48.65, 1, 7788
36071, 25805, 71.54, 72, 48.65, 1, 7789
36072, 25805, 71.54, 72, 48.65, 1, 7789
36073, 25805, 71.54, 72, 48.65, 1, 7790
36074, 25806, 71.54, 72, 48.65, 1, 7790
36075, 25806, 71.53, 72, 48.65, 1, 7791
36076, 25807, 71.54, 72, 48.65, 1, 7791
36077, 25808, 71.54, 72, 48.65, 1, 7791
36078, 25809, 71.54, 72, 48.65, 1, 7791
36079, 25810, 71.54, 72, 48.65, 1, 7791
36080, 25811, 71.54, 72, 48.65, 1, 7791
36081, 25812, 71.54, 72, 48.65, 1, 7791
36082, 25813, 71.54, 72, 48.65, 1, 7791
36083, 25814, 71.54, 72, 48.65, 1, 7791
36084, 25815, 71.54, 72, 48.65, 1, 7791
36085, 25816, 71.54, 72, 48.65, 1, 7791
36086, 25816, 71.54, 72, 48.65, 1, 7792
36087, 25817, 71.54, 72, 48.65, 1, 7792
36088, 25818, 71.54, 72, 48.65, 1, 7792
36089, 25819, 71.54, 72, 48.65, 1, 7792
36090, 25820, 71.54, 72, 48.65, 1, 7792
36091, 25821, 71.54, 72, 48.65, 1, 7792
36092, 25822, 71.54, 72, 48.65, 1, 7792
36093, 25823, 71.55, 72, 48.65, 1, 7792
36094, 25824, 71.55, 72, 48.65, 1, 7792
36095, 25825, 71.55, 72, 48.65, 1, 7792
36096, 25825, 71.55, 72, 48.65, 1, 7793
36097, 25825, 71.54, 72, 48.65, 1, 7794
36098, 25826, 71.54, 72, 48.65, 1, 7794
36099, 25827, 71.54, 72, 48.65, 1, 7794
36100, 25828, 71.55, 72, 48.65, 1, 7794
36101, 25829, 71.55, 72, 48.65, 1, 7794
36102, 25830, 71.55, 72, 48.65, 1, 7794
36103, 25830, 71.55, 72, 48.65, 1, 7795
36104, 25830, 71.54, 72, 48.65, 1, 7795
36105, 25830, 71.54, 72, 48.65, 1, 7796
36106, 25830, 71.54, 72, 48.65, 1, 7797
36107, 25831, 71.54, 72, 48.65, 1, 7797
36108, 25832, 71.54, 72, 48.65, 1, 7797
36109, 25832, 71.54, 72, 48.65, 1, 7798
36110, 25832, 71.54, 72, 48.65, 1, 7799
36111, 25832, 71.53, 72, 48.65, 1, 7799
36112, 25832, 71.53, 72, 48.65, 1, 7800
36113, 25833, 71.53, 72, 48.65, 1, 7800
36114, 25834, 71.53, 72, 48.65, 1, 7800
36115, 25835, 71.54, 72, 48.65, 1, 7800
36116, 25836, 71.54, 72, 48.65, 1, 7800
36117, 25836, 71.53, 72, 48.65, 1, 7801
36118, 25837, 71.53, 72, 48.65, 1, 7801
36119, 25838, 71.54, 72, 48.65, 1, 7801
36120, 25839, 71.54, 72, 48.65, 1, 7801
36121, 25840, 71.54, 72, 48.65, 1, 7801
36122, 25841, 71.54, 72, 48.65, 1, 7801
36123, 25842, 71.54, 72, 48.65, 1, 7801
36124, 25843, 71.54, 72, 48.65, 1, 7801
36125, 25844, 71.54, 72, 48.65, 1, 7801
36126, 25845, 71.54, 72, 48.65, 1, 7801
36127, 25846, 71.54, 72, 48.65, 1, 7801
36128, 25847, 71.54, 72, 48.65, 1, 7801
36129, 25848, 71.54, 72, 48.65, 1, 7801
36130, 25849, 71.54, 72, 48.65, 1, 7801
36131, 25850, 71.55, 72, 48.65, 1, 7801
36132, 25851, 71.55, 72, 48.65, 1, 7801
36133, 25852, 71.55, 72, 48.65, 1, 7801
36134, 25852, 71.54, 72, 48.65, 1, 7801
36135, 25853, 71.55, 72, 48.65, 1, 7801
36136, 25854, 71.55, 72, 48.65, 1, 7801
36137, 25854, 71.54, 72, 48.65, 1, 7801
36138, 25855, 71.55, 72, 48.65, 1, 7801
36139, 25856, 71.55, 72, 48.65, 1, 7801
36140, 25857, 71.55, 72, 48.65, 1, 7801
36141, 25858, 71.55, 72, 48.65, 1, 7801
36142, 25858, 71.55, 72, 48.65, 1, 7802
36143, 25858, 71.54, 72, 48.65, 1, 7803
36144, 25858, 71.54, 72, 48.65, 1, 7803
36145, 25858, 71.54, 72, 48.65, 1, 7803
36146, 25859, 71.54, 72, 48.65, 1, 7803
36147, 25859, 71.54, 72, 48.65, 1, 7804
36148, 25860, 71.54, 72, 48.65, 1, 7804
36149, 25861, 71.54, 72, 48.65, 1, 7804
36150, 25862, 71.54, 72, 48.65, 1, 7804
36151, 25863, 71.54, 72, 48.65, 1, 7804
36152, 25864, 71.54, 72, 48.65, 1, 7804
36153, 25864, 71.54, 72, 48.65, 1, 7805
36154, 25865, 71.54, 72, 48.65, 1, 7805
36155, 25866, 71.54, 72, 48.65, 1, 7805
36156, 25866, 71.54, 72, 48.65, 1, 7806
36157, 25867, 71.54, 72, 48.65, 1, 7806
36158, 25868, 71.54, 72, 48.65, 1, 7806
36159, 25869, 71.54, 72, 48.65, 1, 7806
36160, 25870, 71.54, 72, 48.65, 1, 7806
36161, 25871, 71.54, 72, 48.65, 1, 7806
36162, 25872, 71.54, 72, 48.65, 1, 7806
36163, 25872, 71.54, 72, 48.65, 1, 7806
36164, 25873, 71.54, 72, 48.65, 1, 7806
36165, 25873, 71.54, 72, 48.65, 1, 7807
36166, 25874, 71.54, 72, 48.65, 1, 7807
36167, 25875, 71.54, 72, 48.65, 1, 7807
36168, 25876, 71.54, 72, 48.65, 1, 7807
36169, 25877, 71.54, 72, 48.65, 1, 7807
36170, 25877, 71.54, 72, 48.65, 1, 7808
36171, 25877, 71.54, 72, 48.65, 1, 7809
36172, 25878, 71.54, 72, 48.65, 1, 7809
36173, 25879, 71.54, 72, 48.65, 1, 7809
36174, 25880, 71.54, 72, 48.65, 1, 7809
36175, 25881, 71.54, 72, 48.65, 1, 7809
36176, 25881, 71.54, 72, 48.65, 1, 7809
36177, 25881, 71.54, 72, 48.65, 1, 7809
36178, 25881, 71.54, 72, 48.65, 1, 7810
36179, 25882, 71.54, 72, 48.65, 1, 7810
36180, 25883, 71.54, 72, 48.65, 1, 7810
36181, 25883, 71.54, 72, 48.65, 1, 7811
36182, 25884, 71.54, 72, 48.65, 1, 7811
36183, 25884, 71.54, 72, 48.65, 1, 7811
36184, 25885, 71.54, 72, 48.65, 1, 7811
36185, 25886, 71.54, 72, 48.65, 1, 7811
36186, 25887, 71.54, 72, 48.65, 1, 7811
36187, 25887, 71.54, 72, 48.65, 1, 7811
36188, 25888, 71.54, 72, 48.65, 1, 7811
36189, 25888, 71.54, 72, 48.65, 1, 7811
36190, 25888, 71.53, 72, 48.65, 1, 7812
36191, 25889, 71.53, 72, 48.65, 1, 7812
36192, 25889, 71.53, 72, 48.65, 1, 7813
36193, 25890, 71.53, 72, 48.65, 1, 7813
36194, 25891, 71.53, 72, 48.65, 1, 7813
36195, 25892, 71.53, 72, 48.65, 1, 7813
36196, 25893, 71.54, 72, 48.65, 1, 7813
36197, 25893, 71.53, 72, 48.65, 1, 7814
36198, 25893, 71.53, 72, 48.65, 1, 7815
36199, 25893, 71.53, 72, 48.65, 1, 7816
36200, 25894, 71.53, 72, 48.65, 1, 7816
36201, 25895, 71.53, 72, 48.65, 1, 7816
36202, 25895, 71.53, 72, 48.65, 1, 7817
36203, 25896, 71.53, 72, 48.65, 1, 7817
36204, 25897, 71.53, 72, 48.65, 1, 7817
36205, 25898, 71.53, 72, 48.65, 1, 7817
36206, 25899, 71.53, 72, 48.65, 1, 7817
36207, 25900, 71.53, 72, 48.65, 1, 7817
36208, 25900, 71.53, 72, 48.65, 1, 7818
36209, 25901, 71.53, 72, 48.65, 1, 7818
36210, 25902, 71.53, 72, 48.65, 1, 7818
36211, 25903, 71.53, 72, 48.65, 1, 7818
36212, 25903, 71.53, 72, 48.65, 1, 7819
36213, 25903, 71.53, 72, 48.65, 1, 7820
36214, 25904, 71.53, 72, 48.65, 1, 7820
36215, 25904, 71.53, 72, 48.65, 1, 7821
36216, 25905, 71.53, 72, 48.65, 1, 7821
36217, 25906, 71.53, 72, 48.65, 1, 7821
36218, 25907, 71.53, 72, 48.65, 1, 7821
36219, 25908, 71.53, 72, 48.65, 1, 7821
36220, 25908, 71.53, 72, 48.65, 1, 7822
36221, 25909, 71.53, 72, 48.65, 1, 7822
36222, 25910, 71.53, 72, 48.65, 1, 7822
36223, 25911, 71.53, 72, 48.65, 1, 7822
36224, 25911, 71.53, 72, 48.65, 1, 7823
36225, 25912, 71.53, 72, 48.65, 1, 7823
36226, 25913, 71.53, 72, 48.65, 1, 7823
36227, 25913, 71.53, 72, 48.65, 1, 7824
36228, 25914, 71.53, 72, 48.65, 1, 7824
36229, 25915, 71.53, 72, 48.65, 1, 7824
36230, 25916, 71.53, 72, 48.65, 1, 7824
36231, 25917, 71.53, 72, 48.65, 1, 7824
36232, 25918, 71.53, 72, 48.65, 1, 7824
36233, 25919, 71.53, 72, 48.65, 1, 7824
36234, 25919, 71.53, 72, 48.65, 1, 7825
36235, 25920, 71.53, 72, 48.65, 1, 7825
36236, 25921, 71.53, 72, 48.65, 1, 7825
36237, 25922, 71.53, 72, 48.65, 1, 7825
36238, 25922, 71.53, 72, 48.65, 1, 7825
36239, 25922, 71.53, 72, 48.65, 1, 7826
36240, 25922, 71.53, 72, 48.65, 1, 7827
36241, 25923, 71.53, 72, 48.65, 1, 7827
36242, 25924, 71.53, 72, 48.65, 1, 7827
36243, 25925, 71.53, 72, 48.65, 1, 7827
36244, 25925, 71.53, 72, 48.65, 1, 7828
36245, 25926, 71.53, 72, 48.65, 1, 7828
36246, 25927, 71.53, 72, 48.65, 1, 7828
36247, 25927, 71.53, 72, 48.65, 1, 7829
36248, 25928, 71.53, 72, 48.65, 1, 7829
36249, 25929, 71.53, 72, 48.65, 1, 7829
36250, 25930, 71.53, 72, 48.65, 1, 7829
36251, 25931, 71.53, 72, 48.65, 1, 7829
36252, 25931, 71.53, 72, 48.65, 1, 7830
36253, 25931, 71.53, 72, 48.65, 1, 7831
36254, 25932, 71.53, 72, 48.65, 1, 7831
36255, 25932, 71.53, 72, 48.65, 1, 7832
36256, 25933, 71.53, 72, 48.65, 1, 7832
36257, 25934, 71.53, 72, 48.65, 1, 7832
36258, 25935, 71.53, 72, 48.65, 1, 7832
36259, 25935, 71.53, 72, 48.65, 1, 7833
36260, 25936, 71.53, 72, 48.65, 1, 7833
36261, 25937, 71.53, 72, 48.65, 1, 7833
36262, 25938, 71.53, 72, 48.65, 1, 7833
36263, 25938, 71.53, 72, 48.65, 1, 7834
36264, 25939, 71.53, 72, 48.65, 1, 7834
36265, 25940, 71.53, 72, 48.65, 1, 7834
36266, 25941, 71.53, 72, 48.65, 1, 7834
36267, 25941, 71.53, 72, 48.65, 1, 7835
36268, 25941, 71.53, 72, 48.65, 1, 7836
36269, 25941, 71.52, 72, 48.65, 1, 7837
36270, 25942, 71.52, 72, 48.65, 1, 7837
36271, 25943, 71.53, 72, 48.65, 1, 7837
36272, 25943, 71.52, 72, 48.65, 1, 7837
36273, 25944, 71.52, 72, 48.65, 1, 7837
36274, 25945, 71.53, 72, 48.65, 1, 7837
36275, 25946, 71.53, 72, 48.65, 1, 7837
36276, 25947, 71.53, 72, 48.65, 1, 7837
36277, 25948, 71.53, 72, 48.65, 1, 7837
36278, 25949, 71.53, 72, 48.65, 1, 7837
36279, 25950, 71.53, 72, 48.65, 1, 7837
36280, 25951, 71.53, 72, 48.65, 1, 7837
36281, 25952, 71.53, 72, 48.65, 1, 7837
36282, 25953, 71.53, 72, 48.65, 1, 7837
36283, 25954, 71.53, 72, 48.65, 1, 7837
36284, 25954, 71.53, 72, 48.65, 1, 7838
36285, 25955, 71.53, 72, 48.65, 1, 7838
36286, 25956, 71.53, 72, 48.65, 1, 7838
36287, 25956, 71.53, 72, 48.65, 1, 7839
36288, 25957, 71.53, 72, 48.65, 1, 7839
36289, 25958, 71.53, 72, 48.65, 1, 7839
36290, 25958, 71.53, 72, 48.65, 1, 7839
36291, 25958, 71.53, 72, 48.65, 1, 7840
36292, 25958, 71.53, 72, 48.65, 1, 7841
36293, 25959, 71.53, 72, 48.65, 1, 7841
36294, 25959, 71.52, 72, 48.65, 1, 7842
36295, 25960, 71.53, 72, 48.65, 1, 7842
36296, 25961, 71.53, 72, 48.65, 1, 7842
36297, 25962, 71.53, 72, 48.65, 1, 7842
36298, 25963, 71.53, 72, 48.65, 1, 7842
36299, 25964, 71.53, 72, 48.65, 1, 7842
36300, 25965, 71.53, 72, 48.65, 1, 7842
36301, 25966, 71.53, 72, 48.65, 1, 7842
36302, 25967, 71.53, 72, 48.65, 1, 7842
36303, 25968, 71.53, 72, 48.65, 1, 7842
36304, 25969, 71.53, 72, 48.65, 1, 7842
36305, 25969, 71.53, 72, 48.65, 1, 7843
36306, 25970, 71.53, 72, 48.65, 1, 7843
36307, 25970, 71.53, 72, 48.65, 1, 7844
36308, 25971, 71.53, 72, 48.65, 1, 7844
36309, 25971, 71.53, 72, 48.65, 1, 7845
36310, 25972, 71.53, 72, 48.65, 1, 7845
36311, 25973, 71.53, 72, 48.65, 1, 7845
36312, 25974, 71.53, 72, 48.65, 1, 7845
36313, 25975, 71.53, 72, 48.65, 1, 7845
36314, 25976, 71.53, 72, 48.65, 1, 7845
36315, 25977, 71.53, 72, 48.65, 1, 7845
36316, 25977, 71.53, 72, 48.65, 1, 7846
36317, 25977, 71.53, 72, 48.65, 1, 7847
36318, 25977, 71.53, 72, 48.65, 1, 7848
36319, 25978, 71.53, 72, 48.65, 1, 7848
36320, 25978, 71.53, 72, 48.65, 1, 7848
36321, 25978, 71.52, 72, 48.65, 1, 7848
36322, 25978, 71.52, 72, 48.65, 1, 7849
36323, 25978, 71.52, 72, 48.65, 1, 7850
36324, 25979, 71.52, 72, 48.65, 1, 7850
36325, 25980, 71.52, 72, 48.65, 1, 7850
36326, 25981, 71.52, 72, 48.65, 1, 7850
36327, 25982, 71.52, 72, 48.65, 1, 7850
36328, 25983, 71.52, 72, 48.65, 1, 7850
36329, 25983, 71.52, 72, 48.65, 1, 7851
36330, 25984, 71.52, 72, 48.65, 1, 7851
36331, 25985, 71.52, 72, 48.65, 1, 7851
36332, 25986, 71.52, 72, 48.65, 1, 7851
36333, 25987, 71.52, 72, 48.65, 1, 7851
36334, 25987, 71.52, 72, 48.65, 1, 7852
36335, 25988, 71.52, 72, 48.65, 1, 7852
36336, 25989, 71.52, 72, 48.65, 1, 7852
36337, 25989, 71.52, 72, 48.65, 1, 7852
36338, 25990, 71.52, 72, 48.65, 1, 7852
36339, 25991, 71.52, 72, 48.65, 1, 7852
36340, 25992, 71.52, 72, 48.65, 1, 7852
36341, 25992, 71.52, 72, 48.65, 1, 7853
36342, 25993, 71.52, 72, 48.65, 1, 7853
36343, 25994, 71.52, 72, 48.65, 1, 7853
36344, 25995, 71.52, 72, 48.65, 1, 7853
36345, 25995, 71.52, 72, 48.65, 1, 7854
36346, 25996, 71.52, 72, 48.65, 1, 7854
36347, 25997, 71.52, 72, 48.65, 1, 7854
36348, 25997, 71.52, 72, 48.65, 1, 7855
36349, 25998, 71.52, 72, 48.65, 1, 7855
36350, 25999, 71.52, 72, 48.65, 1, 7855
36351, 25999, 71.52, 72, 48.65, 1, 7856
36352, 26000, 71.52, 72, 48.65, 1, 7856
36353, 26000, 71.52, 72, 48.65, 1, 7857
36354, 26001, 71.52, 72, 48.65, 1, 7857
36355, 26002, 71.52, 72, 48.65, 1, 7857
36356, 26003, 71.52, 72, 48.65, 1, 7857
36357, 26004, 71.52, 72, 48.65, 1, 7857
36358, 26004, 71.52, 72, 48.65, 1, 7858
36359, 26005, 71.52, 72, 48.65, 1, 7858
36360, 26006, 71.52, 72, 48.65, 1, 7858
36361, 26007, 71.52, 72, 48.65, 1, 7858
36362, 26008, 71.53, 72, 48.65, 1, 7858
36363, 26008, 71.52, 72, 48.65, 1, 7859
36364, 26009, 71.52, 72, 48.65, 1, 7859
36365, 26010, 71.52, 72, 48.65, 1, 7859
36366, 26010, 71.52, 72, 48.65, 1, 7860
36367, 26011, 71.52, 72, 48.65, 1, 7860
36368, 26011, 71.52, 72, 48.65, 1, 7861
36369, 26012, 71.52, 72, 48.65, 1, 7861
36370, 26013, 71.52, 72, 48.65, 1, 7861
36371, 26014, 71.52, 72, 48.65, 1, 7861
36372, 26015, 71.52, 72, 48.65, 1, 7861
36373, 26016, 71.53, 72, 48.65, 1, 7861
36374, 26017, 71.53, 72, 48.65, 1, 7861
36375, 26018, 71.53, 72, 48.65, 1, 7861
36376, 26018, 71.53, 72, 48.65, 1, 7861
36377, 26018, 71.52, 72, 48.65, 1, 7862
36378, 26018, 71.52, 72, 48.65, 1, 7863
36379, 26019, 71.52, 72, 48.65, 1, 7863
36380, 26020, 71.52, 72, 48.65, 1, 7863
36381, 26020, 71.52, 72, 48.65, 1, 7864
36382, 26021, 71.52, 72, 48.65, 1, 7864
36383, 26021, 71.52, 72, 48.65, 1, 7865
36384, 26022, 71.52, 72, 48.65, 1, 7865
36385, 26023, 71.52, 72, 48.65, 1, 7865
36386, 26023, 71.52, 72, 48.65, 1, 7866
36387, 26024, 71.52, 72, 48.65, 1, 7866
36388, 26025, 71.52, 72, 48.65, 1, 7866
36389, 26026, 71.52, 72, 48.65, 1, 7866
36390, 26027, 71.52, 72, 48.65, 1, 7866
36391, 26028, 71.52, 72, 48.65, 1, 7866
36392, 26028, 71.52, 72, 48.65, 1, 7866
36393, 26028, 71.52, 72, 48.65, 1, 7867
36394, 26029, 71.52, 72, 48.65, 1, 7867
36395, 26030, 71.52, 72, 48.65, 1, 7867
36396, 26031, 71.52, 72, 48.65, 1, 7867
36397, 26032, 71.52, 72, 48.65, 1, 7867
36398, 26033, 71.52, 72, 48.65, 1, 7867
36399, 26033, 71.52, 72, 48.65, 1, 7868
36400, 26033, 71.52, 72, 48.65, 1, 7868
36401, 26034, 71.52, 72, 48.65, 1, 7868
36402, 26034, 71.52, 72, 48.65, 1, 7868
36403, 26034, 71.52, 72, 48.65, 1, 7869
36404, 26035, 71.52, 72, 48.65, 1, 7869
36405, 26036, 71.52, 72, 48.65, 1, 7869
36406, 26036, 71.52, 72, 48.65, 1, 7870
36407, 26037, 71.52, 72, 48.65, 1, 7870
36408, 26038, 71.52, 72, 48.65, 1, 7870
36409, 26039, 71.52, 72, 48.65, 1, 7870
36410, 26040, 71.52, 72, 48.65, 1, 7870
36411, 26041, 71.52, 72, 48.65, 1, 7870
36412, 26041, 71.52, 72, 48.65, 1, 7871
36413, 26042, 71.52, 72, 48.65, 1, 7871
36414, 26043, 71.52, 72, 48.65, 1, 7871
36415, 26043, 71.52, 72, 48.65, 1, 7872
36416, 26044, 71.52, 72, 48.65, 1, 7872
36417, 26044, 71.52, 72, 48.65, 1, 7873
36418, 26045, 71.52, 72, 48.65, 1, 7873
36419, 26046, 71.52, 72, 48.65, 1, 7873
36420, 26047, 71.52, 72, 48.65, 1, 7873
36421, 26048, 71.52, 72, 48.65, 1, 7873
36422, 26048, 71.52, 72, 48.65, 1, 7874
36423, 26049, 71.52, 72, 48.65, 1, 7874
36424, 26050, 71.52, 72, 48.65, 1, 7874
36425, 26050, 71.52, 72, 48.65, 1, 7875
36426, 26051, 71.52, 72, 48.65, 1, 7875
36427, 26051, 71.52, 72, 48.65, 1, 7876
36428, 26052, 71.52, 72, 48.65, 1, 7876
36429, 26053, 71.52, 72, 48.65, 1, 7876
36430, 26054, 71.52, 72, 48.65, 1, 7876
36431, 26055, 71.52, 72, 48.65, 1, 7876
36432, 26056, 71.52, 72, 48.65, 1, 7876
36433, 26057, 71.52, 72, 48.65, 1, 7876
36434, 26058, 71.52, 72, 48.65, 1, 7876
36435, 26058, 71.52, 72, 48.65, 1, 7877
36436, 26059, 71.52, 72, 48.65, 1, 7877
36437, 26059, 71.52, 72, 48.65, 1, 7878
36438, 26060, 71.52, 72, 48.65, 1, 7878
36439, 26061, 71.52, 72, 48.65, 1, 7878
36440, 26061, 71.52, 72, 48.65, 1, 7879
36441, 26061, 71.52, 72, 48.65, 1, 7879
36442, 26062, 71.52, 72, 48.65, 1, 7879
36443, 26063, 71.52, 72, 48.65, 1, 7879
36444, 26064, 71.52, 72, 48.65, 1, 7879
36445, 26064, 71.52, 72, 48.65, 1, 7880
36446, 26065, 71.52, 72, 48.65, 1, 7880
36447, 26066, 71.52, 72, 48.65, 1, 7880
36448, 26067, 71.52, 72, 48.65, 1, 7880
36449, 26068, 71.52, 72, 48.65, 1, 7880
36450, 26068, 71.52, 72, 48.65, 1, 7881
36451, 26069, 71.52, 72, 48.65, 1, 7881
36452, 26069, 71.52, 72, 48.65, 1, 7882
36453, 26070, 71.52, 72, 48.65, 1, 7882
36454, 26071, 71.52, 72, 48.65, 1, 7882
36455, 26072, 71.52, 72, 48.65, 1, 7882
36456, 26073, 71.52, 72, 48.65, 1, 7882
36457, 26074, 71.52, 72, 48.65, 1, 7882
36458, 26075, 71.52, 72, 48.65, 1, 7882
36459, 26075, 71.52, 72, 48.65, 1, 7883
36460, 26076, 71.52, 72, 48.65, 1, 7883
36461, 26077, 71.52, 72, 48.65, 1, 7883
36462, 26078, 71.52, 72, 48.65, 1, 7883
36463, 26079, 71.52, 72, 48.65, 1, 7883
36464, 26080, 71.52, 72, 48.65, 1, 7883
36465, 26081, 71.52, 72, 48.65, 1, 7883
36466, 26081, 71.52, 72, 48.65, 1, 7884
36467, 26082, 71.52, 72, 48.65, 1, 7884
36468, 26083, 71.52, 72, 48.65, 1, 7884
36469, 26084, 71.52, 72, 48.65, 1, 7884
36470, 26085, 71.52, 72, 48.65, 1, 7884
36471, 26085, 71.52, 72, 48.65, 1, 7885
36472, 26085, 71.52, 72, 48.65, 1, 7886
36473, 26086, 71.52, 72, 48.65, 1, 7886
36474, 26087, 71.52, 72, 48.65, 1, 7886
36475, 26088, 71.52, 72, 48.65, 1, 7886
36476, 26088, 71.52, 72, 48.65, 1, 7887
36477, 26089, 71.52, 72, 48.65, 1, 7887
36478, 26090, 71.52, 72, 48.65, 1, 7887
36479, 26091, 71.52, 72, 48.65, 1, 7887
36480, 26092, 71.52, 72, 48.65, 1, 7887
36481, 26093, 71.52, 72, 48.65, 1, 7887
36482, 26093, 71.52, 72, 48.65, 1, 7888
36483, 26094, 71.52, 72, 48.65, 1, 7888
36484, 26094, 71.52, 72, 48.65, 1, 7889
36485, 26094, 71.52, 72, 48.65, 1, 7890
36486, 26095, 71.52, 72, 48.65, 1, 7890
36487, 26096, 71.52, 72, 48.65, 1, 7890
36488, 26096, 71.52, 72, 48.65, 1, 7891
36489, 26097, 71.52, 72, 48.65, 1, 7891
36490, 26098, 71.52, 72, 48.65, 1, 7891
36491, 26099, 71.52, 72, 48.65, 1, 7891
36492, 26100, 71.52, 72, 48.65, 1, 7891
36493, 26100, 71.52, 72, 48.65, 1, 7892
36494, 26101, 71.52, 72, 48.65, 1, 7892
36495, 26102, 71.52, 72, 48.65, 1, 7892
36496, 26103, 71.52, 72, 48.65, 1, 7892
36497, 26103, 71.52, 72, 48.65, 1, 7893
36498, 26104, 71.52, 72, 48.65, 1, 7893
36499, 26105, 71.52, 72, 48.65, 1, 7893
36500, 26106, 71.52, 72, 48.65, 1, 7893
36501, 26107, 71.52, 72, 48.65, 1, 7893
36502, 26108, 71.52, 72, 48.65, 1, 7893
36503, 26108, 71.52, 72, 48.65, 1, 7894
36504, 26109, 71.52, 72, 48.65, 1, 7894
36505, 26109, 71.52, 72, 48.65, 1, 7895
36506, 26109, 71.52, 72, 48.65, 1, 7896
36507, 26110, 71.52, 72, 48.65, 1, 7896
36508, 26111, 71.52, 72, 48.65, 1, 7896
36509, 26111, 71.52, 72, 48.65, 1, 7897
36510, 26112, 71.52, 72, 48.65, 1, 7897
36511, 26112, 71.52, 72, 48.65, 1, 7898
36512, 26112, 71.52, 72, 48.65, 1, 7898
36513, 26113, 71.52, 72, 48.65, 1, 7898
36514, 26114, 71.52, 72, 48.65, 1, 7898
36515, 26115, 71.52, 72, 48.65, 1, 7898
36516, 26116, 71.52, 72, 48.65, 1, 7898
36517, 26117, 71.52, 72, 48.65, 1, 7898
36518, 26118, 71.52, 72, 48.65, 1, 7898
36519, 26119, 71.52, 72, 48.65, 1, 7898
36520, 26119, 71.52, 72, 48.65, 1, 7899
36521, 26120, 71.52, 72, 48.65, 1, 7899
36522, 26121, 71.52, 72, 48.65, 1, 7899
36523, 26121, 71.52, 72, 48.65, 1, 7900
36524, 26122, 71.52, 72, 48.65, 1, 7900
36525, 26123, 71.52, 72, 48.65, 1, 7900
36526, 26124, 71.52, 72, 48.65, 1, 7900
36527, 26124, 71.52, 72, 48.65, 1, 7901
36528, 26125, 71.52, 72, 48.65, 1, 7901
36529, 26125, 71.52, 72, 48.65, 1, 7902
36530, 26126, 71.52, 72, 48.65, 1, 7902
36531, 26126, 71.52, 72, 48.65, 1, 7903
36532, 26127, 71.52, 72, 48.65, 1, 7903
36533, 26128, 71.52, 72, 48.65, 1, 7903
36534, 26129, 71.52, 72, 48.65, 1, 7903
36535, 26129, 71.52, 72, 48.65, 1, 7904
36536, 26129, 71.52, 72, 48.65, 1, 7905
36537, 26130, 71.52, 72, 48.65, 1, 7905
36538, 26131, 71.52, 72, 48.65, 1, 7905
36539, 26132, 71.52, 72, 48.65, 1, 7905
36540, 26133, 71.52, 72, 48.65, 1, 7905
36541, 26133, 71.52, 72, 48.65, 1, 7906
36542, 26134, 71.52, 72, 48.65, 1, 7906
36543, 26135, 71.52, 72, 48.65, 1, 7906
36544, 26135, 71.52, 72, 48.65, 1, 7907
36545, 26136, 71.52, 72, 48.65, 1, 7907
36546, 26136, 71.52, 72, 48.65, 1, 7908
36547, 26137, 71.52, 72, 48.65, 1, 7908
36548, 26138, 71.52, 72, 48.65, 1, 7908
36549, 26138, 71.51, 72, 48.65, 1, 7909
36550, 26139, 71.52, 72, 48.65, 1, 7909
36551, 26140, 71.52, 72, 48.65, 1, 7909
36552, 26141, 71.52, 72, 48.65, 1, 7909
36553, 26142, 71.52, 72, 48.65, 1, 7909
36554, 26143, 71.52, 72, 48.65, 1, 7909
36555, 26144, 71.52, 72, 48.65, 1, 7909
36556, 26145, 71.52, 72, 48.65, 1, 7909
36557, 26146, 71.52, 72, 48.65, 1, 7909
36558, 26147, 71.52, 72, 48.65, 1, 7909
36559, 26148, 71.52, 72, 48.65, 1, 7909
36560, 26149, 71.52, 72, 48.65, 1, 7909
36561, 26150, 71.52, 72, 48.65, 1, 7909
36562, 26150, 71.52, 72, 48.65, 1, 7910
36563, 26151, 71.52, 72, 48.65, 1, 7910
36564, 26152, 71.52, 72, 48.65, 1, 7910
36565, 26153, 71.52, 72, 48.65, 1, 7910
36566, 26154, 71.53, 72, 48.65, 1, 7910
36567, 26155, 71.53, 72, 48.65, 1, 7910
36568, 26156, 71.53, 72, 48.65, 1, 7910
36569, 26156, 71.53, 72, 48.65, 1, 7910
36570, 26157, 71.53, 72, 48.65, 1, 7910
36571, 26158, 71.53, 72, 48.65, 1, 7910
36572, 26159, 71.53, 72, 48.65, 1, 7910
36573, 26160, 71.53, 72, 48.65, 1, 7910
36574, 26161, 71.53, 72, 48.65, 1, 7910
36575, 26161, 71.53, 72, 48.65, 1, 7910
36576, 26162, 71.53, 72, 48.65, 1, 7910
36577, 26162, 71.53, 72, 48.65, 1, 7911
36578, 26163, 71.53, 72, 48.65, 1, 7911
36579, 26163, 71.52, 72, 48.65, 1, 7912
36580, 26163, 71.52, 72, 48.65, 1, 7913
36581, 26164, 71.52, 72, 48.65, 1, 7913
36582, 26165, 71.52, 72, 48.65, 1, 7913
36583, 26166, 71.53, 72, 48.65, 1, 7913
36584, 26167, 71.53, 72, 48.65, 1, 7913
36585, 26168, 71.53, 72, 48.65, 1, 7913
36586, 26169, 71.53, 72, 48.65, 1, 7913
36587, 26170, 71.53, 72, 48.65, 1, 7913
36588, 26171, 71.53, 72, 48.65, 1, 7913
36589, 26172, 71.53, 72, 48.65, 1, 7913
36590, 26173, 71.53, 72, 48.65, 1, 7913
36591, 26173, 71.53, 72, 48.65, 1, 7914
36592, 26173, 71.53, 72, 48.65, 1, 7915
36593, 26174, 71.53, 72, 48.65, 1, 7915
36594, 26175, 71.53, 72, 48.65, 1, 7915
36595, 26176, 71.53, 72, 48.65, 1, 7915
36596, 26177, 71.53, 72, 48.65, 1, 7915
36597, 26178, 71.53, 72, 48.65, 1, 7915
36598, 26178, 71.53, 72, 48.65, 1, 7916
36599, 26179, 71.53, 72, 48.65, 1, 7916
36600, 26180, 71.53, 72, 48.65, 1, 7916
36601, 26180, 71.53, 72, 48.65, 1, 7917
36602, 26181, 71.53, 72, 48.65, 1, 7917
36603, 26182, 71.53, 72, 48.65, 1, 7917
36604, 26183, 71.53, 72, 48.65, 1, 7917
36605, 26184, 71.53, 72, 48.65, 1, 7917
36606, 26184, 71.53, 72, 48.65, 1, 7917
36607, 26185, 71.53, 72, 48.65, 1, 7917
36608, 26186, 71.53, 72, 48.65, 1, 7917
36609, 26187, 71.53, 72, 48.65, 1, 7917
36610, 26188, 71.53, 72, 48.65, 1, 7917
36611, 26189, 71.53, 72, 48.65, 1, 7917
36612, 26190, 71.53, 72, 48.65, 1, 7917
36613, 26191, 71.53, 72, 48.65, 1, 7917
36614, 26192, 71.54, 72, 48.65, 1, 7917
36615, 26193, 71.54, 72, 48.65, 1, 7917
36616, 26193, 71.53, 72, 48.65, 1, 7918
36617, 26193, 71.53, 72, 48.65, 1, 7919
36618, 26193, 71.53, 72, 48.65, 1, 7919
36619, 26194, 71.53, 72, 48.65, 1, 7919
36620, 26195, 71.53, 72, 48.65, 1, 7919
36621, 26196, 71.53, 72, 48.65, 1, 7919
36622, 26197, 71.53, 72, 48.65, 1, 7919
36623, 26198, 71.53, 72, 48.65, 1, 7919
36624, 26198, 71.53, 72, 48.65, 1, 7920
36625, 26199, 71.53, 72, 48.65, 1, 7920
36626, 26200, 71.53, 72, 48.65, 1, 7920
36627, 26201, 71.53, 72, 48.65, 1, 7920
36628, 26202, 71.54, 72, 48.65, 1, 7920
36629, 26203, 71.54, 72, 48.65, 1, 7920
36630, 26204, 71.54, 72, 48.65, 1, 7920
36631, 26204, 71.54, 72, 48.65, 1, 7921
36632, 26205, 71.54, 72, 48.65, 1, 7921
36633, 26206, 71.54, 72, 48.65, 1, 7921
36634, 26207, 71.54, 72, 48.65, 1, 7921
36635, 26208, 71.54, 72, 48.65, 1, 7921
36636, 26209, 71.54, 72, 48.65, 1, 7921
36637, 26209, 71.54, 72, 48.65, 1, 7921
36638, 26209, 71.54, 72, 48.65, 1, 7922
36639, 26210, 71.54, 72, 48.65, 1, 7922
36640, 26211, 71.54, 72, 48.65, 1, 7922
36641, 26212, 71.54, 72, 48.65, 1, 7922
36642, 26213, 71.54, 72, 48.65, 1, 7922
36643, 26214, 71.54, 72, 48.65, 1, 7922
36644, 26215, 71.54, 72, 48.65, 1, 7922
36645, 26215, 71.54, 72, 48.65, 1, 7923
36646, 26216, 71.54, 72, 48.65, 1, 7923
36647, 26216, 71.54, 72, 48.65, 1, 7924
36648, 26216, 71.53, 72, 48.65, 1, 7925
36649, 26216, 71.53, 72, 48.65, 1, 7926
36650, 26217, 71.53, 72, 48.65, 1, 7926
36651, 26217, 71.53, 72, 48.65, 1, 7927
36652, 26218, 71.53, 72, 48.65, 1, 7927
36653, 26219, 71.53, 72, 48.65, 1, 7927
36654, 26219, 71.53, 72, 48.65, 1, 7928
36655, 26219, 71.53, 72, 48.65, 1, 7928
36656, 26220, 71.53, 72, 48.65, 1, 7928
36657, 26220, 71.53, 72, 48.65, 1, 7929
36658, 26221, 71.53, 72, 48.65, 1, 7929
36659, 26222, 71.53, 72, 48.65, 1, 7929
36660, 26223, 71.53, 72, 48.65, 1, 7929
36661, 26224, 71.53, 72, 48.65, 1, 7929
36662, 26225, 71.53, 72, 48.65, 1, 7929
36663, 26226, 71.53, 72, 48.65, 1, 7929
36664, 26227, 71.53, 72, 48.65, 1, 7929
36665, 26228, 71.53, 72, 48.65, 1, 7929
36666, 26229, 71.53, 72, 48.65, 1, 7929
36667, 26230, 71.54, 72, 48.65, 1, 7929
36668, 26231, 71.54, 72, 48.65, 1, 7929
36669, 26232, 71.54, 72, 48.65, 1, 7929
36670, 26233, 71.54, 72, 48.65, 1, 7929
36671, 26234, 71.54, 72, 48.65, 1, 7929
36672, 26235, 71.54, 72, 48.65, 1, 7929
36673, 26236, 71.54, 72, 48.65, 1, 7929
36674, 26236, 71.54, 72, 48.65, 1, 7930
36675, 26237, 71.54, 72, 48.65, 1, 7930
36676, 26238, 71.54, 72, 48.65, 1, 7930
36677, 26238, 71.54, 72, 48.65, 1, 7931
36678, 26239, 71.54, 72, 48.65, 1, 7931
36679, 26240, 71.54, 72, 48.65, 1, 7931
36680, 26241, 71.54, 72, 48.65, 1, 7931
36681, 26242, 71.54, 72, 48.65, 1, 7931
36682, 26243, 71.54, 72, 48.65, 1, 7931
36683, 26244, 71.54, 72, 48.65, 1, 7931
36684, 26244, 71.54, 72, 48.65, 1, 7932
36685, 26245, 71.54, 72, 48.65, 1, 7932
36686, 26246, 71.54, 72, 48.65, 1, 7932
36687, 26247, 71.54, 72, 48.65, 1, 7932
36688, 26248, 71.54, 72, 48.65, 1, 7932
36689, 26249, 71.54, 72, 48.65, 1, 7932
36690, 26249, 71.54, 72, 48.65, 1, 7933
36691, 26250, 71.54, 72, 48.65, 1, 7933
36692, 26251, 71.54, 72, 48.65, 1, 7933
36693, 26252, 71.54, 72, 48.65, 1, 7933
36694, 26253, 71.55, 72, 48.65, 1, 7933
36695, 26254, 71.55, 72, 48.65, 1, 7933
36696, 26255, 71.55, 72, 48.65, 1, 7933
36697, 26256, 71.55, 72, 48.65, 1, 7933
36698, 26257, 71.55, 72, 48.65, 1, 7933
36699, 26258, 71.55, 72, 48.65, 1, 7933
36700, 26259, 71.55, 72, 48.65, 1, 7933
36701, 26260, 71.55, 72, 48.65, 1, 7933
36702, 26260, 71.55, 72, 48.65, 1, 7934
36703, 26261, 71.55, 72, 48.65, 1, 7934
36704, 26262, 71.55, 72, 48.65, 1, 7934
36705, 26262, 71.55, 72, 48.65, 1, 7935
36706, 26263, 71.55, 72, 48.65, 1, 7935
36707, 26263, 71.55, 72, 48.65, 1, 7936
36708, 26263, 71.55, 72, 48.65, 1, 7937
36709, 26264, 71.55, 72, 48.65, 1, 7937
36710, 26265, 71.55, 72, 48.65, 1, 7937
36711, 26266, 71.55, 72, 48.65, 1, 7937
36712, 26267, 71.55, 72, 48.65, 1, 7937
36713, 26268, 71.55, 72, 48.65, 1, 7937
36714, 26269, 71.55, 72, 48.65, 1, 7937
36715, 26270, 71.55, 72, 48.65, 1, 7937
36716, 26271, 71.55, 72, 48.65, 1, 7937
36717, 26272, 71.55, 72, 48.65, 1, 7937
36718, 26272, 71.55, 72, 48.65, 1, 7937
36719, 26272, 71.55, 72, 48.65, 1, 7937
36720, 26273, 71.55, 72, 48.65, 1, 7937
36721, 26274, 71.55, 72, 48.65, 1, 7937
